Begin abalation study
num distinct structures: 2365
Experiment run 0
dataset: Cora
num_mp_layers: 3
num_fl_layers: 2
mp_hidden_dim: 250
fl_hidden_dim: 512
epsilon: 1.118033988749895
optimizer_lr: 0.01
loss_func: CrossEntropyLoss
total_epoch: 400
Epoch: 50, Loss: 1.4393, Train: 46.43%, Valid: 30.00%, Test: 31.60%, Best Valid: 43.00%, Best Test: 43.70%
Epoch: 100, Loss: 0.0001, Train: 100.00%, Valid: 69.60%, Test: 65.80%, Best Valid: 70.40%, Best Test: 69.50%
Epoch: 150, Loss: 0.0000, Train: 100.00%, Valid: 70.00%, Test: 66.00%, Best Valid: 70.40%, Best Test: 69.50%
Epoch: 200, Loss: 0.0000, Train: 100.00%, Valid: 69.80%, Test: 65.90%, Best Valid: 70.40%, Best Test: 69.50%
Epoch: 250, Loss: 0.0000, Train: 100.00%, Valid: 69.80%, Test: 66.00%, Best Valid: 70.40%, Best Test: 69.50%
Epoch: 300, Loss: 0.0000, Train: 100.00%, Valid: 69.80%, Test: 66.20%, Best Valid: 70.40%, Best Test: 69.50%
Epoch: 350, Loss: 0.0000, Train: 100.00%, Valid: 69.80%, Test: 66.60%, Best Valid: 70.40%, Best Test: 69.50%
train_accuracy_list: [0.14285714285714285, 0.14285714285714285, 0.14285714285714285, 0.14285714285714285, 0.14285714285714285, 0.14285714285714285, 0.14285714285714285, 0.14285714285714285, 0.14285714285714285, 0.14285714285714285, 0.14285714285714285, 0.14285714285714285, 0.14285714285714285, 0.14285714285714285, 0.14285714285714285, 0.14285714285714285, 0.14285714285714285, 0.14285714285714285, 0.14285714285714285, 0.14285714285714285, 0.14285714285714285, 0.14285714285714285, 0.14285714285714285, 0.14285714285714285, 0.14285714285714285, 0.14285714285714285, 0.14285714285714285, 0.15, 0.2, 0.16428571428571428, 0.17142857142857143, 0.17142857142857143, 0.18571428571428572, 0.2, 0.20714285714285716, 0.37142857142857144, 0.21428571428571427, 0.2642857142857143, 0.35714285714285715, 0.2785714285714286, 0.2785714285714286, 0.3357142857142857, 0.40714285714285714, 0.44285714285714284, 0.5142857142857142, 0.6571428571428571, 0.6785714285714286, 0.5071428571428571, 0.4357142857142857, 0.4642857142857143, 0.6071428571428571, 0.6857142857142857, 0.6928571428571428, 0.8357142857142857, 0.8, 0.8571428571428571, 0.8928571428571429, 0.8571428571428571, 0.9214285714285714, 0.9428571428571428, 0.95, 0.9428571428571428, 0.9571428571428572, 1.0, 0.9785714285714285, 0.9928571428571429, 0.9857142857142858, 1.0, 0.9928571428571429, 0.9928571428571429, 1.0, 1.0, 1.0, 1.0, 1.0, 1.0, 1.0, 1.0, 1.0, 1.0, 1.0, 1.0, 1.0, 1.0, 1.0, 1.0, 1.0, 1.0, 1.0, 1.0, 1.0, 1.0, 1.0, 1.0, 1.0, 1.0, 1.0, 1.0, 1.0, 1.0, 1.0, 1.0, 1.0, 1.0, 1.0, 1.0, 1.0, 1.0, 1.0, 1.0, 1.0, 1.0, 1.0, 1.0, 1.0, 1.0, 1.0, 1.0, 1.0, 1.0, 1.0, 1.0, 1.0, 1.0, 1.0, 1.0, 1.0, 1.0, 1.0, 1.0, 1.0, 1.0, 1.0, 1.0, 1.0, 1.0, 1.0, 1.0, 1.0, 1.0, 1.0, 1.0, 1.0, 1.0, 1.0, 1.0, 1.0, 1.0, 1.0, 1.0, 1.0, 1.0, 1.0, 1.0, 1.0, 1.0, 1.0, 1.0, 1.0, 1.0, 1.0, 1.0, 1.0, 1.0, 1.0, 1.0, 1.0, 1.0, 1.0, 1.0, 1.0, 1.0, 1.0, 1.0, 1.0, 1.0, 1.0, 1.0, 1.0, 1.0, 1.0, 1.0, 1.0, 1.0, 1.0, 1.0, 1.0, 1.0, 1.0, 1.0, 1.0, 1.0, 1.0, 1.0, 1.0, 1.0, 1.0, 1.0, 1.0, 1.0, 1.0, 1.0, 1.0, 1.0, 1.0, 1.0, 1.0, 1.0, 1.0, 1.0, 1.0, 1.0, 1.0, 1.0, 1.0, 1.0, 1.0, 1.0, 1.0, 1.0, 1.0, 1.0, 1.0, 1.0, 1.0, 1.0, 1.0, 1.0, 1.0, 1.0, 1.0, 1.0, 1.0, 1.0, 1.0, 1.0, 1.0, 1.0, 1.0, 1.0, 1.0, 1.0, 1.0, 1.0, 1.0, 1.0, 1.0, 1.0, 1.0, 1.0, 1.0, 1.0, 1.0, 1.0, 1.0, 1.0, 1.0, 1.0, 1.0, 1.0, 1.0, 1.0, 1.0, 1.0, 1.0, 1.0, 1.0, 1.0, 1.0, 1.0, 1.0, 1.0, 1.0, 1.0, 1.0, 1.0, 1.0, 1.0, 1.0, 1.0, 1.0, 1.0, 1.0, 1.0, 1.0, 1.0, 1.0, 1.0, 1.0, 1.0, 1.0, 1.0, 1.0, 1.0, 1.0, 1.0, 1.0, 1.0, 1.0, 1.0, 1.0, 1.0, 1.0, 1.0, 1.0, 1.0, 1.0, 1.0, 1.0, 1.0, 1.0, 1.0, 1.0, 1.0, 1.0, 1.0, 1.0, 1.0, 1.0, 1.0, 1.0, 1.0, 1.0, 1.0, 1.0, 1.0, 1.0, 1.0, 1.0, 1.0, 1.0, 1.0, 1.0, 1.0, 1.0, 1.0, 1.0, 1.0, 1.0, 1.0, 1.0, 1.0, 1.0, 1.0, 1.0, 1.0, 1.0, 1.0, 1.0, 1.0, 1.0, 1.0, 1.0, 1.0, 1.0, 1.0, 1.0, 1.0, 1.0, 1.0, 1.0, 1.0, 1.0, 1.0, 1.0, 1.0, 1.0, 1.0, 1.0, 1.0, 1.0, 1.0, 1.0, 1.0, 1.0, 1.0, 1.0, 1.0, 1.0, 1.0, 1.0, 1.0, 1.0, 1.0, 1.0, 1.0, 1.0, 1.0, 1.0, 1.0, 1.0, 1.0, 1.0, 1.0, 1.0, 1.0, 1.0, 1.0, 1.0]
valid_accuracy_list: [0.316, 0.316, 0.316, 0.122, 0.162, 0.058, 0.316, 0.072, 0.122, 0.122, 0.156, 0.156, 0.156, 0.158, 0.162, 0.162, 0.162, 0.162, 0.162, 0.162, 0.162, 0.162, 0.162, 0.162, 0.114, 0.114, 0.114, 0.114, 0.108, 0.158, 0.162, 0.164, 0.164, 0.17, 0.204, 0.262, 0.164, 0.176, 0.228, 0.162, 0.158, 0.196, 0.258, 0.25, 0.268, 0.364, 0.43, 0.33, 0.282, 0.3, 0.422, 0.46, 0.506, 0.62, 0.576, 0.542, 0.64, 0.546, 0.634, 0.634, 0.624, 0.678, 0.676, 0.672, 0.652, 0.696, 0.696, 0.704, 0.654, 0.652, 0.672, 0.682, 0.696, 0.692, 0.688, 0.678, 0.666, 0.672, 0.674, 0.694, 0.7, 0.7, 0.702, 0.702, 0.7, 0.698, 0.7, 0.698, 0.696, 0.7, 0.702, 0.698, 0.69, 0.69, 0.688, 0.69, 0.694, 0.696, 0.696, 0.696, 0.696, 0.696, 0.696, 0.694, 0.696, 0.696, 0.698, 0.696, 0.696, 0.696, 0.696, 0.696, 0.696, 0.696, 0.696, 0.696, 0.696, 0.696, 0.696, 0.696, 0.694, 0.694, 0.694, 0.694, 0.694, 0.694, 0.694, 0.694, 0.696, 0.696, 0.696, 0.696, 0.698, 0.698, 0.698, 0.7, 0.7, 0.698, 0.696, 0.696, 0.696, 0.698, 0.7, 0.7, 0.7, 0.7, 0.7, 0.7, 0.7, 0.7, 0.7, 0.7, 0.7, 0.7, 0.698, 0.698, 0.698, 0.698, 0.698, 0.698, 0.698, 0.698, 0.698, 0.698, 0.698, 0.698, 0.7, 0.698, 0.698, 0.698, 0.698, 0.698, 0.698, 0.698, 0.698, 0.698, 0.698, 0.698, 0.698, 0.698, 0.698, 0.698, 0.698, 0.698, 0.698, 0.698, 0.698, 0.698, 0.698, 0.698, 0.698, 0.698, 0.698, 0.698, 0.698, 0.698, 0.698, 0.698, 0.698, 0.698, 0.698, 0.698, 0.698, 0.696, 0.696, 0.696, 0.696, 0.696, 0.698, 0.698, 0.698, 0.698, 0.698, 0.698, 0.7, 0.7, 0.7, 0.698, 0.698, 0.698, 0.698, 0.698, 0.698, 0.698, 0.698, 0.698, 0.698, 0.698, 0.698, 0.698, 0.698, 0.698, 0.698, 0.698, 0.698, 0.698, 0.698, 0.698, 0.698, 0.698, 0.698, 0.698, 0.698, 0.698, 0.698, 0.698, 0.698, 0.698, 0.698, 0.698, 0.698, 0.698, 0.698, 0.698, 0.698, 0.698, 0.698, 0.698, 0.698, 0.698, 0.698, 0.698, 0.698, 0.698, 0.698, 0.698, 0.698, 0.698, 0.698, 0.698, 0.698, 0.698, 0.698, 0.698, 0.698, 0.698, 0.698, 0.698, 0.698, 0.698, 0.698, 0.698, 0.698, 0.698, 0.698, 0.698, 0.698, 0.698, 0.698, 0.698, 0.698, 0.698, 0.698, 0.698, 0.698, 0.698, 0.698, 0.698, 0.698, 0.698, 0.698, 0.698, 0.698, 0.698, 0.698, 0.698, 0.698, 0.698, 0.698, 0.698, 0.698, 0.698, 0.698, 0.698, 0.698, 0.698, 0.698, 0.698, 0.698, 0.698, 0.698, 0.698, 0.698, 0.698, 0.698, 0.698, 0.698, 0.698, 0.698, 0.698, 0.698, 0.698, 0.698, 0.698, 0.698, 0.698, 0.698, 0.698, 0.698, 0.698, 0.698, 0.698, 0.698, 0.698, 0.698, 0.698, 0.698, 0.698, 0.698, 0.698, 0.698, 0.698, 0.698, 0.698, 0.698, 0.698, 0.698, 0.698, 0.698, 0.698, 0.698, 0.698, 0.698, 0.698, 0.698, 0.698, 0.698, 0.698, 0.698, 0.698, 0.698, 0.698, 0.696, 0.696, 0.696, 0.696, 0.696, 0.696, 0.696, 0.696, 0.696, 0.696, 0.696, 0.696, 0.696, 0.696, 0.696, 0.696, 0.696, 0.696, 0.696, 0.696, 0.696, 0.696, 0.696, 0.696, 0.696, 0.696, 0.696]
test_accuracy_list: [0.319, 0.319, 0.319, 0.13, 0.149, 0.064, 0.319, 0.091, 0.13, 0.13, 0.144, 0.144, 0.144, 0.145, 0.149, 0.149, 0.149, 0.149, 0.149, 0.149, 0.149, 0.149, 0.149, 0.149, 0.103, 0.103, 0.103, 0.103, 0.131, 0.148, 0.148, 0.149, 0.152, 0.155, 0.173, 0.246, 0.161, 0.168, 0.213, 0.162, 0.153, 0.185, 0.246, 0.266, 0.307, 0.416, 0.437, 0.329, 0.289, 0.316, 0.431, 0.454, 0.515, 0.597, 0.575, 0.562, 0.639, 0.545, 0.622, 0.631, 0.619, 0.651, 0.67, 0.649, 0.623, 0.678, 0.695, 0.685, 0.656, 0.642, 0.654, 0.668, 0.67, 0.679, 0.67, 0.659, 0.658, 0.656, 0.652, 0.658, 0.661, 0.662, 0.665, 0.669, 0.673, 0.673, 0.674, 0.674, 0.674, 0.668, 0.662, 0.659, 0.658, 0.656, 0.652, 0.654, 0.653, 0.655, 0.655, 0.658, 0.659, 0.659, 0.662, 0.663, 0.662, 0.661, 0.66, 0.66, 0.66, 0.66, 0.659, 0.658, 0.66, 0.659, 0.66, 0.66, 0.661, 0.661, 0.661, 0.66, 0.659, 0.657, 0.658, 0.658, 0.658, 0.657, 0.657, 0.656, 0.657, 0.657, 0.658, 0.658, 0.658, 0.659, 0.659, 0.659, 0.659, 0.659, 0.658, 0.659, 0.66, 0.66, 0.66, 0.66, 0.66, 0.66, 0.66, 0.66, 0.66, 0.66, 0.659, 0.659, 0.658, 0.658, 0.658, 0.657, 0.657, 0.658, 0.658, 0.659, 0.658, 0.658, 0.658, 0.658, 0.658, 0.658, 0.657, 0.657, 0.657, 0.657, 0.657, 0.658, 0.658, 0.658, 0.658, 0.658, 0.658, 0.658, 0.658, 0.658, 0.658, 0.658, 0.658, 0.658, 0.658, 0.658, 0.658, 0.658, 0.658, 0.658, 0.658, 0.658, 0.658, 0.659, 0.659, 0.659, 0.659, 0.659, 0.659, 0.659, 0.659, 0.659, 0.659, 0.659, 0.659, 0.659, 0.659, 0.659, 0.659, 0.66, 0.66, 0.66, 0.66, 0.66, 0.66, 0.66, 0.66, 0.66, 0.66, 0.66, 0.66, 0.66, 0.66, 0.66, 0.66, 0.66, 0.66, 0.66, 0.66, 0.66, 0.66, 0.66, 0.66, 0.66, 0.66, 0.661, 0.661, 0.661, 0.661, 0.661, 0.661, 0.661, 0.661, 0.661, 0.661, 0.66, 0.66, 0.66, 0.66, 0.66, 0.66, 0.66, 0.66, 0.66, 0.66, 0.66, 0.661, 0.661, 0.661, 0.662, 0.662, 0.662, 0.662, 0.662, 0.662, 0.662, 0.662, 0.662, 0.662, 0.662, 0.662, 0.662, 0.663, 0.663, 0.663, 0.663, 0.663, 0.663, 0.663, 0.663, 0.663, 0.663, 0.663, 0.663, 0.662, 0.662, 0.662, 0.662, 0.662, 0.662, 0.662, 0.662, 0.662, 0.662, 0.662, 0.662, 0.662, 0.662, 0.662, 0.662, 0.662, 0.662, 0.662, 0.662, 0.662, 0.662, 0.662, 0.662, 0.662, 0.662, 0.662, 0.662, 0.662, 0.662, 0.662, 0.663, 0.663, 0.663, 0.663, 0.663, 0.663, 0.663, 0.664, 0.664, 0.664, 0.664, 0.664, 0.664, 0.664, 0.664, 0.664, 0.663, 0.663, 0.663, 0.663, 0.663, 0.663, 0.663, 0.663, 0.663, 0.663, 0.663, 0.664, 0.665, 0.665, 0.665, 0.665, 0.665, 0.666, 0.666, 0.666, 0.666, 0.666, 0.666, 0.666, 0.666, 0.666, 0.666, 0.666, 0.666, 0.666, 0.666, 0.666, 0.666, 0.666, 0.666, 0.666, 0.666, 0.666, 0.666, 0.666, 0.666, 0.666, 0.666, 0.666, 0.666, 0.666, 0.666, 0.666, 0.666, 0.666, 0.666, 0.666, 0.666, 0.666, 0.666, 0.666, 0.666, 0.667, 0.667, 0.667, 0.667, 0.667, 0.667, 0.667, 0.667, 0.667, 0.667, 0.667]
best validation: 0.704
best test: 0.695
num distinct structures: 2365
Experiment run 1
dataset: Cora
num_mp_layers: 3
num_fl_layers: 2
mp_hidden_dim: 500
fl_hidden_dim: 512
epsilon: 1.118033988749895
optimizer_lr: 0.01
loss_func: CrossEntropyLoss
total_epoch: 400
Epoch: 50, Loss: 1.3071, Train: 41.43%, Valid: 33.60%, Test: 35.00%, Best Valid: 48.80%, Best Test: 48.70%
Epoch: 100, Loss: 0.0003, Train: 100.00%, Valid: 66.80%, Test: 68.90%, Best Valid: 67.80%, Best Test: 70.30%
Epoch: 150, Loss: 0.0000, Train: 100.00%, Valid: 68.00%, Test: 70.60%, Best Valid: 68.20%, Best Test: 70.80%
Epoch: 200, Loss: 0.0000, Train: 100.00%, Valid: 68.60%, Test: 71.20%, Best Valid: 68.60%, Best Test: 71.20%
Epoch: 250, Loss: 0.0000, Train: 100.00%, Valid: 67.80%, Test: 71.00%, Best Valid: 68.60%, Best Test: 71.20%
Epoch: 300, Loss: 0.0000, Train: 100.00%, Valid: 68.20%, Test: 70.40%, Best Valid: 68.60%, Best Test: 71.20%
Epoch: 350, Loss: 0.0000, Train: 100.00%, Valid: 68.20%, Test: 70.40%, Best Valid: 68.60%, Best Test: 71.20%
train_accuracy_list: [0.14285714285714285, 0.14285714285714285, 0.14285714285714285, 0.17142857142857143, 0.14285714285714285, 0.14285714285714285, 0.14285714285714285, 0.14285714285714285, 0.14285714285714285, 0.14285714285714285, 0.14285714285714285, 0.14285714285714285, 0.14285714285714285, 0.14285714285714285, 0.14285714285714285, 0.14285714285714285, 0.14285714285714285, 0.14285714285714285, 0.15, 0.14285714285714285, 0.14285714285714285, 0.14285714285714285, 0.14285714285714285, 0.14285714285714285, 0.14285714285714285, 0.14285714285714285, 0.14285714285714285, 0.17857142857142858, 0.14285714285714285, 0.14285714285714285, 0.14285714285714285, 0.14285714285714285, 0.15, 0.19285714285714287, 0.24285714285714285, 0.2, 0.18571428571428572, 0.2357142857142857, 0.2714285714285714, 0.2571428571428571, 0.2642857142857143, 0.2785714285714286, 0.29285714285714287, 0.4, 0.6428571428571429, 0.5357142857142857, 0.5071428571428571, 0.4857142857142857, 0.4357142857142857, 0.4142857142857143, 0.5, 0.6714285714285714, 0.8285714285714286, 0.8428571428571429, 0.8928571428571429, 0.8928571428571429, 0.8571428571428571, 0.85, 0.8857142857142857, 0.9357142857142857, 0.9571428571428572, 0.95, 0.95, 0.9714285714285714, 0.9714285714285714, 0.9785714285714285, 0.9928571428571429, 0.9785714285714285, 0.9785714285714285, 0.9928571428571429, 1.0, 0.9928571428571429, 0.9928571428571429, 0.9928571428571429, 1.0, 1.0, 1.0, 1.0, 1.0, 1.0, 1.0, 1.0, 1.0, 1.0, 1.0, 1.0, 1.0, 1.0, 1.0, 1.0, 1.0, 1.0, 1.0, 1.0, 1.0, 1.0, 1.0, 1.0, 1.0, 1.0, 1.0, 1.0, 1.0, 1.0, 1.0, 1.0, 1.0, 1.0, 1.0, 1.0, 1.0, 1.0, 1.0, 1.0, 1.0, 1.0, 1.0, 1.0, 1.0, 1.0, 1.0, 1.0, 1.0, 1.0, 1.0, 1.0, 1.0, 1.0, 1.0, 1.0, 1.0, 1.0, 1.0, 1.0, 1.0, 1.0, 1.0, 1.0, 1.0, 1.0, 1.0, 1.0, 1.0, 1.0, 1.0, 1.0, 1.0, 1.0, 1.0, 1.0, 1.0, 1.0, 1.0, 1.0, 1.0, 1.0, 1.0, 1.0, 1.0, 1.0, 1.0, 1.0, 1.0, 1.0, 1.0, 1.0, 1.0, 1.0, 1.0, 1.0, 1.0, 1.0, 1.0, 1.0, 1.0, 1.0, 1.0, 1.0, 1.0, 1.0, 1.0, 1.0, 1.0, 1.0, 1.0, 1.0, 1.0, 1.0, 1.0, 1.0, 1.0, 1.0, 1.0, 1.0, 1.0, 1.0, 1.0, 1.0, 1.0, 1.0, 1.0, 1.0, 1.0, 1.0, 1.0, 1.0, 1.0, 1.0, 1.0, 1.0, 1.0, 1.0, 1.0, 1.0, 1.0, 1.0, 1.0, 1.0, 1.0, 1.0, 1.0, 1.0, 1.0, 1.0, 1.0, 1.0, 1.0, 1.0, 1.0, 1.0, 1.0, 1.0, 1.0, 1.0, 1.0, 1.0, 1.0, 1.0, 1.0, 1.0, 1.0, 1.0, 1.0, 1.0, 1.0, 1.0, 1.0, 1.0, 1.0, 1.0, 1.0, 1.0, 1.0, 1.0, 1.0, 1.0, 1.0, 1.0, 1.0, 1.0, 1.0, 1.0, 1.0, 1.0, 1.0, 1.0, 1.0, 1.0, 1.0, 1.0, 1.0, 1.0, 1.0, 1.0, 1.0, 1.0, 1.0, 1.0, 1.0, 1.0, 1.0, 1.0, 1.0, 1.0, 1.0, 1.0, 1.0, 1.0, 1.0, 1.0, 1.0, 1.0, 1.0, 1.0, 1.0, 1.0, 1.0, 1.0, 1.0, 1.0, 1.0, 1.0, 1.0, 1.0, 1.0, 1.0, 1.0, 1.0, 1.0, 1.0, 1.0, 1.0, 1.0, 1.0, 1.0, 1.0, 1.0, 1.0, 1.0, 1.0, 1.0, 1.0, 1.0, 1.0, 1.0, 1.0, 1.0, 1.0, 1.0, 1.0, 1.0, 1.0, 1.0, 1.0, 1.0, 1.0, 1.0, 1.0, 1.0, 1.0, 1.0, 1.0, 1.0, 1.0, 1.0, 1.0, 1.0, 1.0, 1.0, 1.0, 1.0, 1.0, 1.0, 1.0, 1.0, 1.0, 1.0, 1.0, 1.0, 1.0, 1.0, 1.0, 1.0, 1.0, 1.0, 1.0, 1.0, 1.0, 1.0, 1.0, 1.0, 1.0, 1.0, 1.0, 1.0, 1.0, 1.0, 1.0, 1.0, 1.0, 1.0, 1.0, 1.0, 1.0, 1.0, 1.0, 1.0, 1.0, 1.0, 1.0, 1.0, 1.0, 1.0, 1.0, 1.0, 1.0, 1.0, 1.0, 1.0]
valid_accuracy_list: [0.122, 0.156, 0.156, 0.096, 0.058, 0.122, 0.162, 0.072, 0.156, 0.156, 0.156, 0.316, 0.316, 0.316, 0.316, 0.316, 0.316, 0.316, 0.164, 0.162, 0.162, 0.162, 0.162, 0.122, 0.122, 0.122, 0.12, 0.078, 0.156, 0.156, 0.156, 0.156, 0.158, 0.332, 0.316, 0.104, 0.072, 0.132, 0.188, 0.176, 0.178, 0.198, 0.172, 0.176, 0.378, 0.488, 0.48, 0.446, 0.366, 0.336, 0.332, 0.36, 0.434, 0.42, 0.46, 0.554, 0.504, 0.558, 0.462, 0.502, 0.598, 0.58, 0.538, 0.57, 0.602, 0.608, 0.59, 0.626, 0.634, 0.614, 0.6, 0.604, 0.634, 0.644, 0.646, 0.644, 0.646, 0.646, 0.668, 0.666, 0.656, 0.658, 0.652, 0.648, 0.648, 0.65, 0.654, 0.658, 0.662, 0.662, 0.666, 0.672, 0.676, 0.678, 0.674, 0.668, 0.668, 0.668, 0.664, 0.668, 0.67, 0.67, 0.676, 0.676, 0.676, 0.676, 0.674, 0.674, 0.674, 0.672, 0.672, 0.672, 0.672, 0.672, 0.672, 0.672, 0.67, 0.676, 0.676, 0.674, 0.676, 0.674, 0.674, 0.674, 0.676, 0.682, 0.682, 0.678, 0.678, 0.68, 0.68, 0.68, 0.68, 0.682, 0.68, 0.676, 0.676, 0.676, 0.678, 0.678, 0.676, 0.676, 0.676, 0.676, 0.676, 0.676, 0.68, 0.68, 0.68, 0.68, 0.682, 0.682, 0.684, 0.684, 0.684, 0.684, 0.686, 0.686, 0.686, 0.686, 0.686, 0.686, 0.684, 0.684, 0.684, 0.684, 0.684, 0.684, 0.684, 0.684, 0.684, 0.684, 0.684, 0.684, 0.686, 0.686, 0.686, 0.686, 0.686, 0.686, 0.686, 0.686, 0.686, 0.686, 0.686, 0.686, 0.686, 0.686, 0.686, 0.686, 0.684, 0.686, 0.686, 0.686, 0.686, 0.686, 0.686, 0.686, 0.686, 0.686, 0.686, 0.686, 0.686, 0.686, 0.686, 0.686, 0.686, 0.686, 0.686, 0.686, 0.686, 0.686, 0.686, 0.686, 0.686, 0.686, 0.686, 0.686, 0.684, 0.684, 0.684, 0.684, 0.684, 0.684, 0.684, 0.684, 0.684, 0.684, 0.684, 0.684, 0.682, 0.682, 0.682, 0.682, 0.682, 0.682, 0.682, 0.682, 0.68, 0.68, 0.68, 0.68, 0.68, 0.68, 0.68, 0.678, 0.678, 0.678, 0.678, 0.678, 0.678, 0.678, 0.678, 0.678, 0.678, 0.678, 0.678, 0.678, 0.678, 0.678, 0.678, 0.678, 0.678, 0.678, 0.68, 0.682, 0.682, 0.682, 0.682, 0.682, 0.682, 0.682, 0.682, 0.684, 0.684, 0.684, 0.684, 0.684, 0.684, 0.684, 0.684, 0.684, 0.684, 0.684, 0.684, 0.684, 0.684, 0.684, 0.684, 0.684, 0.684, 0.684, 0.684, 0.684, 0.684, 0.684, 0.684, 0.684, 0.682, 0.682, 0.682, 0.682, 0.682, 0.682, 0.682, 0.682, 0.682, 0.682, 0.682, 0.682, 0.682, 0.682, 0.682, 0.682, 0.682, 0.682, 0.682, 0.682, 0.682, 0.682, 0.682, 0.682, 0.682, 0.682, 0.682, 0.682, 0.682, 0.682, 0.682, 0.682, 0.682, 0.682, 0.682, 0.682, 0.682, 0.682, 0.682, 0.682, 0.682, 0.682, 0.682, 0.682, 0.682, 0.682, 0.682, 0.682, 0.682, 0.682, 0.682, 0.682, 0.682, 0.682, 0.682, 0.682, 0.682, 0.682, 0.682, 0.682, 0.682, 0.682, 0.682, 0.682, 0.682, 0.682, 0.682, 0.682, 0.682, 0.682, 0.682, 0.682, 0.682, 0.682, 0.682, 0.682, 0.682, 0.682, 0.682, 0.682, 0.682, 0.682, 0.682, 0.682, 0.682, 0.682, 0.682, 0.682, 0.682, 0.682, 0.682, 0.682, 0.682, 0.682, 0.682, 0.682, 0.682, 0.682, 0.682, 0.68, 0.68]
test_accuracy_list: [0.13, 0.144, 0.144, 0.104, 0.064, 0.13, 0.149, 0.091, 0.144, 0.144, 0.144, 0.319, 0.319, 0.319, 0.319, 0.319, 0.319, 0.319, 0.149, 0.149, 0.149, 0.149, 0.149, 0.13, 0.13, 0.13, 0.133, 0.082, 0.144, 0.144, 0.144, 0.144, 0.144, 0.337, 0.332, 0.112, 0.084, 0.126, 0.169, 0.167, 0.174, 0.177, 0.164, 0.194, 0.388, 0.487, 0.459, 0.442, 0.395, 0.35, 0.353, 0.406, 0.439, 0.423, 0.478, 0.583, 0.507, 0.569, 0.485, 0.53, 0.632, 0.604, 0.562, 0.619, 0.644, 0.625, 0.605, 0.646, 0.667, 0.649, 0.631, 0.64, 0.674, 0.674, 0.674, 0.667, 0.668, 0.675, 0.678, 0.683, 0.68, 0.685, 0.682, 0.676, 0.676, 0.679, 0.686, 0.691, 0.698, 0.702, 0.703, 0.7, 0.696, 0.69, 0.686, 0.685, 0.683, 0.682, 0.684, 0.689, 0.692, 0.694, 0.695, 0.696, 0.698, 0.7, 0.7, 0.698, 0.698, 0.698, 0.699, 0.699, 0.701, 0.701, 0.7, 0.699, 0.697, 0.696, 0.696, 0.697, 0.699, 0.698, 0.698, 0.697, 0.697, 0.697, 0.696, 0.696, 0.697, 0.696, 0.695, 0.7, 0.701, 0.702, 0.701, 0.701, 0.702, 0.704, 0.704, 0.704, 0.705, 0.705, 0.706, 0.705, 0.704, 0.704, 0.705, 0.708, 0.707, 0.706, 0.706, 0.707, 0.707, 0.707, 0.707, 0.707, 0.707, 0.709, 0.709, 0.709, 0.71, 0.709, 0.709, 0.709, 0.71, 0.71, 0.71, 0.711, 0.712, 0.712, 0.712, 0.712, 0.712, 0.71, 0.71, 0.71, 0.71, 0.71, 0.711, 0.711, 0.71, 0.711, 0.711, 0.711, 0.711, 0.711, 0.711, 0.711, 0.711, 0.712, 0.712, 0.712, 0.712, 0.712, 0.712, 0.712, 0.712, 0.712, 0.712, 0.712, 0.712, 0.712, 0.712, 0.712, 0.712, 0.712, 0.712, 0.712, 0.712, 0.712, 0.711, 0.711, 0.711, 0.711, 0.711, 0.711, 0.711, 0.712, 0.712, 0.712, 0.712, 0.712, 0.712, 0.712, 0.712, 0.712, 0.712, 0.712, 0.712, 0.712, 0.712, 0.711, 0.711, 0.71, 0.71, 0.71, 0.71, 0.71, 0.71, 0.71, 0.71, 0.71, 0.711, 0.71, 0.71, 0.709, 0.709, 0.709, 0.71, 0.71, 0.709, 0.709, 0.709, 0.709, 0.709, 0.709, 0.709, 0.709, 0.708, 0.707, 0.707, 0.707, 0.707, 0.707, 0.707, 0.707, 0.707, 0.707, 0.707, 0.707, 0.706, 0.706, 0.706, 0.706, 0.706, 0.705, 0.705, 0.705, 0.705, 0.705, 0.705, 0.705, 0.705, 0.705, 0.705, 0.705, 0.705, 0.705, 0.705, 0.705, 0.705, 0.705, 0.705, 0.704, 0.704, 0.704, 0.704, 0.704, 0.704, 0.704, 0.704, 0.704, 0.704, 0.704, 0.703, 0.703, 0.703, 0.703, 0.703, 0.703, 0.703, 0.703, 0.703, 0.703, 0.703, 0.703, 0.703, 0.703, 0.703, 0.703, 0.703, 0.703, 0.703, 0.703, 0.703, 0.703, 0.703, 0.703, 0.703, 0.703, 0.704, 0.704, 0.704, 0.704, 0.704, 0.705, 0.705, 0.705, 0.704, 0.704, 0.704, 0.704, 0.704, 0.704, 0.704, 0.704, 0.704, 0.704, 0.704, 0.704, 0.704, 0.704, 0.704, 0.704, 0.704, 0.704, 0.704, 0.704, 0.704, 0.704, 0.704, 0.703, 0.703, 0.703, 0.703, 0.703, 0.702, 0.702, 0.702, 0.702, 0.702, 0.702, 0.702, 0.703, 0.703, 0.703, 0.703, 0.703, 0.703, 0.703, 0.703, 0.703, 0.703, 0.703, 0.703, 0.703, 0.703, 0.703, 0.703, 0.703, 0.703, 0.703, 0.703, 0.703, 0.703, 0.703, 0.703, 0.703, 0.703]
best validation: 0.686
best test: 0.712
num distinct structures: 2365
Experiment run 2
dataset: Cora
num_mp_layers: 3
num_fl_layers: 2
mp_hidden_dim: 750
fl_hidden_dim: 512
epsilon: 1.118033988749895
optimizer_lr: 0.01
loss_func: CrossEntropyLoss
total_epoch: 400
Epoch: 50, Loss: 0.9909, Train: 75.00%, Valid: 47.40%, Test: 49.70%, Best Valid: 52.40%, Best Test: 52.30%
Epoch: 100, Loss: 0.0002, Train: 100.00%, Valid: 65.80%, Test: 64.10%, Best Valid: 65.80%, Best Test: 64.90%
Epoch: 150, Loss: 0.0000, Train: 100.00%, Valid: 65.20%, Test: 62.90%, Best Valid: 65.80%, Best Test: 64.90%
Epoch: 200, Loss: 0.0000, Train: 100.00%, Valid: 65.60%, Test: 62.90%, Best Valid: 65.80%, Best Test: 64.90%
Epoch: 250, Loss: 0.0000, Train: 100.00%, Valid: 65.60%, Test: 62.90%, Best Valid: 65.80%, Best Test: 64.90%
Epoch: 300, Loss: 0.0000, Train: 100.00%, Valid: 65.80%, Test: 62.90%, Best Valid: 65.80%, Best Test: 64.90%
Epoch: 350, Loss: 0.0000, Train: 100.00%, Valid: 65.80%, Test: 62.90%, Best Valid: 65.80%, Best Test: 64.90%
train_accuracy_list: [0.14285714285714285, 0.14285714285714285, 0.14285714285714285, 0.14285714285714285, 0.14285714285714285, 0.14285714285714285, 0.14285714285714285, 0.14285714285714285, 0.14285714285714285, 0.14285714285714285, 0.14285714285714285, 0.14285714285714285, 0.14285714285714285, 0.14285714285714285, 0.14285714285714285, 0.14285714285714285, 0.14285714285714285, 0.14285714285714285, 0.14285714285714285, 0.14285714285714285, 0.14285714285714285, 0.14285714285714285, 0.14285714285714285, 0.14285714285714285, 0.14285714285714285, 0.18571428571428572, 0.17857142857142858, 0.14285714285714285, 0.14285714285714285, 0.20714285714285716, 0.19285714285714287, 0.19285714285714287, 0.21428571428571427, 0.22142857142857142, 0.22857142857142856, 0.17857142857142858, 0.15, 0.19285714285714287, 0.3, 0.38571428571428573, 0.4357142857142857, 0.4928571428571429, 0.5928571428571429, 0.6285714285714286, 0.6, 0.7, 0.5642857142857143, 0.7071428571428572, 0.75, 0.75, 0.7785714285714286, 0.7571428571428571, 0.8214285714285714, 0.8214285714285714, 0.85, 0.85, 0.85, 0.8642857142857143, 0.8714285714285714, 0.9142857142857143, 0.9285714285714286, 0.9214285714285714, 0.9428571428571428, 0.9714285714285714, 0.9785714285714285, 1.0, 1.0, 1.0, 1.0, 1.0, 1.0, 1.0, 1.0, 1.0, 1.0, 1.0, 1.0, 1.0, 1.0, 1.0, 1.0, 1.0, 1.0, 1.0, 1.0, 1.0, 1.0, 1.0, 1.0, 1.0, 1.0, 1.0, 1.0, 1.0, 1.0, 1.0, 1.0, 1.0, 1.0, 1.0, 1.0, 1.0, 1.0, 1.0, 1.0, 1.0, 1.0, 1.0, 1.0, 1.0, 1.0, 1.0, 1.0, 1.0, 1.0, 1.0, 1.0, 1.0, 1.0, 1.0, 1.0, 1.0, 1.0, 1.0, 1.0, 1.0, 1.0, 1.0, 1.0, 1.0, 1.0, 1.0, 1.0, 1.0, 1.0, 1.0, 1.0, 1.0, 1.0, 1.0, 1.0, 1.0, 1.0, 1.0, 1.0, 1.0, 1.0, 1.0, 1.0, 1.0, 1.0, 1.0, 1.0, 1.0, 1.0, 1.0, 1.0, 1.0, 1.0, 1.0, 1.0, 1.0, 1.0, 1.0, 1.0, 1.0, 1.0, 1.0, 1.0, 1.0, 1.0, 1.0, 1.0, 1.0, 1.0, 1.0, 1.0, 1.0, 1.0, 1.0, 1.0, 1.0, 1.0, 1.0, 1.0, 1.0, 1.0, 1.0, 1.0, 1.0, 1.0, 1.0, 1.0, 1.0, 1.0, 1.0, 1.0, 1.0, 1.0, 1.0, 1.0, 1.0, 1.0, 1.0, 1.0, 1.0, 1.0, 1.0, 1.0, 1.0, 1.0, 1.0, 1.0, 1.0, 1.0, 1.0, 1.0, 1.0, 1.0, 1.0, 1.0, 1.0, 1.0, 1.0, 1.0, 1.0, 1.0, 1.0, 1.0, 1.0, 1.0, 1.0, 1.0, 1.0, 1.0, 1.0, 1.0, 1.0, 1.0, 1.0, 1.0, 1.0, 1.0, 1.0, 1.0, 1.0, 1.0, 1.0, 1.0, 1.0, 1.0, 1.0, 1.0, 1.0, 1.0, 1.0, 1.0, 1.0, 1.0, 1.0, 1.0, 1.0, 1.0, 1.0, 1.0, 1.0, 1.0, 1.0, 1.0, 1.0, 1.0, 1.0, 1.0, 1.0, 1.0, 1.0, 1.0, 1.0, 1.0, 1.0, 1.0, 1.0, 1.0, 1.0, 1.0, 1.0, 1.0, 1.0, 1.0, 1.0, 1.0, 1.0, 1.0, 1.0, 1.0, 1.0, 1.0, 1.0, 1.0, 1.0, 1.0, 1.0, 1.0, 1.0, 1.0, 1.0, 1.0, 1.0, 1.0, 1.0, 1.0, 1.0, 1.0, 1.0, 1.0, 1.0, 1.0, 1.0, 1.0, 1.0, 1.0, 1.0, 1.0, 1.0, 1.0, 1.0, 1.0, 1.0, 1.0, 1.0, 1.0, 1.0, 1.0, 1.0, 1.0, 1.0, 1.0, 1.0, 1.0, 1.0, 1.0, 1.0, 1.0, 1.0, 1.0, 1.0, 1.0, 1.0, 1.0, 1.0, 1.0, 1.0, 1.0, 1.0, 1.0, 1.0, 1.0, 1.0, 1.0, 1.0, 1.0, 1.0, 1.0, 1.0, 1.0, 1.0, 1.0, 1.0, 1.0, 1.0, 1.0, 1.0, 1.0, 1.0, 1.0, 1.0, 1.0, 1.0, 1.0, 1.0, 1.0, 1.0, 1.0, 1.0, 1.0, 1.0, 1.0, 1.0, 1.0, 1.0, 1.0, 1.0, 1.0, 1.0, 1.0, 1.0, 1.0, 1.0, 1.0]
valid_accuracy_list: [0.122, 0.122, 0.122, 0.072, 0.114, 0.316, 0.058, 0.072, 0.122, 0.122, 0.122, 0.122, 0.162, 0.162, 0.162, 0.162, 0.162, 0.162, 0.162, 0.162, 0.164, 0.316, 0.316, 0.058, 0.058, 0.108, 0.16, 0.122, 0.122, 0.138, 0.126, 0.126, 0.138, 0.14, 0.226, 0.17, 0.172, 0.206, 0.31, 0.408, 0.424, 0.49, 0.524, 0.518, 0.49, 0.504, 0.414, 0.472, 0.49, 0.474, 0.468, 0.432, 0.464, 0.482, 0.49, 0.496, 0.534, 0.554, 0.52, 0.514, 0.53, 0.56, 0.582, 0.576, 0.55, 0.59, 0.592, 0.602, 0.624, 0.632, 0.628, 0.626, 0.64, 0.642, 0.634, 0.634, 0.648, 0.652, 0.65, 0.646, 0.632, 0.64, 0.642, 0.642, 0.638, 0.638, 0.64, 0.636, 0.636, 0.634, 0.636, 0.638, 0.642, 0.652, 0.656, 0.656, 0.656, 0.656, 0.656, 0.658, 0.658, 0.658, 0.658, 0.658, 0.658, 0.656, 0.654, 0.652, 0.648, 0.648, 0.648, 0.648, 0.65, 0.65, 0.652, 0.656, 0.656, 0.656, 0.656, 0.656, 0.654, 0.654, 0.654, 0.652, 0.652, 0.65, 0.65, 0.65, 0.65, 0.648, 0.65, 0.652, 0.652, 0.652, 0.652, 0.654, 0.654, 0.654, 0.654, 0.652, 0.652, 0.652, 0.652, 0.652, 0.652, 0.652, 0.652, 0.654, 0.654, 0.652, 0.652, 0.652, 0.652, 0.652, 0.652, 0.652, 0.652, 0.652, 0.652, 0.652, 0.652, 0.652, 0.654, 0.654, 0.654, 0.654, 0.654, 0.654, 0.654, 0.656, 0.656, 0.656, 0.656, 0.656, 0.656, 0.656, 0.656, 0.656, 0.656, 0.656, 0.656, 0.656, 0.656, 0.656, 0.656, 0.656, 0.656, 0.656, 0.656, 0.656, 0.656, 0.656, 0.656, 0.656, 0.656, 0.656, 0.656, 0.656, 0.656, 0.656, 0.656, 0.656, 0.656, 0.656, 0.656, 0.656, 0.656, 0.656, 0.656, 0.656, 0.656, 0.656, 0.656, 0.656, 0.656, 0.656, 0.656, 0.656, 0.656, 0.656, 0.656, 0.656, 0.656, 0.656, 0.656, 0.656, 0.656, 0.656, 0.656, 0.656, 0.656, 0.656, 0.656, 0.654, 0.654, 0.654, 0.654, 0.654, 0.654, 0.654, 0.654, 0.656, 0.656, 0.656, 0.656, 0.656, 0.656, 0.656, 0.656, 0.656, 0.656, 0.656, 0.656, 0.656, 0.656, 0.656, 0.656, 0.656, 0.656, 0.656, 0.656, 0.656, 0.656, 0.656, 0.656, 0.656, 0.656, 0.656, 0.656, 0.656, 0.656, 0.656, 0.656, 0.656, 0.656, 0.656, 0.656, 0.656, 0.656, 0.656, 0.656, 0.656, 0.656, 0.656, 0.656, 0.656, 0.656, 0.656, 0.656, 0.656, 0.658, 0.658, 0.658, 0.658, 0.658, 0.658, 0.658, 0.658, 0.658, 0.658, 0.658, 0.658, 0.658, 0.658, 0.658, 0.658, 0.658, 0.658, 0.658, 0.658, 0.658, 0.658, 0.658, 0.658, 0.658, 0.658, 0.658, 0.658, 0.658, 0.658, 0.658, 0.658, 0.658, 0.658, 0.658, 0.658, 0.658, 0.658, 0.658, 0.658, 0.658, 0.658, 0.658, 0.658, 0.658, 0.658, 0.658, 0.658, 0.658, 0.658, 0.658, 0.658, 0.658, 0.658, 0.658, 0.658, 0.658, 0.658, 0.658, 0.658, 0.658, 0.658, 0.658, 0.658, 0.658, 0.658, 0.658, 0.658, 0.658, 0.658, 0.658, 0.658, 0.658, 0.658, 0.658, 0.658, 0.658, 0.658, 0.658, 0.658, 0.658, 0.658, 0.658, 0.658, 0.658, 0.658, 0.658, 0.658, 0.658, 0.658, 0.658, 0.658, 0.658, 0.658, 0.658, 0.658, 0.658, 0.658, 0.658, 0.658, 0.658, 0.658, 0.658, 0.658, 0.658, 0.658, 0.658, 0.658, 0.658]
test_accuracy_list: [0.13, 0.13, 0.13, 0.091, 0.103, 0.319, 0.064, 0.091, 0.13, 0.13, 0.13, 0.13, 0.149, 0.149, 0.149, 0.149, 0.149, 0.149, 0.149, 0.149, 0.149, 0.319, 0.319, 0.064, 0.064, 0.133, 0.145, 0.13, 0.13, 0.138, 0.121, 0.123, 0.133, 0.155, 0.201, 0.159, 0.156, 0.206, 0.331, 0.412, 0.451, 0.497, 0.521, 0.523, 0.501, 0.51, 0.417, 0.475, 0.496, 0.497, 0.452, 0.427, 0.468, 0.484, 0.483, 0.502, 0.538, 0.542, 0.511, 0.515, 0.536, 0.553, 0.564, 0.577, 0.559, 0.574, 0.592, 0.588, 0.605, 0.612, 0.605, 0.607, 0.63, 0.634, 0.628, 0.623, 0.644, 0.649, 0.643, 0.632, 0.625, 0.626, 0.629, 0.635, 0.64, 0.636, 0.626, 0.618, 0.62, 0.614, 0.614, 0.617, 0.624, 0.633, 0.636, 0.639, 0.639, 0.643, 0.642, 0.641, 0.638, 0.639, 0.638, 0.636, 0.637, 0.633, 0.631, 0.631, 0.63, 0.63, 0.631, 0.633, 0.632, 0.631, 0.632, 0.629, 0.632, 0.632, 0.631, 0.629, 0.629, 0.628, 0.628, 0.628, 0.628, 0.628, 0.626, 0.626, 0.626, 0.627, 0.626, 0.626, 0.627, 0.627, 0.627, 0.627, 0.627, 0.627, 0.626, 0.626, 0.626, 0.626, 0.626, 0.627, 0.627, 0.627, 0.627, 0.627, 0.628, 0.629, 0.629, 0.629, 0.629, 0.629, 0.629, 0.629, 0.63, 0.63, 0.631, 0.631, 0.631, 0.631, 0.631, 0.631, 0.631, 0.631, 0.63, 0.63, 0.63, 0.63, 0.63, 0.63, 0.63, 0.63, 0.63, 0.63, 0.63, 0.63, 0.63, 0.63, 0.63, 0.63, 0.63, 0.63, 0.63, 0.63, 0.629, 0.629, 0.629, 0.629, 0.629, 0.629, 0.629, 0.629, 0.629, 0.629, 0.629, 0.629, 0.629, 0.629, 0.629, 0.629, 0.629, 0.629, 0.629, 0.628, 0.628, 0.628, 0.628, 0.628, 0.628, 0.628, 0.628, 0.628, 0.628, 0.628, 0.628, 0.628, 0.628, 0.628, 0.628, 0.628, 0.628, 0.628, 0.628, 0.628, 0.628, 0.628, 0.628, 0.628, 0.628, 0.629, 0.629, 0.629, 0.629, 0.629, 0.629, 0.629, 0.629, 0.629, 0.629, 0.629, 0.629, 0.629, 0.629, 0.629, 0.629, 0.629, 0.629, 0.629, 0.629, 0.629, 0.629, 0.629, 0.629, 0.629, 0.63, 0.63, 0.63, 0.63, 0.63, 0.63, 0.63, 0.63, 0.629, 0.63, 0.63, 0.63, 0.63, 0.63, 0.63, 0.63, 0.63, 0.629, 0.629, 0.629, 0.629, 0.629, 0.629, 0.629, 0.629, 0.629, 0.629, 0.629, 0.629, 0.629, 0.629, 0.629, 0.629, 0.629, 0.629, 0.629, 0.629, 0.629, 0.629, 0.629, 0.629, 0.629, 0.629, 0.629, 0.629, 0.629, 0.629, 0.629, 0.629, 0.629, 0.629, 0.629, 0.63, 0.63, 0.631, 0.631, 0.631, 0.631, 0.631, 0.631, 0.631, 0.631, 0.631, 0.631, 0.63, 0.63, 0.63, 0.63, 0.63, 0.63, 0.63, 0.63, 0.63, 0.63, 0.63, 0.63, 0.63, 0.63, 0.63, 0.63, 0.63, 0.63, 0.63, 0.63, 0.63, 0.629, 0.629, 0.629, 0.629, 0.629, 0.629, 0.629, 0.629, 0.629, 0.629, 0.629, 0.629, 0.629, 0.629, 0.628, 0.628, 0.628, 0.628, 0.628, 0.628, 0.628, 0.628, 0.628, 0.628, 0.628, 0.628, 0.628, 0.628, 0.628, 0.628, 0.628, 0.628, 0.628, 0.628, 0.628, 0.628, 0.628, 0.628, 0.628, 0.628, 0.628, 0.628, 0.628, 0.628, 0.628, 0.628, 0.629, 0.629, 0.629, 0.629, 0.629, 0.629, 0.629, 0.629, 0.629, 0.629, 0.629, 0.629]
best validation: 0.658
best test: 0.649
num distinct structures: 2365
Experiment run 3
dataset: Cora
num_mp_layers: 3
num_fl_layers: 2
mp_hidden_dim: 1000
fl_hidden_dim: 512
epsilon: 1.118033988749895
optimizer_lr: 0.01
loss_func: CrossEntropyLoss
total_epoch: 400
Epoch: 50, Loss: 1.8682, Train: 55.00%, Valid: 26.60%, Test: 25.50%, Best Valid: 40.40%, Best Test: 39.90%
Epoch: 100, Loss: 0.0000, Train: 100.00%, Valid: 66.80%, Test: 69.20%, Best Valid: 69.80%, Best Test: 71.70%
Epoch: 150, Loss: 0.0000, Train: 100.00%, Valid: 67.20%, Test: 69.70%, Best Valid: 69.80%, Best Test: 71.70%
Epoch: 200, Loss: 0.0000, Train: 100.00%, Valid: 67.20%, Test: 70.30%, Best Valid: 69.80%, Best Test: 71.70%
Epoch: 250, Loss: 0.0000, Train: 100.00%, Valid: 67.80%, Test: 70.40%, Best Valid: 69.80%, Best Test: 71.70%
Epoch: 300, Loss: 0.0000, Train: 100.00%, Valid: 68.00%, Test: 70.60%, Best Valid: 69.80%, Best Test: 71.70%
Epoch: 350, Loss: 0.0000, Train: 100.00%, Valid: 67.80%, Test: 70.50%, Best Valid: 69.80%, Best Test: 71.70%
train_accuracy_list: [0.21428571428571427, 0.14285714285714285, 0.14285714285714285, 0.2357142857142857, 0.14285714285714285, 0.14285714285714285, 0.14285714285714285, 0.14285714285714285, 0.14285714285714285, 0.15, 0.14285714285714285, 0.14285714285714285, 0.15714285714285714, 0.2642857142857143, 0.15, 0.14285714285714285, 0.14285714285714285, 0.14285714285714285, 0.15, 0.14285714285714285, 0.14285714285714285, 0.15, 0.14285714285714285, 0.14285714285714285, 0.14285714285714285, 0.14285714285714285, 0.15, 0.14285714285714285, 0.14285714285714285, 0.14285714285714285, 0.14285714285714285, 0.15, 0.15714285714285714, 0.22857142857142856, 0.14285714285714285, 0.14285714285714285, 0.14285714285714285, 0.14285714285714285, 0.14285714285714285, 0.2357142857142857, 0.21428571428571427, 0.17857142857142858, 0.2357142857142857, 0.17857142857142858, 0.2, 0.30714285714285716, 0.3357142857142857, 0.4142857142857143, 0.5142857142857142, 0.55, 0.6, 0.6285714285714286, 0.6142857142857143, 0.6785714285714286, 0.7571428571428571, 0.7642857142857142, 0.7642857142857142, 0.75, 0.7285714285714285, 0.8428571428571429, 0.8571428571428571, 0.9142857142857143, 0.95, 0.95, 0.95, 0.9642857142857143, 0.95, 0.9642857142857143, 0.9785714285714285, 0.9785714285714285, 0.9928571428571429, 0.9928571428571429, 1.0, 1.0, 1.0, 1.0, 1.0, 1.0, 1.0, 1.0, 1.0, 1.0, 1.0, 1.0, 1.0, 1.0, 1.0, 1.0, 1.0, 1.0, 1.0, 1.0, 1.0, 1.0, 1.0, 1.0, 1.0, 1.0, 1.0, 1.0, 1.0, 1.0, 1.0, 1.0, 1.0, 1.0, 1.0, 1.0, 1.0, 1.0, 1.0, 1.0, 1.0, 1.0, 1.0, 1.0, 1.0, 1.0, 1.0, 1.0, 1.0, 1.0, 1.0, 1.0, 1.0, 1.0, 1.0, 1.0, 1.0, 1.0, 1.0, 1.0, 1.0, 1.0, 1.0, 1.0, 1.0, 1.0, 1.0, 1.0, 1.0, 1.0, 1.0, 1.0, 1.0, 1.0, 1.0, 1.0, 1.0, 1.0, 1.0, 1.0, 1.0, 1.0, 1.0, 1.0, 1.0, 1.0, 1.0, 1.0, 1.0, 1.0, 1.0, 1.0, 1.0, 1.0, 1.0, 1.0, 1.0, 1.0, 1.0, 1.0, 1.0, 1.0, 1.0, 1.0, 1.0, 1.0, 1.0, 1.0, 1.0, 1.0, 1.0, 1.0, 1.0, 1.0, 1.0, 1.0, 1.0, 1.0, 1.0, 1.0, 1.0, 1.0, 1.0, 1.0, 1.0, 1.0, 1.0, 1.0, 1.0, 1.0, 1.0, 1.0, 1.0, 1.0, 1.0, 1.0, 1.0, 1.0, 1.0, 1.0, 1.0, 1.0, 1.0, 1.0, 1.0, 1.0, 1.0, 1.0, 1.0, 1.0, 1.0, 1.0, 1.0, 1.0, 1.0, 1.0, 1.0, 1.0, 1.0, 1.0, 1.0, 1.0, 1.0, 1.0, 1.0, 1.0, 1.0, 1.0, 1.0, 1.0, 1.0, 1.0, 1.0, 1.0, 1.0, 1.0, 1.0, 1.0, 1.0, 1.0, 1.0, 1.0, 1.0, 1.0, 1.0, 1.0, 1.0, 1.0, 1.0, 1.0, 1.0, 1.0, 1.0, 1.0, 1.0, 1.0, 1.0, 1.0, 1.0, 1.0, 1.0, 1.0, 1.0, 1.0, 1.0, 1.0, 1.0, 1.0, 1.0, 1.0, 1.0, 1.0, 1.0, 1.0, 1.0, 1.0, 1.0, 1.0, 1.0, 1.0, 1.0, 1.0, 1.0, 1.0, 1.0, 1.0, 1.0, 1.0, 1.0, 1.0, 1.0, 1.0, 1.0, 1.0, 1.0, 1.0, 1.0, 1.0, 1.0, 1.0, 1.0, 1.0, 1.0, 1.0, 1.0, 1.0, 1.0, 1.0, 1.0, 1.0, 1.0, 1.0, 1.0, 1.0, 1.0, 1.0, 1.0, 1.0, 1.0, 1.0, 1.0, 1.0, 1.0, 1.0, 1.0, 1.0, 1.0, 1.0, 1.0, 1.0, 1.0, 1.0, 1.0, 1.0, 1.0, 1.0, 1.0, 1.0, 1.0, 1.0, 1.0, 1.0, 1.0, 1.0, 1.0, 1.0, 1.0, 1.0, 1.0, 1.0, 1.0, 1.0, 1.0, 1.0, 1.0, 1.0, 1.0, 1.0, 1.0, 1.0, 1.0, 1.0, 1.0, 1.0, 1.0, 1.0, 1.0, 1.0, 1.0, 1.0, 1.0, 1.0, 1.0, 1.0, 1.0, 1.0, 1.0, 1.0, 1.0, 1.0, 1.0, 1.0, 1.0, 1.0, 1.0, 1.0, 1.0]
valid_accuracy_list: [0.148, 0.122, 0.122, 0.104, 0.162, 0.316, 0.122, 0.156, 0.156, 0.116, 0.072, 0.072, 0.072, 0.108, 0.058, 0.058, 0.058, 0.058, 0.07, 0.07, 0.072, 0.072, 0.316, 0.316, 0.316, 0.316, 0.314, 0.156, 0.156, 0.156, 0.156, 0.156, 0.164, 0.194, 0.058, 0.058, 0.058, 0.058, 0.058, 0.084, 0.126, 0.128, 0.302, 0.314, 0.314, 0.382, 0.404, 0.324, 0.314, 0.266, 0.318, 0.37, 0.376, 0.438, 0.492, 0.55, 0.544, 0.566, 0.598, 0.634, 0.582, 0.63, 0.618, 0.628, 0.65, 0.628, 0.664, 0.662, 0.652, 0.646, 0.68, 0.68, 0.676, 0.678, 0.682, 0.668, 0.668, 0.678, 0.682, 0.684, 0.694, 0.698, 0.69, 0.676, 0.666, 0.668, 0.666, 0.668, 0.668, 0.67, 0.672, 0.672, 0.676, 0.676, 0.672, 0.67, 0.67, 0.67, 0.67, 0.668, 0.668, 0.668, 0.668, 0.668, 0.668, 0.668, 0.67, 0.672, 0.672, 0.672, 0.67, 0.67, 0.67, 0.67, 0.67, 0.67, 0.67, 0.67, 0.672, 0.672, 0.672, 0.672, 0.672, 0.672, 0.672, 0.672, 0.672, 0.672, 0.672, 0.672, 0.672, 0.672, 0.672, 0.672, 0.672, 0.672, 0.672, 0.672, 0.672, 0.672, 0.672, 0.672, 0.672, 0.672, 0.672, 0.672, 0.672, 0.672, 0.672, 0.672, 0.672, 0.67, 0.67, 0.67, 0.67, 0.67, 0.67, 0.67, 0.67, 0.67, 0.67, 0.67, 0.668, 0.668, 0.668, 0.668, 0.668, 0.668, 0.668, 0.668, 0.668, 0.668, 0.668, 0.668, 0.668, 0.668, 0.668, 0.668, 0.668, 0.668, 0.668, 0.668, 0.668, 0.668, 0.668, 0.668, 0.668, 0.668, 0.668, 0.668, 0.668, 0.668, 0.668, 0.67, 0.672, 0.672, 0.672, 0.672, 0.672, 0.672, 0.672, 0.672, 0.672, 0.672, 0.672, 0.672, 0.672, 0.672, 0.672, 0.672, 0.672, 0.672, 0.674, 0.674, 0.676, 0.676, 0.676, 0.676, 0.676, 0.676, 0.676, 0.676, 0.676, 0.676, 0.676, 0.676, 0.676, 0.676, 0.676, 0.676, 0.676, 0.676, 0.676, 0.676, 0.676, 0.676, 0.676, 0.676, 0.676, 0.676, 0.676, 0.678, 0.678, 0.678, 0.678, 0.678, 0.678, 0.678, 0.678, 0.678, 0.678, 0.678, 0.678, 0.678, 0.678, 0.678, 0.678, 0.678, 0.678, 0.678, 0.678, 0.678, 0.678, 0.678, 0.678, 0.678, 0.678, 0.678, 0.68, 0.68, 0.68, 0.68, 0.68, 0.68, 0.68, 0.68, 0.68, 0.68, 0.68, 0.68, 0.68, 0.68, 0.68, 0.68, 0.68, 0.68, 0.68, 0.68, 0.68, 0.68, 0.68, 0.68, 0.68, 0.68, 0.68, 0.68, 0.68, 0.68, 0.68, 0.68, 0.68, 0.68, 0.68, 0.678, 0.678, 0.678, 0.678, 0.678, 0.678, 0.676, 0.676, 0.676, 0.676, 0.676, 0.676, 0.676, 0.676, 0.676, 0.676, 0.676, 0.676, 0.676, 0.676, 0.676, 0.676, 0.678, 0.678, 0.678, 0.678, 0.678, 0.678, 0.678, 0.678, 0.678, 0.678, 0.678, 0.678, 0.678, 0.678, 0.678, 0.678, 0.678, 0.678, 0.678, 0.678, 0.678, 0.678, 0.678, 0.678, 0.678, 0.678, 0.678, 0.678, 0.678, 0.678, 0.678, 0.678, 0.678, 0.678, 0.678, 0.678, 0.678, 0.678, 0.678, 0.678, 0.678, 0.678, 0.678, 0.678, 0.678, 0.678, 0.678, 0.678, 0.678, 0.678, 0.678, 0.678, 0.678, 0.678, 0.678, 0.678, 0.678, 0.678, 0.68, 0.68, 0.68, 0.68, 0.68, 0.68, 0.68, 0.68, 0.68, 0.68, 0.68, 0.68, 0.68, 0.68, 0.68, 0.68]
test_accuracy_list: [0.157, 0.13, 0.13, 0.105, 0.149, 0.319, 0.13, 0.144, 0.144, 0.103, 0.091, 0.091, 0.092, 0.118, 0.065, 0.065, 0.064, 0.065, 0.093, 0.091, 0.091, 0.092, 0.319, 0.319, 0.319, 0.318, 0.319, 0.144, 0.144, 0.144, 0.144, 0.144, 0.15, 0.183, 0.064, 0.064, 0.064, 0.064, 0.064, 0.103, 0.112, 0.115, 0.327, 0.32, 0.326, 0.399, 0.389, 0.319, 0.318, 0.255, 0.323, 0.353, 0.366, 0.429, 0.47, 0.528, 0.545, 0.581, 0.597, 0.66, 0.603, 0.659, 0.637, 0.651, 0.679, 0.647, 0.691, 0.688, 0.67, 0.653, 0.698, 0.717, 0.716, 0.703, 0.694, 0.69, 0.696, 0.698, 0.704, 0.706, 0.71, 0.709, 0.71, 0.708, 0.705, 0.7, 0.697, 0.696, 0.695, 0.695, 0.694, 0.694, 0.692, 0.694, 0.694, 0.695, 0.697, 0.695, 0.693, 0.692, 0.693, 0.693, 0.692, 0.69, 0.69, 0.691, 0.692, 0.693, 0.694, 0.693, 0.693, 0.694, 0.694, 0.694, 0.694, 0.694, 0.695, 0.696, 0.696, 0.696, 0.695, 0.695, 0.695, 0.695, 0.695, 0.696, 0.696, 0.696, 0.696, 0.696, 0.696, 0.696, 0.696, 0.696, 0.696, 0.696, 0.696, 0.696, 0.696, 0.696, 0.696, 0.696, 0.697, 0.697, 0.697, 0.697, 0.697, 0.696, 0.697, 0.697, 0.697, 0.698, 0.699, 0.699, 0.699, 0.698, 0.698, 0.698, 0.698, 0.698, 0.699, 0.7, 0.7, 0.7, 0.701, 0.701, 0.701, 0.702, 0.702, 0.703, 0.703, 0.703, 0.703, 0.703, 0.702, 0.702, 0.702, 0.702, 0.702, 0.702, 0.702, 0.702, 0.702, 0.703, 0.703, 0.703, 0.703, 0.703, 0.703, 0.703, 0.703, 0.703, 0.703, 0.703, 0.703, 0.703, 0.703, 0.703, 0.703, 0.703, 0.703, 0.703, 0.703, 0.703, 0.703, 0.703, 0.703, 0.703, 0.703, 0.703, 0.703, 0.703, 0.703, 0.703, 0.703, 0.704, 0.704, 0.704, 0.704, 0.704, 0.704, 0.704, 0.704, 0.704, 0.704, 0.704, 0.704, 0.704, 0.704, 0.704, 0.704, 0.704, 0.704, 0.704, 0.704, 0.704, 0.704, 0.704, 0.704, 0.704, 0.704, 0.704, 0.703, 0.703, 0.703, 0.703, 0.703, 0.703, 0.703, 0.704, 0.704, 0.704, 0.704, 0.704, 0.704, 0.704, 0.705, 0.705, 0.705, 0.705, 0.705, 0.705, 0.705, 0.705, 0.705, 0.705, 0.705, 0.705, 0.705, 0.705, 0.706, 0.706, 0.706, 0.706, 0.707, 0.707, 0.707, 0.707, 0.707, 0.706, 0.706, 0.706, 0.706, 0.706, 0.706, 0.706, 0.706, 0.706, 0.706, 0.706, 0.706, 0.706, 0.706, 0.706, 0.706, 0.706, 0.706, 0.706, 0.706, 0.706, 0.706, 0.705, 0.704, 0.704, 0.704, 0.704, 0.704, 0.704, 0.704, 0.704, 0.704, 0.704, 0.704, 0.704, 0.704, 0.704, 0.704, 0.704, 0.704, 0.704, 0.704, 0.704, 0.704, 0.704, 0.704, 0.705, 0.705, 0.705, 0.704, 0.704, 0.704, 0.704, 0.704, 0.704, 0.704, 0.704, 0.704, 0.704, 0.705, 0.705, 0.705, 0.705, 0.705, 0.705, 0.705, 0.705, 0.705, 0.705, 0.705, 0.705, 0.706, 0.706, 0.706, 0.706, 0.706, 0.706, 0.706, 0.706, 0.706, 0.706, 0.706, 0.706, 0.706, 0.706, 0.706, 0.706, 0.706, 0.706, 0.706, 0.706, 0.706, 0.706, 0.706, 0.706, 0.706, 0.706, 0.706, 0.706, 0.706, 0.706, 0.707, 0.707, 0.707, 0.707, 0.707, 0.707, 0.708, 0.708, 0.708, 0.708, 0.708, 0.708, 0.708, 0.708, 0.708, 0.708, 0.708, 0.708, 0.708]
best validation: 0.698
best test: 0.717
num distinct structures: 2365
Experiment run 4
dataset: Cora
num_mp_layers: 3
num_fl_layers: 2
mp_hidden_dim: 2000
fl_hidden_dim: 512
epsilon: 1.118033988749895
optimizer_lr: 0.01
loss_func: CrossEntropyLoss
total_epoch: 400
Epoch: 50, Loss: 1.0658, Train: 51.43%, Valid: 28.80%, Test: 28.80%, Best Valid: 32.60%, Best Test: 34.20%
Epoch: 100, Loss: 0.0012, Train: 100.00%, Valid: 49.00%, Test: 51.80%, Best Valid: 49.60%, Best Test: 53.00%
Epoch: 150, Loss: 0.0001, Train: 100.00%, Valid: 49.80%, Test: 53.10%, Best Valid: 50.20%, Best Test: 53.20%
Epoch: 200, Loss: 0.0000, Train: 100.00%, Valid: 52.00%, Test: 54.70%, Best Valid: 52.00%, Best Test: 54.90%
Epoch: 250, Loss: 0.0000, Train: 100.00%, Valid: 52.40%, Test: 55.00%, Best Valid: 52.40%, Best Test: 55.30%
Epoch: 300, Loss: 0.0000, Train: 100.00%, Valid: 52.40%, Test: 55.40%, Best Valid: 52.60%, Best Test: 55.50%
Epoch: 350, Loss: 0.0000, Train: 100.00%, Valid: 52.60%, Test: 55.30%, Best Valid: 52.60%, Best Test: 55.60%
train_accuracy_list: [0.20714285714285716, 0.14285714285714285, 0.14285714285714285, 0.14285714285714285, 0.14285714285714285, 0.14285714285714285, 0.14285714285714285, 0.14285714285714285, 0.15, 0.14285714285714285, 0.14285714285714285, 0.14285714285714285, 0.14285714285714285, 0.14285714285714285, 0.14285714285714285, 0.14285714285714285, 0.14285714285714285, 0.14285714285714285, 0.14285714285714285, 0.1357142857142857, 0.16428571428571428, 0.14285714285714285, 0.14285714285714285, 0.14285714285714285, 0.15, 0.15714285714285714, 0.16428571428571428, 0.15, 0.15, 0.2571428571428571, 0.30714285714285716, 0.2357142857142857, 0.22857142857142856, 0.2714285714285714, 0.25, 0.2714285714285714, 0.2714285714285714, 0.2785714285714286, 0.2571428571428571, 0.2857142857142857, 0.2714285714285714, 0.2857142857142857, 0.35714285714285715, 0.4642857142857143, 0.44285714285714284, 0.5, 0.5642857142857143, 0.6428571428571429, 0.5928571428571429, 0.5142857142857142, 0.55, 0.65, 0.7928571428571428, 0.7857142857142857, 0.7928571428571428, 0.8285714285714286, 0.8714285714285714, 0.8142857142857143, 0.8571428571428571, 0.8142857142857143, 0.8571428571428571, 0.9428571428571428, 0.8785714285714286, 0.95, 0.9071428571428571, 0.9571428571428572, 0.9571428571428572, 0.9785714285714285, 0.9785714285714285, 0.9714285714285714, 0.9642857142857143, 0.9857142857142858, 0.9857142857142858, 0.9714285714285714, 0.9857142857142858, 0.9857142857142858, 0.9857142857142858, 0.9785714285714285, 0.9928571428571429, 0.9928571428571429, 1.0, 1.0, 1.0, 1.0, 1.0, 1.0, 1.0, 1.0, 1.0, 1.0, 1.0, 1.0, 1.0, 1.0, 1.0, 1.0, 1.0, 1.0, 1.0, 1.0, 1.0, 1.0, 1.0, 1.0, 1.0, 1.0, 1.0, 1.0, 1.0, 1.0, 1.0, 1.0, 1.0, 1.0, 1.0, 1.0, 1.0, 1.0, 1.0, 1.0, 1.0, 1.0, 1.0, 1.0, 1.0, 1.0, 1.0, 1.0, 1.0, 1.0, 1.0, 1.0, 1.0, 1.0, 1.0, 1.0, 1.0, 1.0, 1.0, 1.0, 1.0, 1.0, 1.0, 1.0, 1.0, 1.0, 1.0, 1.0, 1.0, 1.0, 1.0, 1.0, 1.0, 1.0, 1.0, 1.0, 1.0, 1.0, 1.0, 1.0, 1.0, 1.0, 1.0, 1.0, 1.0, 1.0, 1.0, 1.0, 1.0, 1.0, 1.0, 1.0, 1.0, 1.0, 1.0, 1.0, 1.0, 1.0, 1.0, 1.0, 1.0, 1.0, 1.0, 1.0, 1.0, 1.0, 1.0, 1.0, 1.0, 1.0, 1.0, 1.0, 1.0, 1.0, 1.0, 1.0, 1.0, 1.0, 1.0, 1.0, 1.0, 1.0, 1.0, 1.0, 1.0, 1.0, 1.0, 1.0, 1.0, 1.0, 1.0, 1.0, 1.0, 1.0, 1.0, 1.0, 1.0, 1.0, 1.0, 1.0, 1.0, 1.0, 1.0, 1.0, 1.0, 1.0, 1.0, 1.0, 1.0, 1.0, 1.0, 1.0, 1.0, 1.0, 1.0, 1.0, 1.0, 1.0, 1.0, 1.0, 1.0, 1.0, 1.0, 1.0, 1.0, 1.0, 1.0, 1.0, 1.0, 1.0, 1.0, 1.0, 1.0, 1.0, 1.0, 1.0, 1.0, 1.0, 1.0, 1.0, 1.0, 1.0, 1.0, 1.0, 1.0, 1.0, 1.0, 1.0, 1.0, 1.0, 1.0, 1.0, 1.0, 1.0, 1.0, 1.0, 1.0, 1.0, 1.0, 1.0, 1.0, 1.0, 1.0, 1.0, 1.0, 1.0, 1.0, 1.0, 1.0, 1.0, 1.0, 1.0, 1.0, 1.0, 1.0, 1.0, 1.0, 1.0, 1.0, 1.0, 1.0, 1.0, 1.0, 1.0, 1.0, 1.0, 1.0, 1.0, 1.0, 1.0, 1.0, 1.0, 1.0, 1.0, 1.0, 1.0, 1.0, 1.0, 1.0, 1.0, 1.0, 1.0, 1.0, 1.0, 1.0, 1.0, 1.0, 1.0, 1.0, 1.0, 1.0, 1.0, 1.0, 1.0, 1.0, 1.0, 1.0, 1.0, 1.0, 1.0, 1.0, 1.0, 1.0, 1.0, 1.0, 1.0, 1.0, 1.0, 1.0, 1.0, 1.0, 1.0, 1.0, 1.0, 1.0, 1.0, 1.0, 1.0, 1.0, 1.0, 1.0, 1.0, 1.0, 1.0, 1.0, 1.0, 1.0, 1.0, 1.0, 1.0, 1.0, 1.0, 1.0, 1.0, 1.0, 1.0, 1.0, 1.0, 1.0, 1.0, 1.0, 1.0, 1.0, 1.0, 1.0, 1.0, 1.0, 1.0, 1.0, 1.0, 1.0, 1.0, 1.0, 1.0, 1.0, 1.0, 1.0, 1.0, 1.0]
valid_accuracy_list: [0.326, 0.162, 0.122, 0.114, 0.162, 0.072, 0.156, 0.316, 0.132, 0.122, 0.122, 0.122, 0.122, 0.122, 0.122, 0.122, 0.058, 0.058, 0.058, 0.058, 0.118, 0.156, 0.156, 0.156, 0.16, 0.136, 0.122, 0.132, 0.174, 0.224, 0.228, 0.168, 0.168, 0.172, 0.162, 0.17, 0.184, 0.184, 0.194, 0.208, 0.206, 0.278, 0.326, 0.306, 0.312, 0.322, 0.32, 0.308, 0.296, 0.288, 0.276, 0.278, 0.332, 0.296, 0.334, 0.358, 0.31, 0.31, 0.344, 0.312, 0.384, 0.384, 0.328, 0.366, 0.394, 0.376, 0.37, 0.382, 0.388, 0.392, 0.39, 0.414, 0.422, 0.422, 0.41, 0.416, 0.45, 0.45, 0.434, 0.442, 0.474, 0.486, 0.48, 0.458, 0.452, 0.47, 0.476, 0.486, 0.486, 0.486, 0.476, 0.476, 0.48, 0.48, 0.488, 0.496, 0.496, 0.496, 0.494, 0.49, 0.484, 0.486, 0.49, 0.5, 0.5, 0.5, 0.496, 0.498, 0.496, 0.496, 0.494, 0.492, 0.49, 0.49, 0.488, 0.492, 0.492, 0.492, 0.496, 0.5, 0.502, 0.502, 0.502, 0.5, 0.5, 0.498, 0.496, 0.494, 0.494, 0.492, 0.492, 0.492, 0.49, 0.49, 0.49, 0.49, 0.49, 0.49, 0.49, 0.49, 0.494, 0.494, 0.494, 0.494, 0.496, 0.494, 0.496, 0.498, 0.498, 0.498, 0.502, 0.502, 0.506, 0.506, 0.506, 0.506, 0.506, 0.508, 0.514, 0.51, 0.51, 0.51, 0.512, 0.512, 0.512, 0.512, 0.512, 0.512, 0.51, 0.51, 0.51, 0.51, 0.508, 0.508, 0.51, 0.512, 0.51, 0.51, 0.508, 0.51, 0.51, 0.512, 0.512, 0.512, 0.508, 0.51, 0.516, 0.516, 0.516, 0.514, 0.514, 0.516, 0.518, 0.518, 0.518, 0.52, 0.516, 0.514, 0.516, 0.52, 0.52, 0.518, 0.518, 0.518, 0.518, 0.52, 0.52, 0.518, 0.518, 0.518, 0.518, 0.52, 0.522, 0.52, 0.52, 0.52, 0.52, 0.52, 0.524, 0.522, 0.518, 0.518, 0.518, 0.52, 0.52, 0.522, 0.522, 0.52, 0.52, 0.52, 0.52, 0.52, 0.524, 0.52, 0.522, 0.522, 0.522, 0.522, 0.522, 0.522, 0.524, 0.524, 0.522, 0.524, 0.524, 0.524, 0.524, 0.524, 0.524, 0.524, 0.524, 0.524, 0.524, 0.526, 0.524, 0.524, 0.524, 0.524, 0.522, 0.524, 0.524, 0.522, 0.522, 0.524, 0.522, 0.522, 0.522, 0.522, 0.522, 0.522, 0.522, 0.522, 0.522, 0.526, 0.524, 0.522, 0.522, 0.524, 0.524, 0.524, 0.524, 0.524, 0.524, 0.524, 0.524, 0.524, 0.524, 0.524, 0.524, 0.524, 0.522, 0.52, 0.52, 0.522, 0.524, 0.524, 0.524, 0.524, 0.524, 0.524, 0.524, 0.524, 0.524, 0.524, 0.524, 0.524, 0.524, 0.524, 0.524, 0.522, 0.524, 0.524, 0.524, 0.524, 0.524, 0.524, 0.524, 0.526, 0.524, 0.524, 0.526, 0.524, 0.526, 0.524, 0.526, 0.524, 0.524, 0.524, 0.524, 0.526, 0.524, 0.524, 0.524, 0.524, 0.524, 0.524, 0.524, 0.524, 0.524, 0.524, 0.524, 0.524, 0.526, 0.524, 0.524, 0.526, 0.526, 0.526, 0.524, 0.526, 0.524, 0.524, 0.524, 0.524, 0.526, 0.524, 0.524, 0.524, 0.524, 0.524, 0.524, 0.524, 0.526, 0.524, 0.526, 0.524, 0.526, 0.524, 0.524, 0.526, 0.524, 0.526, 0.526, 0.526, 0.524, 0.526, 0.526, 0.526, 0.526, 0.526, 0.526, 0.526, 0.526, 0.526, 0.526, 0.526, 0.526, 0.526, 0.526, 0.524, 0.526, 0.526, 0.526, 0.526, 0.526, 0.526, 0.526, 0.526, 0.526]
test_accuracy_list: [0.332, 0.149, 0.13, 0.103, 0.149, 0.091, 0.144, 0.319, 0.15, 0.13, 0.13, 0.13, 0.13, 0.13, 0.13, 0.13, 0.065, 0.064, 0.064, 0.065, 0.133, 0.144, 0.144, 0.145, 0.15, 0.157, 0.164, 0.168, 0.187, 0.227, 0.23, 0.158, 0.18, 0.179, 0.161, 0.165, 0.175, 0.182, 0.182, 0.189, 0.193, 0.254, 0.319, 0.31, 0.342, 0.311, 0.334, 0.337, 0.306, 0.288, 0.279, 0.299, 0.359, 0.326, 0.361, 0.374, 0.339, 0.331, 0.373, 0.326, 0.39, 0.412, 0.338, 0.395, 0.409, 0.371, 0.393, 0.406, 0.392, 0.428, 0.43, 0.42, 0.463, 0.461, 0.433, 0.439, 0.485, 0.489, 0.474, 0.477, 0.507, 0.517, 0.515, 0.509, 0.498, 0.505, 0.512, 0.521, 0.523, 0.515, 0.511, 0.509, 0.508, 0.521, 0.522, 0.528, 0.53, 0.527, 0.524, 0.518, 0.511, 0.518, 0.522, 0.526, 0.526, 0.527, 0.527, 0.527, 0.525, 0.522, 0.519, 0.519, 0.518, 0.518, 0.518, 0.519, 0.522, 0.525, 0.527, 0.528, 0.528, 0.527, 0.527, 0.527, 0.527, 0.528, 0.527, 0.527, 0.525, 0.525, 0.524, 0.523, 0.523, 0.522, 0.523, 0.524, 0.524, 0.524, 0.525, 0.525, 0.524, 0.524, 0.524, 0.524, 0.525, 0.526, 0.528, 0.53, 0.532, 0.531, 0.531, 0.532, 0.533, 0.533, 0.534, 0.537, 0.534, 0.537, 0.538, 0.537, 0.537, 0.538, 0.539, 0.543, 0.542, 0.54, 0.541, 0.539, 0.539, 0.54, 0.541, 0.538, 0.537, 0.538, 0.539, 0.544, 0.54, 0.539, 0.539, 0.539, 0.541, 0.543, 0.543, 0.541, 0.54, 0.54, 0.545, 0.547, 0.545, 0.545, 0.544, 0.544, 0.546, 0.549, 0.547, 0.546, 0.546, 0.546, 0.546, 0.547, 0.548, 0.546, 0.546, 0.546, 0.547, 0.548, 0.548, 0.548, 0.546, 0.547, 0.547, 0.548, 0.553, 0.548, 0.547, 0.547, 0.55, 0.552, 0.553, 0.55, 0.55, 0.549, 0.549, 0.55, 0.55, 0.549, 0.549, 0.55, 0.55, 0.55, 0.55, 0.55, 0.552, 0.55, 0.55, 0.552, 0.552, 0.552, 0.552, 0.55, 0.55, 0.55, 0.552, 0.552, 0.552, 0.55, 0.55, 0.551, 0.55, 0.55, 0.55, 0.552, 0.552, 0.552, 0.552, 0.552, 0.552, 0.552, 0.552, 0.552, 0.552, 0.552, 0.552, 0.552, 0.552, 0.552, 0.552, 0.552, 0.552, 0.552, 0.552, 0.552, 0.552, 0.553, 0.552, 0.552, 0.552, 0.552, 0.553, 0.553, 0.553, 0.553, 0.552, 0.552, 0.553, 0.554, 0.553, 0.552, 0.553, 0.554, 0.553, 0.553, 0.553, 0.553, 0.554, 0.555, 0.554, 0.554, 0.554, 0.554, 0.555, 0.555, 0.555, 0.554, 0.554, 0.554, 0.554, 0.554, 0.554, 0.555, 0.555, 0.556, 0.555, 0.553, 0.553, 0.553, 0.553, 0.554, 0.553, 0.553, 0.553, 0.553, 0.553, 0.553, 0.554, 0.554, 0.554, 0.553, 0.554, 0.554, 0.554, 0.555, 0.554, 0.554, 0.554, 0.554, 0.554, 0.555, 0.555, 0.554, 0.554, 0.553, 0.553, 0.553, 0.553, 0.553, 0.553, 0.553, 0.553, 0.553, 0.553, 0.552, 0.552, 0.553, 0.553, 0.553, 0.553, 0.553, 0.553, 0.553, 0.553, 0.554, 0.553, 0.554, 0.555, 0.555, 0.553, 0.554, 0.554, 0.554, 0.553, 0.556, 0.556, 0.556, 0.554, 0.554, 0.554, 0.556, 0.556, 0.556, 0.557, 0.556, 0.556, 0.557, 0.557, 0.557, 0.557, 0.557, 0.557, 0.557, 0.557, 0.557, 0.557, 0.557, 0.557, 0.557, 0.557, 0.557, 0.557]
best validation: 0.526
best test: 0.557
num distinct structures: 2365
Experiment run 5
dataset: Cora
num_mp_layers: 3
num_fl_layers: 2
mp_hidden_dim: 4000
fl_hidden_dim: 512
epsilon: 1.118033988749895
optimizer_lr: 0.01
loss_func: CrossEntropyLoss
total_epoch: 400
Epoch: 50, Loss: 0.0253, Train: 100.00%, Valid: 70.00%, Test: 72.20%, Best Valid: 70.80%, Best Test: 72.20%
Epoch: 100, Loss: 0.0000, Train: 100.00%, Valid: 66.40%, Test: 70.00%, Best Valid: 72.60%, Best Test: 73.20%
Epoch: 150, Loss: 0.0000, Train: 100.00%, Valid: 66.20%, Test: 69.60%, Best Valid: 72.60%, Best Test: 73.20%
Epoch: 200, Loss: 0.0000, Train: 100.00%, Valid: 67.00%, Test: 70.40%, Best Valid: 72.60%, Best Test: 73.20%
Epoch: 250, Loss: 0.0000, Train: 100.00%, Valid: 68.00%, Test: 70.80%, Best Valid: 72.60%, Best Test: 73.20%
Epoch: 300, Loss: 0.0000, Train: 100.00%, Valid: 69.00%, Test: 71.20%, Best Valid: 72.60%, Best Test: 73.20%
Epoch: 350, Loss: 0.0000, Train: 100.00%, Valid: 69.40%, Test: 71.30%, Best Valid: 72.60%, Best Test: 73.20%
train_accuracy_list: [0.14285714285714285, 0.14285714285714285, 0.14285714285714285, 0.14285714285714285, 0.14285714285714285, 0.14285714285714285, 0.14285714285714285, 0.14285714285714285, 0.14285714285714285, 0.15, 0.15, 0.25, 0.15714285714285714, 0.15, 0.14285714285714285, 0.15714285714285714, 0.14285714285714285, 0.20714285714285716, 0.19285714285714287, 0.19285714285714287, 0.18571428571428572, 0.2, 0.19285714285714287, 0.22142857142857142, 0.2, 0.16428571428571428, 0.2571428571428571, 0.37857142857142856, 0.32857142857142857, 0.4357142857142857, 0.45, 0.5642857142857143, 0.40714285714285714, 0.39285714285714285, 0.44285714285714284, 0.6071428571428571, 0.8285714285714286, 0.8071428571428572, 0.7714285714285715, 0.7285714285714285, 0.8142857142857143, 0.9071428571428571, 0.9642857142857143, 0.9642857142857143, 0.9785714285714285, 0.9785714285714285, 0.9928571428571429, 1.0, 1.0, 1.0, 1.0, 1.0, 1.0, 1.0, 1.0, 1.0, 1.0, 1.0, 1.0, 1.0, 1.0, 1.0, 1.0, 1.0, 1.0, 1.0, 1.0, 1.0, 1.0, 1.0, 1.0, 1.0, 1.0, 1.0, 1.0, 1.0, 1.0, 1.0, 1.0, 1.0, 1.0, 1.0, 1.0, 1.0, 1.0, 1.0, 1.0, 1.0, 1.0, 1.0, 1.0, 1.0, 1.0, 1.0, 1.0, 1.0, 1.0, 1.0, 1.0, 1.0, 1.0, 1.0, 1.0, 1.0, 1.0, 1.0, 1.0, 1.0, 1.0, 1.0, 1.0, 1.0, 1.0, 1.0, 1.0, 1.0, 1.0, 1.0, 1.0, 1.0, 1.0, 1.0, 1.0, 1.0, 1.0, 1.0, 1.0, 1.0, 1.0, 1.0, 1.0, 1.0, 1.0, 1.0, 1.0, 1.0, 1.0, 1.0, 1.0, 1.0, 1.0, 1.0, 1.0, 1.0, 1.0, 1.0, 1.0, 1.0, 1.0, 1.0, 1.0, 1.0, 1.0, 1.0, 1.0, 1.0, 1.0, 1.0, 1.0, 1.0, 1.0, 1.0, 1.0, 1.0, 1.0, 1.0, 1.0, 1.0, 1.0, 1.0, 1.0, 1.0, 1.0, 1.0, 1.0, 1.0, 1.0, 1.0, 1.0, 1.0, 1.0, 1.0, 1.0, 1.0, 1.0, 1.0, 1.0, 1.0, 1.0, 1.0, 1.0, 1.0, 1.0, 1.0, 1.0, 1.0, 1.0, 1.0, 1.0, 1.0, 1.0, 1.0, 1.0, 1.0, 1.0, 1.0, 1.0, 1.0, 1.0, 1.0, 1.0, 1.0, 1.0, 1.0, 1.0, 1.0, 1.0, 1.0, 1.0, 1.0, 1.0, 1.0, 1.0, 1.0, 1.0, 1.0, 1.0, 1.0, 1.0, 1.0, 1.0, 1.0, 1.0, 1.0, 1.0, 1.0, 1.0, 1.0, 1.0, 1.0, 1.0, 1.0, 1.0, 1.0, 1.0, 1.0, 1.0, 1.0, 1.0, 1.0, 1.0, 1.0, 1.0, 1.0, 1.0, 1.0, 1.0, 1.0, 1.0, 1.0, 1.0, 1.0, 1.0, 1.0, 1.0, 1.0, 1.0, 1.0, 1.0, 1.0, 1.0, 1.0, 1.0, 1.0, 1.0, 1.0, 1.0, 1.0, 1.0, 1.0, 1.0, 1.0, 1.0, 1.0, 1.0, 1.0, 1.0, 1.0, 1.0, 1.0, 1.0, 1.0, 1.0, 1.0, 1.0, 1.0, 1.0, 1.0, 1.0, 1.0, 1.0, 1.0, 1.0, 1.0, 1.0, 1.0, 1.0, 1.0, 1.0, 1.0, 1.0, 1.0, 1.0, 1.0, 1.0, 1.0, 1.0, 1.0, 1.0, 1.0, 1.0, 1.0, 1.0, 1.0, 1.0, 1.0, 1.0, 1.0, 1.0, 1.0, 1.0, 1.0, 1.0, 1.0, 1.0, 1.0, 1.0, 1.0, 1.0, 1.0, 1.0, 1.0, 1.0, 1.0, 1.0, 1.0, 1.0, 1.0, 1.0, 1.0, 1.0, 1.0, 1.0, 1.0, 1.0, 1.0, 1.0, 1.0, 1.0, 1.0, 1.0, 1.0, 1.0, 1.0, 1.0, 1.0, 1.0, 1.0, 1.0, 1.0, 1.0, 1.0, 1.0, 1.0, 1.0, 1.0, 1.0, 1.0, 1.0, 1.0, 1.0, 1.0, 1.0, 1.0, 1.0, 1.0, 1.0, 1.0, 1.0, 1.0, 1.0, 1.0, 1.0, 1.0, 1.0, 1.0, 1.0, 1.0, 1.0]
valid_accuracy_list: [0.122, 0.122, 0.058, 0.162, 0.156, 0.122, 0.114, 0.072, 0.072, 0.074, 0.074, 0.33, 0.064, 0.06, 0.074, 0.116, 0.122, 0.166, 0.184, 0.17, 0.172, 0.188, 0.164, 0.176, 0.082, 0.074, 0.092, 0.14, 0.196, 0.278, 0.28, 0.376, 0.328, 0.34, 0.36, 0.402, 0.57, 0.532, 0.566, 0.616, 0.634, 0.672, 0.706, 0.7, 0.676, 0.692, 0.708, 0.7, 0.7, 0.7, 0.71, 0.712, 0.726, 0.714, 0.71, 0.716, 0.704, 0.704, 0.696, 0.69, 0.688, 0.682, 0.676, 0.674, 0.67, 0.668, 0.664, 0.664, 0.66, 0.66, 0.66, 0.656, 0.658, 0.658, 0.66, 0.662, 0.662, 0.66, 0.66, 0.66, 0.66, 0.66, 0.662, 0.662, 0.662, 0.664, 0.664, 0.664, 0.664, 0.662, 0.662, 0.662, 0.662, 0.662, 0.662, 0.662, 0.664, 0.664, 0.664, 0.664, 0.664, 0.662, 0.664, 0.664, 0.664, 0.662, 0.662, 0.662, 0.662, 0.662, 0.662, 0.662, 0.662, 0.662, 0.662, 0.662, 0.662, 0.662, 0.662, 0.662, 0.662, 0.662, 0.662, 0.662, 0.662, 0.662, 0.662, 0.662, 0.662, 0.662, 0.662, 0.662, 0.662, 0.662, 0.662, 0.662, 0.662, 0.662, 0.662, 0.662, 0.662, 0.662, 0.662, 0.662, 0.662, 0.662, 0.662, 0.662, 0.662, 0.662, 0.662, 0.662, 0.662, 0.662, 0.662, 0.662, 0.662, 0.662, 0.662, 0.662, 0.662, 0.662, 0.662, 0.662, 0.662, 0.662, 0.662, 0.662, 0.662, 0.662, 0.662, 0.662, 0.662, 0.662, 0.662, 0.662, 0.662, 0.662, 0.662, 0.662, 0.662, 0.662, 0.66, 0.66, 0.662, 0.662, 0.662, 0.66, 0.662, 0.664, 0.666, 0.668, 0.666, 0.664, 0.664, 0.666, 0.668, 0.668, 0.67, 0.67, 0.67, 0.67, 0.67, 0.67, 0.67, 0.67, 0.672, 0.672, 0.672, 0.672, 0.672, 0.672, 0.672, 0.672, 0.674, 0.674, 0.676, 0.676, 0.676, 0.676, 0.676, 0.676, 0.678, 0.678, 0.678, 0.678, 0.678, 0.678, 0.68, 0.68, 0.68, 0.68, 0.68, 0.68, 0.68, 0.68, 0.68, 0.68, 0.68, 0.68, 0.68, 0.68, 0.68, 0.68, 0.68, 0.68, 0.68, 0.68, 0.68, 0.68, 0.68, 0.68, 0.68, 0.68, 0.68, 0.68, 0.68, 0.68, 0.68, 0.68, 0.68, 0.68, 0.68, 0.68, 0.68, 0.68, 0.68, 0.68, 0.68, 0.682, 0.682, 0.682, 0.684, 0.684, 0.684, 0.684, 0.684, 0.684, 0.684, 0.684, 0.684, 0.684, 0.684, 0.684, 0.684, 0.684, 0.684, 0.684, 0.684, 0.686, 0.686, 0.686, 0.688, 0.69, 0.692, 0.692, 0.692, 0.69, 0.69, 0.69, 0.69, 0.69, 0.69, 0.69, 0.69, 0.69, 0.69, 0.69, 0.69, 0.69, 0.69, 0.69, 0.69, 0.69, 0.69, 0.69, 0.69, 0.69, 0.69, 0.69, 0.69, 0.69, 0.69, 0.69, 0.69, 0.69, 0.69, 0.69, 0.69, 0.69, 0.69, 0.69, 0.69, 0.69, 0.69, 0.69, 0.69, 0.69, 0.69, 0.69, 0.69, 0.69, 0.69, 0.69, 0.69, 0.692, 0.692, 0.692, 0.694, 0.694, 0.694, 0.694, 0.694, 0.694, 0.696, 0.696, 0.696, 0.696, 0.696, 0.696, 0.696, 0.696, 0.696, 0.696, 0.696, 0.696, 0.696, 0.696, 0.696, 0.696, 0.696, 0.696, 0.696, 0.696, 0.696, 0.696, 0.696, 0.696, 0.696, 0.696, 0.696, 0.696, 0.696, 0.696, 0.696, 0.696, 0.696, 0.696, 0.696, 0.696, 0.696, 0.694, 0.694, 0.694, 0.694, 0.694, 0.692, 0.692, 0.692]
test_accuracy_list: [0.13, 0.13, 0.064, 0.149, 0.144, 0.13, 0.103, 0.091, 0.091, 0.091, 0.091, 0.329, 0.065, 0.063, 0.07, 0.105, 0.13, 0.16, 0.168, 0.159, 0.161, 0.181, 0.163, 0.165, 0.107, 0.094, 0.116, 0.149, 0.199, 0.261, 0.247, 0.34, 0.302, 0.32, 0.349, 0.385, 0.543, 0.54, 0.58, 0.624, 0.645, 0.703, 0.709, 0.692, 0.663, 0.682, 0.705, 0.708, 0.712, 0.722, 0.723, 0.726, 0.732, 0.732, 0.731, 0.726, 0.72, 0.721, 0.717, 0.71, 0.706, 0.704, 0.704, 0.705, 0.703, 0.703, 0.701, 0.702, 0.701, 0.701, 0.701, 0.701, 0.701, 0.701, 0.701, 0.701, 0.701, 0.699, 0.697, 0.697, 0.698, 0.697, 0.697, 0.696, 0.696, 0.695, 0.695, 0.694, 0.695, 0.695, 0.695, 0.695, 0.697, 0.697, 0.697, 0.698, 0.699, 0.699, 0.7, 0.7, 0.699, 0.699, 0.698, 0.698, 0.697, 0.697, 0.697, 0.697, 0.697, 0.697, 0.697, 0.697, 0.697, 0.697, 0.697, 0.697, 0.697, 0.697, 0.697, 0.697, 0.697, 0.697, 0.697, 0.697, 0.697, 0.697, 0.697, 0.697, 0.697, 0.697, 0.697, 0.697, 0.696, 0.696, 0.696, 0.696, 0.696, 0.696, 0.696, 0.696, 0.696, 0.696, 0.696, 0.696, 0.696, 0.696, 0.696, 0.696, 0.696, 0.696, 0.696, 0.696, 0.696, 0.696, 0.696, 0.696, 0.696, 0.696, 0.697, 0.697, 0.697, 0.697, 0.697, 0.697, 0.697, 0.697, 0.697, 0.697, 0.697, 0.697, 0.697, 0.698, 0.698, 0.699, 0.699, 0.701, 0.702, 0.702, 0.702, 0.702, 0.702, 0.702, 0.702, 0.701, 0.7, 0.7, 0.7, 0.7, 0.7, 0.701, 0.7, 0.702, 0.702, 0.702, 0.703, 0.704, 0.703, 0.703, 0.702, 0.704, 0.703, 0.704, 0.704, 0.704, 0.704, 0.704, 0.705, 0.705, 0.705, 0.704, 0.704, 0.705, 0.706, 0.706, 0.706, 0.707, 0.707, 0.707, 0.707, 0.707, 0.707, 0.707, 0.707, 0.707, 0.708, 0.708, 0.708, 0.708, 0.708, 0.708, 0.709, 0.709, 0.709, 0.709, 0.709, 0.709, 0.709, 0.709, 0.709, 0.709, 0.708, 0.708, 0.708, 0.708, 0.708, 0.708, 0.708, 0.708, 0.708, 0.708, 0.709, 0.709, 0.71, 0.71, 0.71, 0.711, 0.711, 0.711, 0.712, 0.712, 0.712, 0.712, 0.712, 0.712, 0.712, 0.712, 0.712, 0.712, 0.712, 0.712, 0.712, 0.711, 0.711, 0.711, 0.711, 0.711, 0.711, 0.711, 0.711, 0.711, 0.711, 0.711, 0.711, 0.711, 0.711, 0.711, 0.711, 0.711, 0.711, 0.711, 0.711, 0.711, 0.712, 0.712, 0.712, 0.712, 0.712, 0.712, 0.712, 0.712, 0.712, 0.712, 0.712, 0.712, 0.712, 0.712, 0.712, 0.712, 0.712, 0.713, 0.713, 0.713, 0.713, 0.713, 0.713, 0.713, 0.713, 0.713, 0.713, 0.713, 0.713, 0.713, 0.713, 0.713, 0.713, 0.713, 0.713, 0.713, 0.713, 0.713, 0.713, 0.713, 0.713, 0.713, 0.713, 0.714, 0.714, 0.713, 0.713, 0.713, 0.713, 0.713, 0.713, 0.713, 0.713, 0.713, 0.713, 0.713, 0.713, 0.713, 0.713, 0.713, 0.713, 0.713, 0.713, 0.713, 0.712, 0.712, 0.713, 0.713, 0.713, 0.713, 0.713, 0.713, 0.713, 0.713, 0.713, 0.713, 0.713, 0.713, 0.714, 0.715, 0.715, 0.715, 0.715, 0.715, 0.715, 0.715, 0.715, 0.714, 0.714, 0.714, 0.714, 0.714, 0.714, 0.714, 0.714, 0.714, 0.714, 0.714, 0.714, 0.714, 0.714, 0.714, 0.714, 0.714, 0.715, 0.715, 0.715]
best validation: 0.726
best test: 0.732
num distinct structures: 2365
Experiment run 6
dataset: Cora
num_mp_layers: 3
num_fl_layers: 2
mp_hidden_dim: 8000
fl_hidden_dim: 512
epsilon: 1.118033988749895
optimizer_lr: 0.01
loss_func: CrossEntropyLoss
total_epoch: 400
Epoch: 50, Loss: 0.0003, Train: 100.00%, Valid: 69.80%, Test: 70.90%, Best Valid: 73.20%, Best Test: 76.10%
Epoch: 100, Loss: 0.0000, Train: 100.00%, Valid: 72.60%, Test: 73.80%, Best Valid: 73.20%, Best Test: 76.10%
Epoch: 150, Loss: 0.0000, Train: 100.00%, Valid: 72.60%, Test: 73.90%, Best Valid: 73.20%, Best Test: 76.10%
Epoch: 200, Loss: 0.0000, Train: 100.00%, Valid: 72.80%, Test: 73.90%, Best Valid: 73.20%, Best Test: 76.10%
Epoch: 250, Loss: 0.0000, Train: 100.00%, Valid: 72.40%, Test: 73.50%, Best Valid: 73.20%, Best Test: 76.10%
Epoch: 300, Loss: 0.0000, Train: 100.00%, Valid: 72.40%, Test: 73.40%, Best Valid: 73.20%, Best Test: 76.10%
Epoch: 350, Loss: 0.0000, Train: 100.00%, Valid: 72.40%, Test: 73.30%, Best Valid: 73.20%, Best Test: 76.10%
train_accuracy_list: [0.14285714285714285, 0.14285714285714285, 0.14285714285714285, 0.15, 0.14285714285714285, 0.14285714285714285, 0.14285714285714285, 0.14285714285714285, 0.14285714285714285, 0.14285714285714285, 0.18571428571428572, 0.14285714285714285, 0.14285714285714285, 0.15, 0.14285714285714285, 0.14285714285714285, 0.15714285714285714, 0.15, 0.22142857142857142, 0.17142857142857143, 0.17857142857142858, 0.17857142857142858, 0.17142857142857143, 0.3, 0.5285714285714286, 0.5714285714285714, 0.6071428571428571, 0.6428571428571429, 0.7214285714285714, 0.7642857142857142, 0.8714285714285714, 0.9571428571428572, 0.9571428571428572, 0.9785714285714285, 0.9642857142857143, 0.9785714285714285, 0.9642857142857143, 0.9642857142857143, 0.9928571428571429, 0.9857142857142858, 0.9928571428571429, 0.9857142857142858, 1.0, 1.0, 1.0, 1.0, 1.0, 1.0, 1.0, 1.0, 1.0, 1.0, 1.0, 1.0, 1.0, 1.0, 1.0, 1.0, 1.0, 1.0, 1.0, 1.0, 1.0, 1.0, 1.0, 1.0, 1.0, 1.0, 1.0, 1.0, 1.0, 1.0, 1.0, 1.0, 1.0, 1.0, 1.0, 1.0, 1.0, 1.0, 1.0, 1.0, 1.0, 1.0, 1.0, 1.0, 1.0, 1.0, 1.0, 1.0, 1.0, 1.0, 1.0, 1.0, 1.0, 1.0, 1.0, 1.0, 1.0, 1.0, 1.0, 1.0, 1.0, 1.0, 1.0, 1.0, 1.0, 1.0, 1.0, 1.0, 1.0, 1.0, 1.0, 1.0, 1.0, 1.0, 1.0, 1.0, 1.0, 1.0, 1.0, 1.0, 1.0, 1.0, 1.0, 1.0, 1.0, 1.0, 1.0, 1.0, 1.0, 1.0, 1.0, 1.0, 1.0, 1.0, 1.0, 1.0, 1.0, 1.0, 1.0, 1.0, 1.0, 1.0, 1.0, 1.0, 1.0, 1.0, 1.0, 1.0, 1.0, 1.0, 1.0, 1.0, 1.0, 1.0, 1.0, 1.0, 1.0, 1.0, 1.0, 1.0, 1.0, 1.0, 1.0, 1.0, 1.0, 1.0, 1.0, 1.0, 1.0, 1.0, 1.0, 1.0, 1.0, 1.0, 1.0, 1.0, 1.0, 1.0, 1.0, 1.0, 1.0, 1.0, 1.0, 1.0, 1.0, 1.0, 1.0, 1.0, 1.0, 1.0, 1.0, 1.0, 1.0, 1.0, 1.0, 1.0, 1.0, 1.0, 1.0, 1.0, 1.0, 1.0, 1.0, 1.0, 1.0, 1.0, 1.0, 1.0, 1.0, 1.0, 1.0, 1.0, 1.0, 1.0, 1.0, 1.0, 1.0, 1.0, 1.0, 1.0, 1.0, 1.0, 1.0, 1.0, 1.0, 1.0, 1.0, 1.0, 1.0, 1.0, 1.0, 1.0, 1.0, 1.0, 1.0, 1.0, 1.0, 1.0, 1.0, 1.0, 1.0, 1.0, 1.0, 1.0, 1.0, 1.0, 1.0, 1.0, 1.0, 1.0, 1.0, 1.0, 1.0, 1.0, 1.0, 1.0, 1.0, 1.0, 1.0, 1.0, 1.0, 1.0, 1.0, 1.0, 1.0, 1.0, 1.0, 1.0, 1.0, 1.0, 1.0, 1.0, 1.0, 1.0, 1.0, 1.0, 1.0, 1.0, 1.0, 1.0, 1.0, 1.0, 1.0, 1.0, 1.0, 1.0, 1.0, 1.0, 1.0, 1.0, 1.0, 1.0, 1.0, 1.0, 1.0, 1.0, 1.0, 1.0, 1.0, 1.0, 1.0, 1.0, 1.0, 1.0, 1.0, 1.0, 1.0, 1.0, 1.0, 1.0, 1.0, 1.0, 1.0, 1.0, 1.0, 1.0, 1.0, 1.0, 1.0, 1.0, 1.0, 1.0, 1.0, 1.0, 1.0, 1.0, 1.0, 1.0, 1.0, 1.0, 1.0, 1.0, 1.0, 1.0, 1.0, 1.0, 1.0, 1.0, 1.0, 1.0, 1.0, 1.0, 1.0, 1.0, 1.0, 1.0, 1.0, 1.0, 1.0, 1.0, 1.0, 1.0, 1.0, 1.0, 1.0, 1.0, 1.0, 1.0, 1.0, 1.0, 1.0, 1.0, 1.0, 1.0, 1.0, 1.0, 1.0, 1.0, 1.0, 1.0, 1.0, 1.0, 1.0, 1.0, 1.0, 1.0, 1.0, 1.0, 1.0, 1.0, 1.0, 1.0, 1.0, 1.0, 1.0, 1.0, 1.0, 1.0, 1.0, 1.0, 1.0, 1.0, 1.0, 1.0, 1.0, 1.0, 1.0]
valid_accuracy_list: [0.072, 0.072, 0.162, 0.114, 0.316, 0.316, 0.122, 0.122, 0.122, 0.122, 0.074, 0.162, 0.162, 0.164, 0.114, 0.114, 0.116, 0.058, 0.124, 0.124, 0.132, 0.184, 0.164, 0.202, 0.312, 0.296, 0.38, 0.426, 0.53, 0.59, 0.578, 0.68, 0.636, 0.646, 0.698, 0.63, 0.724, 0.598, 0.714, 0.732, 0.71, 0.698, 0.7, 0.708, 0.718, 0.7, 0.698, 0.694, 0.704, 0.698, 0.7, 0.692, 0.69, 0.69, 0.704, 0.702, 0.704, 0.706, 0.714, 0.718, 0.718, 0.72, 0.724, 0.724, 0.724, 0.722, 0.722, 0.722, 0.722, 0.722, 0.722, 0.722, 0.722, 0.72, 0.72, 0.718, 0.72, 0.72, 0.726, 0.724, 0.724, 0.724, 0.726, 0.724, 0.724, 0.724, 0.726, 0.724, 0.724, 0.726, 0.726, 0.728, 0.728, 0.728, 0.728, 0.728, 0.728, 0.728, 0.726, 0.726, 0.724, 0.724, 0.726, 0.726, 0.724, 0.724, 0.724, 0.724, 0.726, 0.726, 0.726, 0.724, 0.724, 0.724, 0.724, 0.724, 0.724, 0.724, 0.724, 0.724, 0.724, 0.724, 0.726, 0.726, 0.726, 0.726, 0.724, 0.724, 0.724, 0.724, 0.724, 0.724, 0.724, 0.724, 0.724, 0.724, 0.724, 0.724, 0.724, 0.724, 0.726, 0.726, 0.726, 0.726, 0.726, 0.726, 0.726, 0.726, 0.726, 0.726, 0.726, 0.726, 0.726, 0.726, 0.726, 0.726, 0.726, 0.726, 0.726, 0.726, 0.726, 0.726, 0.726, 0.726, 0.726, 0.726, 0.728, 0.728, 0.728, 0.728, 0.728, 0.728, 0.728, 0.728, 0.728, 0.728, 0.728, 0.728, 0.728, 0.728, 0.728, 0.728, 0.728, 0.728, 0.728, 0.728, 0.728, 0.728, 0.728, 0.728, 0.728, 0.728, 0.728, 0.728, 0.728, 0.728, 0.728, 0.728, 0.728, 0.728, 0.728, 0.728, 0.728, 0.728, 0.728, 0.728, 0.728, 0.728, 0.728, 0.728, 0.728, 0.728, 0.728, 0.728, 0.728, 0.728, 0.728, 0.728, 0.726, 0.726, 0.726, 0.726, 0.726, 0.726, 0.726, 0.726, 0.726, 0.726, 0.726, 0.726, 0.726, 0.726, 0.726, 0.726, 0.726, 0.726, 0.726, 0.726, 0.726, 0.726, 0.726, 0.726, 0.726, 0.726, 0.726, 0.724, 0.724, 0.724, 0.724, 0.724, 0.724, 0.724, 0.724, 0.724, 0.724, 0.724, 0.724, 0.724, 0.724, 0.724, 0.724, 0.724, 0.724, 0.724, 0.724, 0.724, 0.724, 0.724, 0.724, 0.724, 0.724, 0.724, 0.724, 0.724, 0.724, 0.724, 0.724, 0.724, 0.724, 0.724, 0.724, 0.724, 0.724, 0.724, 0.724, 0.724, 0.724, 0.724, 0.724, 0.724, 0.724, 0.724, 0.724, 0.724, 0.724, 0.724, 0.724, 0.724, 0.724, 0.724, 0.724, 0.724, 0.724, 0.724, 0.724, 0.724, 0.724, 0.724, 0.724, 0.724, 0.724, 0.724, 0.724, 0.724, 0.724, 0.724, 0.724, 0.724, 0.724, 0.724, 0.724, 0.724, 0.724, 0.724, 0.724, 0.724, 0.724, 0.724, 0.724, 0.724, 0.724, 0.724, 0.724, 0.724, 0.724, 0.724, 0.724, 0.724, 0.724, 0.724, 0.724, 0.724, 0.724, 0.724, 0.724, 0.724, 0.724, 0.724, 0.724, 0.724, 0.724, 0.724, 0.724, 0.724, 0.724, 0.724, 0.724, 0.724, 0.724, 0.724, 0.724, 0.724, 0.724, 0.724, 0.724, 0.724, 0.724, 0.724, 0.724, 0.724, 0.724, 0.724, 0.726, 0.726, 0.726, 0.726, 0.726, 0.726, 0.726, 0.726, 0.726, 0.726, 0.726, 0.726, 0.726, 0.726, 0.726, 0.726, 0.726, 0.726, 0.726, 0.726, 0.726, 0.726, 0.726, 0.726, 0.726, 0.726, 0.726]
test_accuracy_list: [0.091, 0.091, 0.149, 0.103, 0.319, 0.319, 0.13, 0.13, 0.13, 0.13, 0.078, 0.149, 0.149, 0.149, 0.103, 0.103, 0.104, 0.064, 0.142, 0.131, 0.139, 0.16, 0.149, 0.207, 0.33, 0.32, 0.378, 0.454, 0.542, 0.625, 0.618, 0.712, 0.638, 0.644, 0.736, 0.659, 0.737, 0.603, 0.727, 0.761, 0.74, 0.698, 0.698, 0.711, 0.708, 0.704, 0.697, 0.701, 0.707, 0.709, 0.71, 0.712, 0.715, 0.72, 0.726, 0.73, 0.733, 0.734, 0.736, 0.739, 0.742, 0.742, 0.745, 0.747, 0.75, 0.748, 0.75, 0.751, 0.751, 0.751, 0.752, 0.751, 0.751, 0.75, 0.749, 0.748, 0.747, 0.747, 0.746, 0.746, 0.744, 0.743, 0.742, 0.742, 0.742, 0.742, 0.742, 0.742, 0.742, 0.742, 0.739, 0.74, 0.739, 0.74, 0.74, 0.74, 0.738, 0.738, 0.738, 0.738, 0.738, 0.738, 0.738, 0.738, 0.738, 0.74, 0.74, 0.738, 0.738, 0.738, 0.738, 0.738, 0.738, 0.738, 0.738, 0.738, 0.738, 0.738, 0.738, 0.738, 0.737, 0.737, 0.737, 0.737, 0.737, 0.737, 0.737, 0.737, 0.737, 0.737, 0.737, 0.738, 0.738, 0.738, 0.738, 0.738, 0.738, 0.738, 0.738, 0.739, 0.739, 0.739, 0.739, 0.739, 0.739, 0.739, 0.739, 0.739, 0.739, 0.739, 0.739, 0.739, 0.739, 0.739, 0.739, 0.739, 0.739, 0.739, 0.739, 0.739, 0.739, 0.739, 0.739, 0.739, 0.739, 0.739, 0.739, 0.739, 0.739, 0.739, 0.739, 0.739, 0.739, 0.739, 0.739, 0.739, 0.739, 0.739, 0.739, 0.739, 0.739, 0.739, 0.739, 0.739, 0.739, 0.739, 0.739, 0.739, 0.739, 0.739, 0.739, 0.739, 0.739, 0.739, 0.738, 0.739, 0.739, 0.739, 0.739, 0.739, 0.739, 0.739, 0.738, 0.738, 0.738, 0.737, 0.737, 0.737, 0.737, 0.737, 0.737, 0.737, 0.737, 0.737, 0.737, 0.737, 0.737, 0.737, 0.737, 0.737, 0.736, 0.736, 0.736, 0.736, 0.736, 0.736, 0.735, 0.735, 0.735, 0.734, 0.734, 0.734, 0.734, 0.734, 0.734, 0.734, 0.734, 0.734, 0.734, 0.734, 0.734, 0.734, 0.734, 0.734, 0.734, 0.734, 0.734, 0.734, 0.735, 0.735, 0.735, 0.735, 0.735, 0.735, 0.735, 0.735, 0.735, 0.735, 0.735, 0.735, 0.735, 0.735, 0.735, 0.735, 0.735, 0.735, 0.735, 0.735, 0.735, 0.735, 0.735, 0.735, 0.735, 0.735, 0.735, 0.735, 0.735, 0.735, 0.735, 0.735, 0.735, 0.735, 0.735, 0.735, 0.735, 0.735, 0.735, 0.735, 0.735, 0.735, 0.735, 0.735, 0.735, 0.735, 0.735, 0.734, 0.734, 0.734, 0.734, 0.734, 0.734, 0.734, 0.734, 0.734, 0.734, 0.734, 0.734, 0.734, 0.734, 0.734, 0.734, 0.734, 0.734, 0.734, 0.734, 0.734, 0.734, 0.734, 0.734, 0.734, 0.734, 0.734, 0.734, 0.734, 0.734, 0.734, 0.734, 0.734, 0.734, 0.734, 0.734, 0.734, 0.734, 0.734, 0.734, 0.733, 0.733, 0.733, 0.733, 0.733, 0.733, 0.733, 0.733, 0.733, 0.733, 0.733, 0.733, 0.733, 0.733, 0.733, 0.733, 0.733, 0.733, 0.733, 0.733, 0.733, 0.733, 0.733, 0.733, 0.733, 0.733, 0.733, 0.733, 0.733, 0.733, 0.733, 0.733, 0.733, 0.733, 0.733, 0.733, 0.733, 0.733, 0.733, 0.733, 0.733, 0.733, 0.733, 0.733, 0.733, 0.733, 0.733, 0.733, 0.733, 0.733, 0.733, 0.733, 0.733, 0.733, 0.733, 0.733, 0.733, 0.733, 0.733, 0.733, 0.733, 0.733, 0.733, 0.733]
best validation: 0.732
best test: 0.761
End abalation study
