/Users/yifanguan/gnn_research/GraphLearning/venv/bin/python main.py --fc_width --train_mp
Begin abalation study
num distinct structures: 2365
Experiment run 0
dataset: Cora
num_mp_layers: 3
num_fl_layers: 2
mp_hidden_dim: 3000
fl_hidden_dim: 16
epsilon: 1.118033988749895
optimizer_lr: 0.01
loss_func: CrossEntropyLoss
total_epoch: 400
Epoch: 50, Loss: 0.6964, Train: 89.29%, Valid: 58.20%, Test: 59.50%, Best Valid: 62.20%, Best Test: 60.60%
Epoch: 100, Loss: 0.0104, Train: 100.00%, Valid: 71.00%, Test: 69.30%, Best Valid: 72.20%, Best Test: 71.60%
Epoch: 150, Loss: 0.0007, Train: 100.00%, Valid: 72.40%, Test: 70.40%, Best Valid: 73.00%, Best Test: 71.60%
Epoch: 200, Loss: 0.0002, Train: 100.00%, Valid: 73.00%, Test: 69.80%, Best Valid: 73.20%, Best Test: 71.60%
Epoch: 250, Loss: 0.0001, Train: 100.00%, Valid: 71.60%, Test: 68.70%, Best Valid: 73.20%, Best Test: 71.60%
Epoch: 300, Loss: 0.0001, Train: 100.00%, Valid: 70.80%, Test: 68.80%, Best Valid: 73.20%, Best Test: 71.60%
Epoch: 350, Loss: 0.0000, Train: 100.00%, Valid: 70.40%, Test: 68.60%, Best Valid: 73.20%, Best Test: 71.60%
train_accuracy_list: [0.0, 0.0, 0.0, 0.0, 0.007142857142857143, 0.14285714285714285, 0.14285714285714285, 0.14285714285714285, 0.14285714285714285, 0.14285714285714285, 0.14285714285714285, 0.14285714285714285, 0.15, 0.14285714285714285, 0.14285714285714285, 0.14285714285714285, 0.2, 0.14285714285714285, 0.15, 0.2, 0.35, 0.2785714285714286, 0.25, 0.2714285714285714, 0.3142857142857143, 0.22142857142857142, 0.15714285714285714, 0.15, 0.15714285714285714, 0.39285714285714285, 0.24285714285714285, 0.24285714285714285, 0.2642857142857143, 0.2785714285714286, 0.34285714285714286, 0.4714285714285714, 0.5857142857142857, 0.45, 0.5, 0.5142857142857142, 0.4642857142857143, 0.4642857142857143, 0.5, 0.7642857142857142, 0.7928571428571428, 0.7, 0.6928571428571428, 0.7714285714285715, 0.7714285714285715, 0.8928571428571429, 0.8714285714285714, 0.8857142857142857, 0.8785714285714286, 0.8785714285714286, 0.9, 0.9571428571428572, 0.9571428571428572, 0.9642857142857143, 0.9714285714285714, 0.9714285714285714, 0.9857142857142858, 0.9857142857142858, 0.9857142857142858, 0.9928571428571429, 0.9857142857142858, 1.0, 0.9714285714285714, 0.8857142857142857, 0.9785714285714285, 0.8285714285714286, 0.9785714285714285, 0.7785714285714286, 0.9857142857142858, 0.6928571428571428, 0.9785714285714285, 0.9285714285714286, 0.8285714285714286, 0.9714285714285714, 0.9857142857142858, 0.9785714285714285, 0.9714285714285714, 0.9714285714285714, 0.9571428571428572, 0.9642857142857143, 0.9785714285714285, 0.9928571428571429, 0.9857142857142858, 0.9928571428571429, 1.0, 1.0, 1.0, 1.0, 1.0, 1.0, 0.9928571428571429, 0.9928571428571429, 0.9928571428571429, 0.9928571428571429, 0.9928571428571429, 1.0, 1.0, 1.0, 1.0, 1.0, 1.0, 1.0, 1.0, 1.0, 1.0, 1.0, 1.0, 1.0, 1.0, 1.0, 1.0, 1.0, 1.0, 1.0, 1.0, 1.0, 1.0, 1.0, 1.0, 1.0, 1.0, 1.0, 1.0, 1.0, 1.0, 1.0, 1.0, 1.0, 1.0, 1.0, 1.0, 1.0, 1.0, 1.0, 1.0, 1.0, 1.0, 1.0, 1.0, 1.0, 1.0, 1.0, 1.0, 1.0, 1.0, 1.0, 1.0, 1.0, 1.0, 1.0, 1.0, 1.0, 1.0, 1.0, 1.0, 1.0, 1.0, 1.0, 1.0, 1.0, 1.0, 1.0, 1.0, 1.0, 1.0, 1.0, 1.0, 1.0, 1.0, 1.0, 1.0, 1.0, 1.0, 1.0, 1.0, 1.0, 1.0, 1.0, 1.0, 1.0, 1.0, 1.0, 1.0, 1.0, 1.0, 1.0, 1.0, 1.0, 1.0, 1.0, 1.0, 1.0, 1.0, 1.0, 1.0, 1.0, 1.0, 1.0, 1.0, 1.0, 1.0, 1.0, 1.0, 1.0, 1.0, 1.0, 1.0, 1.0, 1.0, 1.0, 1.0, 1.0, 1.0, 1.0, 1.0, 1.0, 1.0, 1.0, 1.0, 1.0, 1.0, 1.0, 1.0, 1.0, 1.0, 1.0, 1.0, 1.0, 1.0, 1.0, 1.0, 1.0, 1.0, 1.0, 1.0, 1.0, 1.0, 1.0, 1.0, 1.0, 1.0, 1.0, 1.0, 1.0, 1.0, 1.0, 1.0, 1.0, 1.0, 1.0, 1.0, 1.0, 1.0, 1.0, 1.0, 1.0, 1.0, 1.0, 1.0, 1.0, 1.0, 1.0, 1.0, 1.0, 1.0, 1.0, 1.0, 1.0, 1.0, 1.0, 1.0, 1.0, 1.0, 1.0, 1.0, 1.0, 1.0, 1.0, 1.0, 1.0, 1.0, 1.0, 1.0, 1.0, 1.0, 1.0, 1.0, 1.0, 1.0, 1.0, 1.0, 1.0, 1.0, 1.0, 1.0, 1.0, 1.0, 1.0, 1.0, 1.0, 1.0, 1.0, 1.0, 1.0, 1.0, 1.0, 1.0, 1.0, 1.0, 1.0, 1.0, 1.0, 1.0, 1.0, 1.0, 1.0, 1.0, 1.0, 1.0, 1.0, 1.0, 1.0, 1.0, 1.0, 1.0, 1.0, 1.0, 1.0, 1.0, 1.0, 1.0, 1.0, 1.0, 1.0, 1.0, 1.0, 1.0, 1.0, 1.0, 1.0, 1.0, 1.0, 1.0, 1.0, 1.0, 1.0, 1.0, 1.0, 1.0, 1.0, 1.0, 1.0, 1.0, 1.0, 1.0, 1.0, 1.0, 1.0, 1.0, 1.0, 1.0, 1.0, 1.0, 1.0, 1.0, 1.0, 1.0, 1.0, 1.0, 1.0, 1.0, 1.0, 1.0, 1.0, 1.0, 1.0, 1.0, 1.0, 1.0, 1.0, 1.0, 1.0, 1.0, 1.0, 1.0, 1.0, 1.0, 1.0, 1.0, 1.0, 1.0, 1.0, 1.0, 1.0, 1.0]
valid_accuracy_list: [0.0, 0.0, 0.0, 0.0, 0.03, 0.162, 0.162, 0.162, 0.156, 0.114, 0.072, 0.058, 0.124, 0.122, 0.122, 0.122, 0.164, 0.156, 0.158, 0.186, 0.268, 0.166, 0.108, 0.162, 0.252, 0.14, 0.12, 0.12, 0.12, 0.168, 0.13, 0.13, 0.138, 0.144, 0.152, 0.262, 0.412, 0.448, 0.506, 0.582, 0.46, 0.388, 0.43, 0.622, 0.57, 0.54, 0.536, 0.58, 0.572, 0.582, 0.626, 0.618, 0.606, 0.612, 0.6, 0.61, 0.604, 0.596, 0.578, 0.592, 0.588, 0.568, 0.554, 0.542, 0.526, 0.552, 0.496, 0.586, 0.514, 0.43, 0.608, 0.55, 0.6, 0.38, 0.488, 0.506, 0.484, 0.534, 0.562, 0.584, 0.602, 0.618, 0.624, 0.636, 0.66, 0.66, 0.666, 0.674, 0.688, 0.692, 0.696, 0.696, 0.706, 0.714, 0.71, 0.714, 0.722, 0.716, 0.712, 0.71, 0.708, 0.708, 0.716, 0.72, 0.72, 0.716, 0.714, 0.724, 0.724, 0.724, 0.726, 0.726, 0.726, 0.726, 0.73, 0.73, 0.728, 0.73, 0.73, 0.73, 0.73, 0.73, 0.73, 0.728, 0.728, 0.728, 0.724, 0.722, 0.722, 0.724, 0.724, 0.728, 0.728, 0.726, 0.726, 0.726, 0.726, 0.726, 0.726, 0.726, 0.726, 0.726, 0.726, 0.728, 0.728, 0.728, 0.726, 0.724, 0.724, 0.724, 0.726, 0.726, 0.728, 0.726, 0.726, 0.726, 0.728, 0.726, 0.726, 0.726, 0.726, 0.724, 0.724, 0.724, 0.724, 0.722, 0.722, 0.724, 0.724, 0.724, 0.724, 0.724, 0.724, 0.724, 0.724, 0.724, 0.724, 0.724, 0.724, 0.724, 0.724, 0.724, 0.724, 0.724, 0.726, 0.728, 0.728, 0.728, 0.732, 0.732, 0.732, 0.732, 0.732, 0.732, 0.732, 0.732, 0.732, 0.732, 0.73, 0.73, 0.73, 0.73, 0.73, 0.726, 0.728, 0.728, 0.728, 0.726, 0.726, 0.726, 0.726, 0.726, 0.726, 0.726, 0.726, 0.726, 0.726, 0.724, 0.724, 0.724, 0.724, 0.724, 0.724, 0.724, 0.724, 0.724, 0.724, 0.724, 0.722, 0.724, 0.72, 0.718, 0.718, 0.718, 0.718, 0.72, 0.72, 0.72, 0.72, 0.72, 0.72, 0.718, 0.716, 0.716, 0.716, 0.716, 0.716, 0.716, 0.716, 0.716, 0.716, 0.718, 0.718, 0.718, 0.718, 0.716, 0.716, 0.716, 0.714, 0.712, 0.712, 0.712, 0.712, 0.712, 0.712, 0.712, 0.712, 0.712, 0.71, 0.71, 0.71, 0.71, 0.71, 0.71, 0.71, 0.71, 0.71, 0.71, 0.71, 0.708, 0.708, 0.708, 0.708, 0.708, 0.708, 0.708, 0.708, 0.708, 0.708, 0.708, 0.708, 0.708, 0.708, 0.708, 0.708, 0.708, 0.708, 0.708, 0.708, 0.708, 0.708, 0.708, 0.708, 0.706, 0.706, 0.706, 0.706, 0.706, 0.706, 0.706, 0.706, 0.706, 0.706, 0.706, 0.706, 0.706, 0.706, 0.706, 0.706, 0.706, 0.706, 0.706, 0.704, 0.704, 0.702, 0.702, 0.702, 0.702, 0.702, 0.702, 0.702, 0.702, 0.702, 0.704, 0.704, 0.704, 0.704, 0.704, 0.704, 0.704, 0.704, 0.704, 0.704, 0.704, 0.704, 0.704, 0.704, 0.704, 0.704, 0.704, 0.704, 0.704, 0.704, 0.704, 0.704, 0.704, 0.704, 0.704, 0.704, 0.704, 0.704, 0.704, 0.704, 0.704, 0.704, 0.704, 0.704, 0.704, 0.704, 0.704, 0.704, 0.704, 0.704, 0.704, 0.704, 0.704, 0.702, 0.702, 0.702, 0.702, 0.702, 0.702, 0.702, 0.702, 0.702, 0.702, 0.702, 0.702, 0.702, 0.702, 0.702, 0.702, 0.702, 0.702, 0.702, 0.7, 0.7, 0.7, 0.7]
test_accuracy_list: [0.0, 0.0, 0.0, 0.0, 0.039, 0.149, 0.149, 0.149, 0.144, 0.103, 0.091, 0.064, 0.13, 0.13, 0.13, 0.13, 0.154, 0.145, 0.148, 0.167, 0.224, 0.17, 0.132, 0.173, 0.247, 0.129, 0.107, 0.105, 0.109, 0.151, 0.147, 0.145, 0.153, 0.152, 0.177, 0.251, 0.415, 0.426, 0.509, 0.564, 0.462, 0.399, 0.427, 0.606, 0.567, 0.553, 0.545, 0.577, 0.575, 0.595, 0.588, 0.594, 0.608, 0.624, 0.609, 0.601, 0.591, 0.58, 0.58, 0.586, 0.589, 0.571, 0.552, 0.549, 0.537, 0.57, 0.488, 0.584, 0.509, 0.442, 0.604, 0.586, 0.608, 0.406, 0.511, 0.504, 0.481, 0.557, 0.577, 0.594, 0.599, 0.612, 0.616, 0.63, 0.647, 0.666, 0.668, 0.687, 0.7, 0.711, 0.716, 0.712, 0.707, 0.71, 0.705, 0.703, 0.699, 0.696, 0.697, 0.693, 0.693, 0.695, 0.693, 0.695, 0.697, 0.699, 0.698, 0.702, 0.704, 0.706, 0.708, 0.71, 0.712, 0.712, 0.711, 0.713, 0.708, 0.707, 0.707, 0.708, 0.706, 0.707, 0.709, 0.707, 0.707, 0.707, 0.708, 0.707, 0.706, 0.707, 0.707, 0.708, 0.708, 0.709, 0.709, 0.707, 0.705, 0.705, 0.707, 0.707, 0.708, 0.706, 0.706, 0.706, 0.705, 0.706, 0.705, 0.704, 0.704, 0.704, 0.703, 0.704, 0.705, 0.705, 0.704, 0.704, 0.703, 0.702, 0.704, 0.702, 0.702, 0.701, 0.7, 0.701, 0.704, 0.702, 0.702, 0.702, 0.701, 0.701, 0.702, 0.702, 0.702, 0.701, 0.702, 0.702, 0.702, 0.702, 0.702, 0.7, 0.699, 0.699, 0.699, 0.699, 0.699, 0.699, 0.7, 0.699, 0.698, 0.697, 0.697, 0.697, 0.697, 0.697, 0.697, 0.697, 0.698, 0.698, 0.698, 0.698, 0.698, 0.698, 0.699, 0.699, 0.698, 0.696, 0.696, 0.695, 0.695, 0.695, 0.694, 0.693, 0.693, 0.693, 0.692, 0.692, 0.691, 0.691, 0.691, 0.69, 0.69, 0.69, 0.689, 0.688, 0.688, 0.688, 0.688, 0.688, 0.688, 0.687, 0.687, 0.687, 0.686, 0.686, 0.686, 0.686, 0.686, 0.686, 0.687, 0.687, 0.686, 0.686, 0.686, 0.687, 0.687, 0.687, 0.688, 0.688, 0.688, 0.687, 0.687, 0.687, 0.686, 0.686, 0.686, 0.686, 0.686, 0.686, 0.687, 0.687, 0.687, 0.687, 0.687, 0.688, 0.687, 0.687, 0.687, 0.686, 0.686, 0.686, 0.686, 0.686, 0.686, 0.686, 0.686, 0.686, 0.686, 0.686, 0.686, 0.686, 0.688, 0.688, 0.688, 0.688, 0.688, 0.688, 0.688, 0.688, 0.688, 0.688, 0.688, 0.688, 0.688, 0.688, 0.688, 0.688, 0.688, 0.688, 0.688, 0.688, 0.688, 0.687, 0.687, 0.687, 0.686, 0.686, 0.686, 0.685, 0.686, 0.685, 0.685, 0.685, 0.684, 0.684, 0.684, 0.684, 0.684, 0.684, 0.684, 0.684, 0.684, 0.684, 0.685, 0.684, 0.684, 0.684, 0.684, 0.684, 0.684, 0.684, 0.683, 0.684, 0.684, 0.684, 0.684, 0.684, 0.684, 0.685, 0.686, 0.686, 0.686, 0.686, 0.686, 0.686, 0.686, 0.686, 0.686, 0.686, 0.686, 0.686, 0.686, 0.686, 0.686, 0.686, 0.686, 0.686, 0.686, 0.686, 0.685, 0.685, 0.685, 0.684, 0.684, 0.684, 0.685, 0.685, 0.684, 0.684, 0.683, 0.684, 0.684, 0.684, 0.684, 0.684, 0.684, 0.684, 0.684, 0.683, 0.684, 0.684, 0.684, 0.684, 0.684, 0.684, 0.684, 0.684, 0.684, 0.684, 0.684, 0.684, 0.684, 0.684, 0.684, 0.684, 0.684, 0.684, 0.684, 0.684, 0.684]
best validation: 0.732
best test: 0.716
num distinct structures: 2365
Experiment run 1
dataset: Cora
num_mp_layers: 3
num_fl_layers: 2
mp_hidden_dim: 3000
fl_hidden_dim: 32
epsilon: 1.118033988749895
optimizer_lr: 0.01
loss_func: CrossEntropyLoss
total_epoch: 400
Epoch: 50, Loss: 1.3014, Train: 59.29%, Valid: 41.00%, Test: 42.20%, Best Valid: 41.00%, Best Test: 42.20%
Epoch: 100, Loss: 0.0001, Train: 100.00%, Valid: 70.40%, Test: 67.00%, Best Valid: 72.00%, Best Test: 69.10%
Epoch: 150, Loss: 0.0000, Train: 100.00%, Valid: 69.80%, Test: 66.10%, Best Valid: 72.00%, Best Test: 69.10%
Epoch: 200, Loss: 0.0000, Train: 100.00%, Valid: 70.00%, Test: 66.60%, Best Valid: 72.00%, Best Test: 69.10%
Epoch: 250, Loss: 0.0000, Train: 100.00%, Valid: 69.80%, Test: 66.70%, Best Valid: 72.00%, Best Test: 69.10%
Epoch: 300, Loss: 0.0000, Train: 100.00%, Valid: 70.20%, Test: 66.70%, Best Valid: 72.00%, Best Test: 69.10%
Epoch: 350, Loss: 0.0000, Train: 100.00%, Valid: 70.00%, Test: 66.80%, Best Valid: 72.00%, Best Test: 69.10%
train_accuracy_list: [0.007142857142857143, 0.15, 0.17142857142857143, 0.14285714285714285, 0.14285714285714285, 0.18571428571428572, 0.14285714285714285, 0.14285714285714285, 0.14285714285714285, 0.14285714285714285, 0.14285714285714285, 0.14285714285714285, 0.14285714285714285, 0.14285714285714285, 0.14285714285714285, 0.14285714285714285, 0.2357142857142857, 0.14285714285714285, 0.14285714285714285, 0.14285714285714285, 0.14285714285714285, 0.14285714285714285, 0.14285714285714285, 0.14285714285714285, 0.15, 0.2357142857142857, 0.2571428571428571, 0.14285714285714285, 0.14285714285714285, 0.2642857142857143, 0.15, 0.14285714285714285, 0.14285714285714285, 0.18571428571428572, 0.2785714285714286, 0.2857142857142857, 0.4, 0.42142857142857143, 0.37142857142857144, 0.34285714285714286, 0.34285714285714286, 0.42142857142857143, 0.5214285714285715, 0.6142857142857143, 0.5357142857142857, 0.5714285714285714, 0.6214285714285714, 0.6214285714285714, 0.5857142857142857, 0.5928571428571429, 0.7142857142857143, 0.7571428571428571, 0.7928571428571428, 0.9, 0.9142857142857143, 0.9285714285714286, 0.95, 0.9642857142857143, 0.9642857142857143, 0.9714285714285714, 0.9642857142857143, 0.9785714285714285, 0.9857142857142858, 0.9928571428571429, 0.9928571428571429, 0.9928571428571429, 0.9928571428571429, 0.9928571428571429, 0.9928571428571429, 0.9928571428571429, 1.0, 1.0, 1.0, 1.0, 1.0, 1.0, 1.0, 1.0, 1.0, 1.0, 1.0, 1.0, 1.0, 1.0, 1.0, 1.0, 1.0, 1.0, 1.0, 1.0, 1.0, 1.0, 1.0, 1.0, 1.0, 1.0, 1.0, 1.0, 1.0, 1.0, 1.0, 1.0, 1.0, 1.0, 1.0, 1.0, 1.0, 1.0, 1.0, 1.0, 1.0, 1.0, 1.0, 1.0, 1.0, 1.0, 1.0, 1.0, 1.0, 1.0, 1.0, 1.0, 1.0, 1.0, 1.0, 1.0, 1.0, 1.0, 1.0, 1.0, 1.0, 1.0, 1.0, 1.0, 1.0, 1.0, 1.0, 1.0, 1.0, 1.0, 1.0, 1.0, 1.0, 1.0, 1.0, 1.0, 1.0, 1.0, 1.0, 1.0, 1.0, 1.0, 1.0, 1.0, 1.0, 1.0, 1.0, 1.0, 1.0, 1.0, 1.0, 1.0, 1.0, 1.0, 1.0, 1.0, 1.0, 1.0, 1.0, 1.0, 1.0, 1.0, 1.0, 1.0, 1.0, 1.0, 1.0, 1.0, 1.0, 1.0, 1.0, 1.0, 1.0, 1.0, 1.0, 1.0, 1.0, 1.0, 1.0, 1.0, 1.0, 1.0, 1.0, 1.0, 1.0, 1.0, 1.0, 1.0, 1.0, 1.0, 1.0, 1.0, 1.0, 1.0, 1.0, 1.0, 1.0, 1.0, 1.0, 1.0, 1.0, 1.0, 1.0, 1.0, 1.0, 1.0, 1.0, 1.0, 1.0, 1.0, 1.0, 1.0, 1.0, 1.0, 1.0, 1.0, 1.0, 1.0, 1.0, 1.0, 1.0, 1.0, 1.0, 1.0, 1.0, 1.0, 1.0, 1.0, 1.0, 1.0, 1.0, 1.0, 1.0, 1.0, 1.0, 1.0, 1.0, 1.0, 1.0, 1.0, 1.0, 1.0, 1.0, 1.0, 1.0, 1.0, 1.0, 1.0, 1.0, 1.0, 1.0, 1.0, 1.0, 1.0, 1.0, 1.0, 1.0, 1.0, 1.0, 1.0, 1.0, 1.0, 1.0, 1.0, 1.0, 1.0, 1.0, 1.0, 1.0, 1.0, 1.0, 1.0, 1.0, 1.0, 1.0, 1.0, 1.0, 1.0, 1.0, 1.0, 1.0, 1.0, 1.0, 1.0, 1.0, 1.0, 1.0, 1.0, 1.0, 1.0, 1.0, 1.0, 1.0, 1.0, 1.0, 1.0, 1.0, 1.0, 1.0, 1.0, 1.0, 1.0, 1.0, 1.0, 1.0, 1.0, 1.0, 1.0, 1.0, 1.0, 1.0, 1.0, 1.0, 1.0, 1.0, 1.0, 1.0, 1.0, 1.0, 1.0, 1.0, 1.0, 1.0, 1.0, 1.0, 1.0, 1.0, 1.0, 1.0, 1.0, 1.0, 1.0, 1.0, 1.0, 1.0, 1.0, 1.0, 1.0, 1.0, 1.0, 1.0, 1.0, 1.0, 1.0, 1.0, 1.0, 1.0, 1.0, 1.0, 1.0, 1.0, 1.0, 1.0, 1.0, 1.0, 1.0, 1.0, 1.0, 1.0, 1.0, 1.0, 1.0, 1.0, 1.0, 1.0, 1.0, 1.0, 1.0, 1.0, 1.0, 1.0, 1.0, 1.0, 1.0, 1.0, 1.0, 1.0, 1.0, 1.0, 1.0, 1.0, 1.0, 1.0, 1.0, 1.0, 1.0, 1.0, 1.0, 1.0]
valid_accuracy_list: [0.0, 0.058, 0.072, 0.122, 0.122, 0.092, 0.162, 0.072, 0.316, 0.156, 0.156, 0.122, 0.122, 0.122, 0.162, 0.162, 0.174, 0.072, 0.072, 0.072, 0.072, 0.072, 0.072, 0.072, 0.074, 0.348, 0.344, 0.166, 0.162, 0.208, 0.122, 0.122, 0.122, 0.136, 0.166, 0.132, 0.154, 0.248, 0.228, 0.214, 0.222, 0.268, 0.362, 0.37, 0.318, 0.326, 0.38, 0.392, 0.38, 0.41, 0.498, 0.564, 0.616, 0.64, 0.636, 0.648, 0.682, 0.674, 0.658, 0.662, 0.692, 0.682, 0.714, 0.702, 0.706, 0.714, 0.712, 0.706, 0.712, 0.714, 0.72, 0.716, 0.706, 0.698, 0.7, 0.7, 0.694, 0.69, 0.696, 0.694, 0.704, 0.706, 0.704, 0.704, 0.706, 0.704, 0.706, 0.706, 0.706, 0.704, 0.704, 0.706, 0.706, 0.704, 0.704, 0.702, 0.702, 0.702, 0.704, 0.704, 0.704, 0.704, 0.704, 0.704, 0.704, 0.708, 0.708, 0.708, 0.708, 0.708, 0.708, 0.708, 0.708, 0.708, 0.708, 0.708, 0.708, 0.706, 0.702, 0.702, 0.702, 0.702, 0.702, 0.702, 0.702, 0.702, 0.702, 0.702, 0.702, 0.702, 0.702, 0.702, 0.702, 0.702, 0.702, 0.702, 0.702, 0.702, 0.7, 0.7, 0.7, 0.7, 0.698, 0.698, 0.698, 0.698, 0.698, 0.698, 0.698, 0.698, 0.698, 0.698, 0.698, 0.698, 0.698, 0.698, 0.698, 0.698, 0.698, 0.698, 0.698, 0.698, 0.698, 0.698, 0.698, 0.698, 0.698, 0.698, 0.698, 0.698, 0.698, 0.698, 0.698, 0.7, 0.7, 0.7, 0.7, 0.7, 0.7, 0.7, 0.7, 0.7, 0.7, 0.7, 0.7, 0.7, 0.7, 0.7, 0.7, 0.7, 0.7, 0.7, 0.7, 0.7, 0.7, 0.7, 0.7, 0.7, 0.7, 0.7, 0.7, 0.7, 0.7, 0.7, 0.7, 0.698, 0.698, 0.698, 0.698, 0.698, 0.698, 0.698, 0.698, 0.698, 0.698, 0.698, 0.698, 0.698, 0.698, 0.698, 0.698, 0.698, 0.698, 0.698, 0.698, 0.698, 0.698, 0.698, 0.698, 0.698, 0.698, 0.698, 0.698, 0.698, 0.698, 0.698, 0.698, 0.698, 0.698, 0.698, 0.698, 0.698, 0.698, 0.698, 0.698, 0.698, 0.698, 0.698, 0.698, 0.698, 0.698, 0.698, 0.698, 0.698, 0.698, 0.698, 0.698, 0.698, 0.698, 0.7, 0.7, 0.7, 0.7, 0.7, 0.7, 0.7, 0.7, 0.7, 0.7, 0.7, 0.7, 0.7, 0.7, 0.7, 0.7, 0.7, 0.7, 0.7, 0.7, 0.7, 0.7, 0.7, 0.702, 0.702, 0.702, 0.702, 0.702, 0.702, 0.702, 0.702, 0.702, 0.702, 0.702, 0.702, 0.702, 0.702, 0.702, 0.702, 0.702, 0.702, 0.702, 0.702, 0.702, 0.702, 0.702, 0.702, 0.702, 0.702, 0.702, 0.702, 0.702, 0.702, 0.702, 0.702, 0.7, 0.698, 0.698, 0.698, 0.7, 0.7, 0.7, 0.7, 0.7, 0.7, 0.7, 0.7, 0.7, 0.7, 0.7, 0.7, 0.7, 0.7, 0.7, 0.7, 0.7, 0.7, 0.7, 0.7, 0.7, 0.7, 0.7, 0.7, 0.7, 0.7, 0.7, 0.7, 0.7, 0.7, 0.7, 0.7, 0.7, 0.7, 0.7, 0.7, 0.7, 0.7, 0.7, 0.7, 0.7, 0.7, 0.7, 0.7, 0.7, 0.7, 0.7, 0.7, 0.7, 0.7, 0.7, 0.7, 0.7, 0.7, 0.7, 0.7, 0.7, 0.7, 0.7, 0.7, 0.7, 0.7, 0.7, 0.7, 0.7, 0.7, 0.7, 0.7, 0.7, 0.7, 0.7, 0.7, 0.7, 0.7, 0.7, 0.7, 0.7, 0.7, 0.7, 0.7, 0.7]
test_accuracy_list: [0.004, 0.063, 0.078, 0.13, 0.13, 0.098, 0.149, 0.091, 0.319, 0.144, 0.144, 0.13, 0.13, 0.13, 0.149, 0.149, 0.183, 0.091, 0.091, 0.091, 0.091, 0.091, 0.091, 0.091, 0.091, 0.363, 0.348, 0.152, 0.149, 0.207, 0.132, 0.13, 0.13, 0.142, 0.169, 0.145, 0.191, 0.23, 0.24, 0.233, 0.233, 0.278, 0.402, 0.378, 0.322, 0.327, 0.376, 0.408, 0.377, 0.422, 0.535, 0.574, 0.622, 0.639, 0.616, 0.62, 0.651, 0.651, 0.641, 0.652, 0.666, 0.662, 0.68, 0.673, 0.68, 0.691, 0.691, 0.688, 0.675, 0.685, 0.685, 0.683, 0.683, 0.678, 0.677, 0.681, 0.678, 0.675, 0.676, 0.677, 0.683, 0.685, 0.683, 0.682, 0.68, 0.679, 0.678, 0.676, 0.678, 0.674, 0.674, 0.675, 0.671, 0.671, 0.67, 0.67, 0.671, 0.67, 0.67, 0.67, 0.67, 0.67, 0.667, 0.666, 0.665, 0.666, 0.667, 0.666, 0.664, 0.663, 0.663, 0.663, 0.662, 0.662, 0.662, 0.661, 0.66, 0.658, 0.658, 0.66, 0.66, 0.66, 0.66, 0.66, 0.66, 0.66, 0.66, 0.66, 0.66, 0.661, 0.661, 0.661, 0.66, 0.66, 0.66, 0.66, 0.66, 0.66, 0.66, 0.66, 0.66, 0.66, 0.66, 0.66, 0.661, 0.661, 0.661, 0.661, 0.661, 0.661, 0.661, 0.661, 0.661, 0.661, 0.661, 0.661, 0.662, 0.662, 0.662, 0.663, 0.663, 0.662, 0.662, 0.662, 0.662, 0.662, 0.662, 0.662, 0.662, 0.663, 0.663, 0.663, 0.663, 0.663, 0.662, 0.662, 0.663, 0.664, 0.664, 0.665, 0.666, 0.666, 0.666, 0.666, 0.666, 0.666, 0.666, 0.666, 0.666, 0.666, 0.666, 0.666, 0.666, 0.666, 0.666, 0.666, 0.666, 0.666, 0.666, 0.666, 0.666, 0.666, 0.666, 0.666, 0.666, 0.666, 0.666, 0.666, 0.666, 0.666, 0.666, 0.666, 0.667, 0.667, 0.667, 0.667, 0.667, 0.667, 0.667, 0.667, 0.667, 0.667, 0.667, 0.667, 0.667, 0.667, 0.667, 0.666, 0.666, 0.666, 0.666, 0.666, 0.667, 0.667, 0.667, 0.667, 0.667, 0.667, 0.667, 0.667, 0.667, 0.667, 0.667, 0.667, 0.667, 0.667, 0.667, 0.667, 0.667, 0.667, 0.667, 0.667, 0.667, 0.667, 0.667, 0.667, 0.667, 0.667, 0.667, 0.667, 0.667, 0.667, 0.667, 0.667, 0.667, 0.667, 0.667, 0.667, 0.667, 0.667, 0.667, 0.667, 0.667, 0.667, 0.667, 0.667, 0.667, 0.667, 0.667, 0.667, 0.667, 0.667, 0.667, 0.667, 0.667, 0.667, 0.667, 0.667, 0.667, 0.667, 0.667, 0.667, 0.667, 0.667, 0.667, 0.667, 0.667, 0.667, 0.667, 0.667, 0.668, 0.668, 0.668, 0.668, 0.668, 0.668, 0.668, 0.668, 0.668, 0.668, 0.668, 0.668, 0.668, 0.668, 0.668, 0.668, 0.668, 0.668, 0.668, 0.668, 0.668, 0.668, 0.668, 0.668, 0.668, 0.668, 0.668, 0.668, 0.668, 0.668, 0.668, 0.668, 0.668, 0.668, 0.668, 0.668, 0.668, 0.668, 0.668, 0.668, 0.668, 0.668, 0.668, 0.668, 0.668, 0.668, 0.668, 0.668, 0.668, 0.668, 0.668, 0.668, 0.668, 0.668, 0.668, 0.668, 0.668, 0.668, 0.668, 0.668, 0.668, 0.668, 0.668, 0.668, 0.668, 0.668, 0.668, 0.668, 0.668, 0.668, 0.668, 0.668, 0.668, 0.668, 0.668, 0.668, 0.668, 0.668, 0.668, 0.668, 0.668, 0.668, 0.668, 0.668, 0.668, 0.668, 0.668, 0.668, 0.668, 0.668, 0.668, 0.668, 0.668, 0.668, 0.668, 0.668, 0.668, 0.668, 0.668]
best validation: 0.72
best test: 0.691
num distinct structures: 2365
Experiment run 2
dataset: Cora
num_mp_layers: 3
num_fl_layers: 2
mp_hidden_dim: 3000
fl_hidden_dim: 64
epsilon: 1.118033988749895
optimizer_lr: 0.01
loss_func: CrossEntropyLoss
total_epoch: 400
Epoch: 50, Loss: 0.1597, Train: 98.57%, Valid: 71.80%, Test: 74.40%, Best Valid: 74.20%, Best Test: 75.20%
Epoch: 100, Loss: 0.0000, Train: 100.00%, Valid: 70.60%, Test: 71.30%, Best Valid: 74.20%, Best Test: 75.70%
Epoch: 150, Loss: 0.0000, Train: 100.00%, Valid: 69.80%, Test: 71.60%, Best Valid: 74.20%, Best Test: 75.70%
Epoch: 200, Loss: 0.0000, Train: 100.00%, Valid: 69.40%, Test: 71.40%, Best Valid: 74.20%, Best Test: 75.70%
Epoch: 250, Loss: 0.0000, Train: 100.00%, Valid: 69.40%, Test: 71.40%, Best Valid: 74.20%, Best Test: 75.70%
Epoch: 300, Loss: 0.0000, Train: 100.00%, Valid: 69.40%, Test: 71.40%, Best Valid: 74.20%, Best Test: 75.70%
Epoch: 350, Loss: 0.0000, Train: 100.00%, Valid: 69.40%, Test: 71.50%, Best Valid: 74.20%, Best Test: 75.70%
train_accuracy_list: [0.11428571428571428, 0.14285714285714285, 0.14285714285714285, 0.14285714285714285, 0.14285714285714285, 0.14285714285714285, 0.14285714285714285, 0.14285714285714285, 0.14285714285714285, 0.15, 0.14285714285714285, 0.14285714285714285, 0.15, 0.21428571428571427, 0.15, 0.29285714285714287, 0.15, 0.15714285714285714, 0.32142857142857145, 0.21428571428571427, 0.2, 0.21428571428571427, 0.21428571428571427, 0.2571428571428571, 0.14285714285714285, 0.14285714285714285, 0.15, 0.2642857142857143, 0.14285714285714285, 0.2714285714285714, 0.4357142857142857, 0.44285714285714284, 0.5142857142857142, 0.5857142857142857, 0.7071428571428572, 0.8142857142857143, 0.6357142857142857, 0.6, 0.6, 0.6642857142857143, 0.8214285714285714, 0.9071428571428571, 0.9214285714285714, 0.9, 0.9071428571428571, 0.9428571428571428, 0.9714285714285714, 0.9714285714285714, 0.9714285714285714, 0.9857142857142858, 0.9928571428571429, 1.0, 1.0, 1.0, 1.0, 1.0, 1.0, 1.0, 1.0, 1.0, 1.0, 1.0, 1.0, 1.0, 1.0, 1.0, 1.0, 1.0, 1.0, 1.0, 1.0, 1.0, 1.0, 1.0, 1.0, 1.0, 1.0, 1.0, 1.0, 1.0, 1.0, 1.0, 1.0, 1.0, 1.0, 1.0, 1.0, 1.0, 1.0, 1.0, 1.0, 1.0, 1.0, 1.0, 1.0, 1.0, 1.0, 1.0, 1.0, 1.0, 1.0, 1.0, 1.0, 1.0, 1.0, 1.0, 1.0, 1.0, 1.0, 1.0, 1.0, 1.0, 1.0, 1.0, 1.0, 1.0, 1.0, 1.0, 1.0, 1.0, 1.0, 1.0, 1.0, 1.0, 1.0, 1.0, 1.0, 1.0, 1.0, 1.0, 1.0, 1.0, 1.0, 1.0, 1.0, 1.0, 1.0, 1.0, 1.0, 1.0, 1.0, 1.0, 1.0, 1.0, 1.0, 1.0, 1.0, 1.0, 1.0, 1.0, 1.0, 1.0, 1.0, 1.0, 1.0, 1.0, 1.0, 1.0, 1.0, 1.0, 1.0, 1.0, 1.0, 1.0, 1.0, 1.0, 1.0, 1.0, 1.0, 1.0, 1.0, 1.0, 1.0, 1.0, 1.0, 1.0, 1.0, 1.0, 1.0, 1.0, 1.0, 1.0, 1.0, 1.0, 1.0, 1.0, 1.0, 1.0, 1.0, 1.0, 1.0, 1.0, 1.0, 1.0, 1.0, 1.0, 1.0, 1.0, 1.0, 1.0, 1.0, 1.0, 1.0, 1.0, 1.0, 1.0, 1.0, 1.0, 1.0, 1.0, 1.0, 1.0, 1.0, 1.0, 1.0, 1.0, 1.0, 1.0, 1.0, 1.0, 1.0, 1.0, 1.0, 1.0, 1.0, 1.0, 1.0, 1.0, 1.0, 1.0, 1.0, 1.0, 1.0, 1.0, 1.0, 1.0, 1.0, 1.0, 1.0, 1.0, 1.0, 1.0, 1.0, 1.0, 1.0, 1.0, 1.0, 1.0, 1.0, 1.0, 1.0, 1.0, 1.0, 1.0, 1.0, 1.0, 1.0, 1.0, 1.0, 1.0, 1.0, 1.0, 1.0, 1.0, 1.0, 1.0, 1.0, 1.0, 1.0, 1.0, 1.0, 1.0, 1.0, 1.0, 1.0, 1.0, 1.0, 1.0, 1.0, 1.0, 1.0, 1.0, 1.0, 1.0, 1.0, 1.0, 1.0, 1.0, 1.0, 1.0, 1.0, 1.0, 1.0, 1.0, 1.0, 1.0, 1.0, 1.0, 1.0, 1.0, 1.0, 1.0, 1.0, 1.0, 1.0, 1.0, 1.0, 1.0, 1.0, 1.0, 1.0, 1.0, 1.0, 1.0, 1.0, 1.0, 1.0, 1.0, 1.0, 1.0, 1.0, 1.0, 1.0, 1.0, 1.0, 1.0, 1.0, 1.0, 1.0, 1.0, 1.0, 1.0, 1.0, 1.0, 1.0, 1.0, 1.0, 1.0, 1.0, 1.0, 1.0, 1.0, 1.0, 1.0, 1.0, 1.0, 1.0, 1.0, 1.0, 1.0, 1.0, 1.0, 1.0, 1.0, 1.0, 1.0, 1.0, 1.0, 1.0, 1.0, 1.0, 1.0, 1.0, 1.0, 1.0, 1.0, 1.0, 1.0, 1.0, 1.0, 1.0, 1.0, 1.0, 1.0, 1.0, 1.0, 1.0, 1.0, 1.0, 1.0, 1.0, 1.0, 1.0, 1.0, 1.0, 1.0, 1.0, 1.0, 1.0, 1.0, 1.0, 1.0, 1.0, 1.0, 1.0, 1.0, 1.0, 1.0, 1.0]
valid_accuracy_list: [0.154, 0.058, 0.058, 0.058, 0.058, 0.316, 0.164, 0.114, 0.072, 0.162, 0.122, 0.058, 0.06, 0.316, 0.316, 0.26, 0.162, 0.166, 0.264, 0.128, 0.128, 0.148, 0.146, 0.162, 0.072, 0.072, 0.072, 0.186, 0.162, 0.184, 0.198, 0.366, 0.512, 0.514, 0.498, 0.52, 0.49, 0.468, 0.472, 0.512, 0.696, 0.74, 0.734, 0.714, 0.724, 0.742, 0.728, 0.728, 0.72, 0.718, 0.722, 0.726, 0.732, 0.736, 0.74, 0.726, 0.718, 0.72, 0.72, 0.712, 0.706, 0.7, 0.712, 0.714, 0.708, 0.708, 0.708, 0.708, 0.708, 0.708, 0.702, 0.7, 0.702, 0.698, 0.696, 0.694, 0.7, 0.702, 0.704, 0.704, 0.702, 0.704, 0.704, 0.704, 0.702, 0.702, 0.702, 0.702, 0.704, 0.704, 0.706, 0.706, 0.706, 0.706, 0.706, 0.706, 0.706, 0.706, 0.706, 0.706, 0.704, 0.704, 0.704, 0.704, 0.704, 0.704, 0.704, 0.706, 0.706, 0.706, 0.706, 0.706, 0.706, 0.704, 0.704, 0.704, 0.704, 0.704, 0.704, 0.704, 0.704, 0.704, 0.704, 0.702, 0.702, 0.702, 0.702, 0.702, 0.702, 0.702, 0.702, 0.702, 0.7, 0.7, 0.7, 0.7, 0.698, 0.698, 0.698, 0.698, 0.698, 0.698, 0.698, 0.698, 0.698, 0.698, 0.698, 0.698, 0.698, 0.698, 0.698, 0.698, 0.698, 0.698, 0.698, 0.698, 0.698, 0.698, 0.698, 0.696, 0.696, 0.696, 0.696, 0.696, 0.696, 0.696, 0.696, 0.696, 0.696, 0.696, 0.696, 0.696, 0.696, 0.696, 0.696, 0.696, 0.696, 0.696, 0.696, 0.696, 0.696, 0.696, 0.696, 0.696, 0.694, 0.694, 0.694, 0.694, 0.694, 0.694, 0.694, 0.694, 0.694, 0.692, 0.692, 0.692, 0.692, 0.692, 0.694, 0.694, 0.694, 0.694, 0.694, 0.694, 0.694, 0.694, 0.694, 0.694, 0.694, 0.694, 0.694, 0.694, 0.694, 0.694, 0.694, 0.694, 0.694, 0.694, 0.694, 0.694, 0.694, 0.694, 0.694, 0.694, 0.694, 0.694, 0.694, 0.694, 0.694, 0.694, 0.694, 0.694, 0.694, 0.694, 0.694, 0.694, 0.694, 0.694, 0.694, 0.694, 0.694, 0.694, 0.694, 0.694, 0.694, 0.694, 0.694, 0.694, 0.694, 0.694, 0.694, 0.694, 0.694, 0.694, 0.694, 0.694, 0.694, 0.694, 0.694, 0.694, 0.694, 0.694, 0.694, 0.694, 0.694, 0.694, 0.694, 0.694, 0.694, 0.694, 0.694, 0.694, 0.694, 0.694, 0.694, 0.694, 0.694, 0.694, 0.694, 0.694, 0.694, 0.694, 0.694, 0.694, 0.694, 0.694, 0.694, 0.694, 0.694, 0.694, 0.694, 0.694, 0.694, 0.694, 0.694, 0.694, 0.694, 0.694, 0.694, 0.694, 0.694, 0.694, 0.694, 0.694, 0.694, 0.694, 0.694, 0.694, 0.694, 0.694, 0.694, 0.694, 0.694, 0.694, 0.694, 0.694, 0.694, 0.694, 0.694, 0.694, 0.694, 0.694, 0.694, 0.694, 0.694, 0.694, 0.694, 0.694, 0.694, 0.694, 0.694, 0.694, 0.694, 0.694, 0.694, 0.694, 0.694, 0.694, 0.694, 0.694, 0.694, 0.694, 0.694, 0.694, 0.694, 0.694, 0.694, 0.694, 0.694, 0.694, 0.694, 0.694, 0.694, 0.694, 0.694, 0.694, 0.694, 0.694, 0.694, 0.694, 0.694, 0.694, 0.694, 0.694, 0.694, 0.694, 0.694, 0.694, 0.694, 0.694, 0.694, 0.694, 0.694, 0.694, 0.694, 0.694, 0.694, 0.694, 0.694, 0.694, 0.694, 0.694, 0.694, 0.694, 0.694, 0.694, 0.694, 0.694, 0.694, 0.694, 0.694, 0.694, 0.694, 0.694, 0.694, 0.694, 0.694, 0.694, 0.694]
test_accuracy_list: [0.137, 0.064, 0.064, 0.064, 0.064, 0.319, 0.149, 0.103, 0.091, 0.149, 0.13, 0.064, 0.064, 0.325, 0.32, 0.27, 0.149, 0.15, 0.24, 0.127, 0.127, 0.139, 0.155, 0.197, 0.091, 0.091, 0.093, 0.21, 0.149, 0.18, 0.244, 0.393, 0.495, 0.535, 0.5, 0.533, 0.465, 0.448, 0.453, 0.496, 0.68, 0.734, 0.729, 0.717, 0.734, 0.752, 0.746, 0.752, 0.734, 0.744, 0.751, 0.757, 0.75, 0.746, 0.743, 0.737, 0.73, 0.726, 0.725, 0.724, 0.72, 0.719, 0.719, 0.72, 0.719, 0.72, 0.725, 0.727, 0.725, 0.726, 0.726, 0.726, 0.723, 0.724, 0.721, 0.719, 0.718, 0.719, 0.72, 0.717, 0.716, 0.713, 0.712, 0.712, 0.712, 0.712, 0.712, 0.712, 0.712, 0.712, 0.712, 0.712, 0.712, 0.713, 0.713, 0.713, 0.713, 0.713, 0.713, 0.713, 0.713, 0.714, 0.714, 0.714, 0.714, 0.714, 0.714, 0.714, 0.715, 0.715, 0.715, 0.715, 0.716, 0.716, 0.715, 0.716, 0.716, 0.716, 0.715, 0.715, 0.715, 0.714, 0.714, 0.716, 0.716, 0.717, 0.717, 0.717, 0.717, 0.717, 0.717, 0.717, 0.717, 0.717, 0.717, 0.717, 0.717, 0.717, 0.717, 0.717, 0.716, 0.716, 0.716, 0.716, 0.716, 0.716, 0.716, 0.716, 0.716, 0.716, 0.716, 0.716, 0.716, 0.716, 0.716, 0.716, 0.715, 0.715, 0.715, 0.715, 0.715, 0.715, 0.715, 0.715, 0.714, 0.714, 0.714, 0.714, 0.714, 0.714, 0.714, 0.714, 0.714, 0.714, 0.714, 0.714, 0.714, 0.713, 0.713, 0.713, 0.713, 0.713, 0.713, 0.713, 0.713, 0.713, 0.713, 0.714, 0.714, 0.714, 0.714, 0.714, 0.714, 0.714, 0.714, 0.714, 0.714, 0.714, 0.714, 0.714, 0.714, 0.714, 0.714, 0.714, 0.714, 0.714, 0.714, 0.714, 0.714, 0.714, 0.714, 0.714, 0.714, 0.714, 0.714, 0.714, 0.714, 0.713, 0.713, 0.713, 0.713, 0.713, 0.715, 0.715, 0.715, 0.715, 0.715, 0.715, 0.715, 0.715, 0.715, 0.715, 0.715, 0.715, 0.715, 0.715, 0.715, 0.715, 0.715, 0.715, 0.715, 0.715, 0.715, 0.715, 0.715, 0.715, 0.715, 0.715, 0.715, 0.714, 0.714, 0.714, 0.714, 0.714, 0.714, 0.714, 0.714, 0.714, 0.714, 0.714, 0.714, 0.714, 0.714, 0.714, 0.714, 0.714, 0.714, 0.714, 0.714, 0.714, 0.714, 0.714, 0.714, 0.714, 0.714, 0.714, 0.714, 0.714, 0.714, 0.714, 0.714, 0.714, 0.714, 0.714, 0.714, 0.714, 0.714, 0.714, 0.714, 0.714, 0.714, 0.714, 0.714, 0.714, 0.714, 0.714, 0.714, 0.714, 0.714, 0.714, 0.714, 0.714, 0.714, 0.714, 0.714, 0.714, 0.714, 0.714, 0.715, 0.715, 0.715, 0.715, 0.715, 0.715, 0.715, 0.715, 0.715, 0.715, 0.715, 0.715, 0.715, 0.715, 0.715, 0.715, 0.715, 0.715, 0.715, 0.715, 0.715, 0.715, 0.715, 0.715, 0.715, 0.715, 0.715, 0.715, 0.715, 0.715, 0.715, 0.715, 0.715, 0.715, 0.715, 0.715, 0.715, 0.715, 0.715, 0.715, 0.715, 0.715, 0.715, 0.715, 0.715, 0.715, 0.715, 0.715, 0.715, 0.715, 0.715, 0.715, 0.715, 0.715, 0.715, 0.715, 0.715, 0.715, 0.715, 0.715, 0.714, 0.714, 0.714, 0.714, 0.714, 0.714, 0.714, 0.714, 0.714, 0.714, 0.714, 0.714, 0.714, 0.714, 0.714, 0.714, 0.714, 0.714, 0.714, 0.714, 0.714, 0.714, 0.714, 0.714, 0.714, 0.714, 0.714, 0.714, 0.714, 0.714, 0.714]
best validation: 0.742
best test: 0.757
num distinct structures: 2365
Experiment run 3
dataset: Cora
num_mp_layers: 3
num_fl_layers: 2
mp_hidden_dim: 3000
fl_hidden_dim: 128
epsilon: 1.118033988749895
optimizer_lr: 0.01
loss_func: CrossEntropyLoss
total_epoch: 400
Epoch: 50, Loss: 1.4307, Train: 75.00%, Valid: 61.20%, Test: 62.50%, Best Valid: 62.80%, Best Test: 62.60%
Epoch: 100, Loss: 0.0000, Train: 100.00%, Valid: 68.60%, Test: 66.90%, Best Valid: 68.60%, Best Test: 68.50%
Epoch: 150, Loss: 0.0000, Train: 100.00%, Valid: 68.60%, Test: 66.90%, Best Valid: 68.80%, Best Test: 68.50%
Epoch: 200, Loss: 0.0000, Train: 100.00%, Valid: 67.80%, Test: 65.70%, Best Valid: 68.80%, Best Test: 68.50%
Epoch: 250, Loss: 0.0000, Train: 100.00%, Valid: 67.40%, Test: 64.90%, Best Valid: 68.80%, Best Test: 68.50%
Epoch: 300, Loss: 0.0000, Train: 100.00%, Valid: 67.20%, Test: 65.20%, Best Valid: 68.80%, Best Test: 68.50%
Epoch: 350, Loss: 0.0000, Train: 100.00%, Valid: 67.20%, Test: 65.30%, Best Valid: 68.80%, Best Test: 68.50%
train_accuracy_list: [0.19285714285714287, 0.14285714285714285, 0.14285714285714285, 0.14285714285714285, 0.22142857142857142, 0.17857142857142858, 0.14285714285714285, 0.14285714285714285, 0.14285714285714285, 0.14285714285714285, 0.14285714285714285, 0.14285714285714285, 0.14285714285714285, 0.14285714285714285, 0.14285714285714285, 0.14285714285714285, 0.14285714285714285, 0.14285714285714285, 0.14285714285714285, 0.14285714285714285, 0.14285714285714285, 0.14285714285714285, 0.14285714285714285, 0.14285714285714285, 0.15, 0.21428571428571427, 0.25, 0.15, 0.15, 0.15, 0.15, 0.15, 0.21428571428571427, 0.2714285714285714, 0.17142857142857143, 0.18571428571428572, 0.2, 0.35, 0.5, 0.5071428571428571, 0.37857142857142856, 0.35714285714285715, 0.4785714285714286, 0.4928571428571429, 0.55, 0.5785714285714286, 0.6857142857142857, 0.8214285714285714, 0.7785714285714286, 0.75, 0.7857142857142857, 0.8357142857142857, 0.8357142857142857, 0.85, 0.9142857142857143, 0.9428571428571428, 0.9357142857142857, 0.9642857142857143, 0.9785714285714285, 0.9785714285714285, 0.9714285714285714, 0.9785714285714285, 0.9857142857142858, 0.9928571428571429, 1.0, 1.0, 1.0, 1.0, 1.0, 1.0, 1.0, 1.0, 1.0, 1.0, 1.0, 1.0, 1.0, 1.0, 1.0, 1.0, 1.0, 1.0, 1.0, 1.0, 1.0, 1.0, 1.0, 1.0, 1.0, 1.0, 1.0, 1.0, 1.0, 1.0, 1.0, 1.0, 1.0, 1.0, 1.0, 1.0, 1.0, 1.0, 1.0, 1.0, 1.0, 1.0, 1.0, 1.0, 1.0, 1.0, 1.0, 1.0, 1.0, 1.0, 1.0, 1.0, 1.0, 1.0, 1.0, 1.0, 1.0, 1.0, 1.0, 1.0, 1.0, 1.0, 1.0, 1.0, 1.0, 1.0, 1.0, 1.0, 1.0, 1.0, 1.0, 1.0, 1.0, 1.0, 1.0, 1.0, 1.0, 1.0, 1.0, 1.0, 1.0, 1.0, 1.0, 1.0, 1.0, 1.0, 1.0, 1.0, 1.0, 1.0, 1.0, 1.0, 1.0, 1.0, 1.0, 1.0, 1.0, 1.0, 1.0, 1.0, 1.0, 1.0, 1.0, 1.0, 1.0, 1.0, 1.0, 1.0, 1.0, 1.0, 1.0, 1.0, 1.0, 1.0, 1.0, 1.0, 1.0, 1.0, 1.0, 1.0, 1.0, 1.0, 1.0, 1.0, 1.0, 1.0, 1.0, 1.0, 1.0, 1.0, 1.0, 1.0, 1.0, 1.0, 1.0, 1.0, 1.0, 1.0, 1.0, 1.0, 1.0, 1.0, 1.0, 1.0, 1.0, 1.0, 1.0, 1.0, 1.0, 1.0, 1.0, 1.0, 1.0, 1.0, 1.0, 1.0, 1.0, 1.0, 1.0, 1.0, 1.0, 1.0, 1.0, 1.0, 1.0, 1.0, 1.0, 1.0, 1.0, 1.0, 1.0, 1.0, 1.0, 1.0, 1.0, 1.0, 1.0, 1.0, 1.0, 1.0, 1.0, 1.0, 1.0, 1.0, 1.0, 1.0, 1.0, 1.0, 1.0, 1.0, 1.0, 1.0, 1.0, 1.0, 1.0, 1.0, 1.0, 1.0, 1.0, 1.0, 1.0, 1.0, 1.0, 1.0, 1.0, 1.0, 1.0, 1.0, 1.0, 1.0, 1.0, 1.0, 1.0, 1.0, 1.0, 1.0, 1.0, 1.0, 1.0, 1.0, 1.0, 1.0, 1.0, 1.0, 1.0, 1.0, 1.0, 1.0, 1.0, 1.0, 1.0, 1.0, 1.0, 1.0, 1.0, 1.0, 1.0, 1.0, 1.0, 1.0, 1.0, 1.0, 1.0, 1.0, 1.0, 1.0, 1.0, 1.0, 1.0, 1.0, 1.0, 1.0, 1.0, 1.0, 1.0, 1.0, 1.0, 1.0, 1.0, 1.0, 1.0, 1.0, 1.0, 1.0, 1.0, 1.0, 1.0, 1.0, 1.0, 1.0, 1.0, 1.0, 1.0, 1.0, 1.0, 1.0, 1.0, 1.0, 1.0, 1.0, 1.0, 1.0, 1.0, 1.0, 1.0, 1.0, 1.0, 1.0, 1.0, 1.0, 1.0, 1.0, 1.0, 1.0, 1.0, 1.0, 1.0, 1.0, 1.0, 1.0, 1.0, 1.0, 1.0, 1.0, 1.0, 1.0, 1.0, 1.0, 1.0, 1.0, 1.0, 1.0, 1.0, 1.0, 1.0, 1.0, 1.0, 1.0, 1.0, 1.0, 1.0, 1.0, 1.0, 1.0, 1.0, 1.0, 1.0, 1.0, 1.0, 1.0, 1.0, 1.0, 1.0, 1.0, 1.0]
valid_accuracy_list: [0.212, 0.162, 0.162, 0.162, 0.168, 0.074, 0.114, 0.156, 0.072, 0.316, 0.316, 0.162, 0.162, 0.162, 0.162, 0.162, 0.162, 0.162, 0.162, 0.162, 0.162, 0.162, 0.162, 0.162, 0.162, 0.168, 0.09, 0.074, 0.074, 0.074, 0.074, 0.074, 0.084, 0.184, 0.17, 0.174, 0.178, 0.232, 0.318, 0.274, 0.194, 0.172, 0.252, 0.242, 0.266, 0.306, 0.342, 0.524, 0.628, 0.612, 0.642, 0.63, 0.59, 0.58, 0.656, 0.622, 0.576, 0.608, 0.67, 0.678, 0.642, 0.628, 0.646, 0.664, 0.664, 0.654, 0.646, 0.646, 0.656, 0.67, 0.674, 0.68, 0.676, 0.676, 0.674, 0.678, 0.674, 0.674, 0.674, 0.678, 0.68, 0.678, 0.68, 0.682, 0.682, 0.682, 0.682, 0.682, 0.682, 0.682, 0.682, 0.682, 0.68, 0.684, 0.684, 0.684, 0.684, 0.684, 0.686, 0.686, 0.686, 0.686, 0.686, 0.686, 0.686, 0.688, 0.688, 0.686, 0.686, 0.686, 0.686, 0.686, 0.684, 0.684, 0.682, 0.682, 0.682, 0.68, 0.68, 0.682, 0.68, 0.678, 0.68, 0.682, 0.682, 0.682, 0.682, 0.68, 0.682, 0.686, 0.686, 0.686, 0.688, 0.688, 0.688, 0.686, 0.684, 0.686, 0.688, 0.686, 0.686, 0.686, 0.686, 0.686, 0.686, 0.686, 0.686, 0.686, 0.686, 0.686, 0.686, 0.686, 0.686, 0.686, 0.686, 0.684, 0.684, 0.684, 0.682, 0.682, 0.682, 0.682, 0.68, 0.68, 0.68, 0.68, 0.68, 0.68, 0.68, 0.68, 0.68, 0.68, 0.68, 0.682, 0.682, 0.684, 0.684, 0.684, 0.682, 0.682, 0.682, 0.682, 0.682, 0.682, 0.682, 0.682, 0.682, 0.68, 0.68, 0.68, 0.68, 0.68, 0.68, 0.68, 0.68, 0.68, 0.68, 0.68, 0.678, 0.678, 0.678, 0.678, 0.678, 0.678, 0.678, 0.676, 0.678, 0.676, 0.676, 0.676, 0.676, 0.676, 0.676, 0.676, 0.676, 0.676, 0.676, 0.676, 0.676, 0.676, 0.676, 0.676, 0.676, 0.676, 0.676, 0.676, 0.676, 0.676, 0.676, 0.676, 0.676, 0.676, 0.676, 0.676, 0.676, 0.676, 0.676, 0.676, 0.676, 0.676, 0.676, 0.676, 0.676, 0.676, 0.676, 0.676, 0.676, 0.674, 0.674, 0.674, 0.674, 0.674, 0.674, 0.674, 0.674, 0.674, 0.674, 0.674, 0.674, 0.674, 0.674, 0.674, 0.674, 0.674, 0.674, 0.674, 0.672, 0.674, 0.674, 0.674, 0.674, 0.674, 0.672, 0.672, 0.672, 0.672, 0.676, 0.676, 0.674, 0.672, 0.672, 0.672, 0.672, 0.672, 0.674, 0.674, 0.674, 0.674, 0.672, 0.672, 0.674, 0.674, 0.672, 0.67, 0.672, 0.672, 0.672, 0.672, 0.672, 0.672, 0.672, 0.672, 0.672, 0.672, 0.672, 0.672, 0.672, 0.672, 0.672, 0.672, 0.672, 0.672, 0.672, 0.672, 0.672, 0.672, 0.672, 0.672, 0.672, 0.672, 0.672, 0.672, 0.672, 0.672, 0.672, 0.672, 0.672, 0.672, 0.672, 0.672, 0.672, 0.672, 0.672, 0.672, 0.672, 0.672, 0.672, 0.672, 0.672, 0.672, 0.672, 0.672, 0.672, 0.672, 0.672, 0.672, 0.672, 0.672, 0.672, 0.672, 0.672, 0.672, 0.672, 0.672, 0.672, 0.672, 0.672, 0.672, 0.672, 0.672, 0.672, 0.672, 0.672, 0.672, 0.672, 0.672, 0.672, 0.672, 0.672, 0.672, 0.672, 0.67, 0.672, 0.672, 0.672, 0.672, 0.672, 0.67, 0.67, 0.672, 0.672, 0.672, 0.672, 0.672, 0.67, 0.67, 0.672, 0.672, 0.672, 0.672, 0.67, 0.67, 0.67, 0.67, 0.672, 0.672, 0.67, 0.67, 0.67]
test_accuracy_list: [0.169, 0.149, 0.149, 0.149, 0.199, 0.077, 0.103, 0.144, 0.091, 0.319, 0.319, 0.149, 0.149, 0.149, 0.149, 0.149, 0.149, 0.149, 0.149, 0.149, 0.149, 0.149, 0.149, 0.149, 0.148, 0.157, 0.105, 0.091, 0.091, 0.091, 0.091, 0.091, 0.116, 0.172, 0.152, 0.152, 0.164, 0.219, 0.323, 0.266, 0.197, 0.19, 0.263, 0.235, 0.251, 0.293, 0.339, 0.532, 0.626, 0.625, 0.656, 0.645, 0.591, 0.595, 0.665, 0.639, 0.57, 0.595, 0.674, 0.685, 0.629, 0.618, 0.65, 0.669, 0.661, 0.656, 0.635, 0.64, 0.648, 0.654, 0.661, 0.668, 0.671, 0.674, 0.676, 0.676, 0.673, 0.673, 0.675, 0.674, 0.672, 0.673, 0.673, 0.673, 0.673, 0.673, 0.673, 0.671, 0.671, 0.67, 0.668, 0.668, 0.668, 0.667, 0.667, 0.668, 0.668, 0.668, 0.668, 0.669, 0.669, 0.67, 0.671, 0.671, 0.671, 0.672, 0.672, 0.672, 0.672, 0.672, 0.672, 0.672, 0.672, 0.672, 0.673, 0.674, 0.674, 0.675, 0.674, 0.674, 0.672, 0.672, 0.67, 0.668, 0.67, 0.668, 0.669, 0.672, 0.675, 0.676, 0.675, 0.675, 0.674, 0.674, 0.676, 0.677, 0.675, 0.673, 0.673, 0.672, 0.672, 0.672, 0.669, 0.669, 0.669, 0.669, 0.669, 0.669, 0.669, 0.669, 0.669, 0.669, 0.669, 0.669, 0.669, 0.669, 0.668, 0.669, 0.669, 0.668, 0.668, 0.668, 0.668, 0.668, 0.669, 0.669, 0.669, 0.669, 0.669, 0.669, 0.669, 0.668, 0.668, 0.667, 0.667, 0.667, 0.668, 0.668, 0.668, 0.667, 0.666, 0.666, 0.665, 0.665, 0.666, 0.666, 0.666, 0.665, 0.666, 0.666, 0.665, 0.665, 0.665, 0.665, 0.665, 0.665, 0.663, 0.663, 0.659, 0.657, 0.656, 0.655, 0.655, 0.654, 0.653, 0.653, 0.653, 0.653, 0.653, 0.653, 0.653, 0.653, 0.653, 0.652, 0.652, 0.651, 0.651, 0.652, 0.652, 0.652, 0.651, 0.651, 0.651, 0.651, 0.65, 0.65, 0.65, 0.65, 0.65, 0.649, 0.65, 0.65, 0.65, 0.649, 0.65, 0.65, 0.65, 0.651, 0.651, 0.651, 0.651, 0.65, 0.651, 0.651, 0.652, 0.652, 0.652, 0.652, 0.65, 0.649, 0.649, 0.651, 0.651, 0.652, 0.651, 0.651, 0.651, 0.651, 0.651, 0.651, 0.651, 0.652, 0.651, 0.651, 0.651, 0.651, 0.651, 0.651, 0.651, 0.651, 0.651, 0.651, 0.651, 0.651, 0.651, 0.651, 0.651, 0.652, 0.652, 0.652, 0.652, 0.651, 0.652, 0.652, 0.652, 0.652, 0.652, 0.652, 0.652, 0.652, 0.652, 0.652, 0.652, 0.652, 0.652, 0.652, 0.652, 0.652, 0.652, 0.652, 0.652, 0.652, 0.652, 0.652, 0.652, 0.652, 0.652, 0.652, 0.652, 0.652, 0.652, 0.652, 0.652, 0.652, 0.652, 0.652, 0.652, 0.652, 0.652, 0.652, 0.652, 0.652, 0.652, 0.652, 0.652, 0.652, 0.652, 0.652, 0.652, 0.652, 0.653, 0.653, 0.652, 0.652, 0.652, 0.652, 0.652, 0.652, 0.653, 0.653, 0.653, 0.653, 0.653, 0.653, 0.653, 0.653, 0.653, 0.653, 0.653, 0.653, 0.653, 0.653, 0.653, 0.653, 0.653, 0.653, 0.653, 0.653, 0.653, 0.653, 0.653, 0.653, 0.653, 0.653, 0.653, 0.653, 0.653, 0.653, 0.653, 0.653, 0.653, 0.653, 0.653, 0.653, 0.653, 0.653, 0.653, 0.653, 0.653, 0.653, 0.653, 0.653, 0.653, 0.653, 0.653, 0.653, 0.653, 0.653, 0.653, 0.653, 0.653, 0.653, 0.653, 0.653, 0.653, 0.653, 0.653, 0.653, 0.653]
best validation: 0.688
best test: 0.685
num distinct structures: 2365
Experiment run 4
dataset: Cora
num_mp_layers: 3
num_fl_layers: 2
mp_hidden_dim: 3000
fl_hidden_dim: 256
epsilon: 1.118033988749895
optimizer_lr: 0.01
loss_func: CrossEntropyLoss
total_epoch: 400
Epoch: 50, Loss: 0.1646, Train: 100.00%, Valid: 71.20%, Test: 73.70%, Best Valid: 71.60%, Best Test: 73.70%
Epoch: 100, Loss: 0.0000, Train: 100.00%, Valid: 69.40%, Test: 72.00%, Best Valid: 72.80%, Best Test: 74.10%
Epoch: 150, Loss: 0.0000, Train: 100.00%, Valid: 69.60%, Test: 72.10%, Best Valid: 72.80%, Best Test: 74.10%
Epoch: 200, Loss: 0.0000, Train: 100.00%, Valid: 69.40%, Test: 72.40%, Best Valid: 72.80%, Best Test: 74.10%
Epoch: 250, Loss: 0.0000, Train: 100.00%, Valid: 69.60%, Test: 72.40%, Best Valid: 72.80%, Best Test: 74.10%
Epoch: 300, Loss: 0.0000, Train: 100.00%, Valid: 69.80%, Test: 72.50%, Best Valid: 72.80%, Best Test: 74.10%
Epoch: 350, Loss: 0.0000, Train: 100.00%, Valid: 70.00%, Test: 72.50%, Best Valid: 72.80%, Best Test: 74.10%
train_accuracy_list: [0.3, 0.19285714285714287, 0.14285714285714285, 0.2785714285714286, 0.14285714285714285, 0.14285714285714285, 0.14285714285714285, 0.14285714285714285, 0.14285714285714285, 0.14285714285714285, 0.2785714285714286, 0.15, 0.15, 0.17857142857142858, 0.14285714285714285, 0.14285714285714285, 0.14285714285714285, 0.14285714285714285, 0.14285714285714285, 0.14285714285714285, 0.14285714285714285, 0.22142857142857142, 0.2, 0.2357142857142857, 0.20714285714285716, 0.20714285714285716, 0.22857142857142856, 0.3, 0.29285714285714287, 0.17857142857142858, 0.16428571428571428, 0.3142857142857143, 0.40714285714285714, 0.4785714285714286, 0.5785714285714286, 0.6785714285714286, 0.6714285714285714, 0.6642857142857143, 0.7, 0.8, 0.8642857142857143, 0.7928571428571428, 0.7785714285714286, 0.8857142857142857, 0.95, 0.9571428571428572, 0.9785714285714285, 0.9857142857142858, 0.9857142857142858, 1.0, 1.0, 1.0, 1.0, 1.0, 1.0, 1.0, 1.0, 1.0, 1.0, 1.0, 1.0, 1.0, 1.0, 1.0, 1.0, 1.0, 1.0, 1.0, 1.0, 1.0, 1.0, 1.0, 1.0, 1.0, 1.0, 1.0, 1.0, 1.0, 1.0, 1.0, 1.0, 1.0, 1.0, 1.0, 1.0, 1.0, 1.0, 1.0, 1.0, 1.0, 1.0, 1.0, 1.0, 1.0, 1.0, 1.0, 1.0, 1.0, 1.0, 1.0, 1.0, 1.0, 1.0, 1.0, 1.0, 1.0, 1.0, 1.0, 1.0, 1.0, 1.0, 1.0, 1.0, 1.0, 1.0, 1.0, 1.0, 1.0, 1.0, 1.0, 1.0, 1.0, 1.0, 1.0, 1.0, 1.0, 1.0, 1.0, 1.0, 1.0, 1.0, 1.0, 1.0, 1.0, 1.0, 1.0, 1.0, 1.0, 1.0, 1.0, 1.0, 1.0, 1.0, 1.0, 1.0, 1.0, 1.0, 1.0, 1.0, 1.0, 1.0, 1.0, 1.0, 1.0, 1.0, 1.0, 1.0, 1.0, 1.0, 1.0, 1.0, 1.0, 1.0, 1.0, 1.0, 1.0, 1.0, 1.0, 1.0, 1.0, 1.0, 1.0, 1.0, 1.0, 1.0, 1.0, 1.0, 1.0, 1.0, 1.0, 1.0, 1.0, 1.0, 1.0, 1.0, 1.0, 1.0, 1.0, 1.0, 1.0, 1.0, 1.0, 1.0, 1.0, 1.0, 1.0, 1.0, 1.0, 1.0, 1.0, 1.0, 1.0, 1.0, 1.0, 1.0, 1.0, 1.0, 1.0, 1.0, 1.0, 1.0, 1.0, 1.0, 1.0, 1.0, 1.0, 1.0, 1.0, 1.0, 1.0, 1.0, 1.0, 1.0, 1.0, 1.0, 1.0, 1.0, 1.0, 1.0, 1.0, 1.0, 1.0, 1.0, 1.0, 1.0, 1.0, 1.0, 1.0, 1.0, 1.0, 1.0, 1.0, 1.0, 1.0, 1.0, 1.0, 1.0, 1.0, 1.0, 1.0, 1.0, 1.0, 1.0, 1.0, 1.0, 1.0, 1.0, 1.0, 1.0, 1.0, 1.0, 1.0, 1.0, 1.0, 1.0, 1.0, 1.0, 1.0, 1.0, 1.0, 1.0, 1.0, 1.0, 1.0, 1.0, 1.0, 1.0, 1.0, 1.0, 1.0, 1.0, 1.0, 1.0, 1.0, 1.0, 1.0, 1.0, 1.0, 1.0, 1.0, 1.0, 1.0, 1.0, 1.0, 1.0, 1.0, 1.0, 1.0, 1.0, 1.0, 1.0, 1.0, 1.0, 1.0, 1.0, 1.0, 1.0, 1.0, 1.0, 1.0, 1.0, 1.0, 1.0, 1.0, 1.0, 1.0, 1.0, 1.0, 1.0, 1.0, 1.0, 1.0, 1.0, 1.0, 1.0, 1.0, 1.0, 1.0, 1.0, 1.0, 1.0, 1.0, 1.0, 1.0, 1.0, 1.0, 1.0, 1.0, 1.0, 1.0, 1.0, 1.0, 1.0, 1.0, 1.0, 1.0, 1.0, 1.0, 1.0, 1.0, 1.0, 1.0, 1.0, 1.0, 1.0, 1.0, 1.0, 1.0, 1.0, 1.0, 1.0, 1.0, 1.0, 1.0, 1.0, 1.0, 1.0, 1.0, 1.0, 1.0, 1.0, 1.0, 1.0, 1.0, 1.0, 1.0, 1.0, 1.0, 1.0, 1.0, 1.0, 1.0, 1.0, 1.0, 1.0, 1.0, 1.0, 1.0, 1.0, 1.0, 1.0, 1.0, 1.0, 1.0, 1.0, 1.0, 1.0, 1.0, 1.0]
valid_accuracy_list: [0.22, 0.136, 0.122, 0.222, 0.058, 0.122, 0.114, 0.162, 0.162, 0.162, 0.222, 0.072, 0.07, 0.084, 0.122, 0.122, 0.122, 0.122, 0.122, 0.122, 0.122, 0.156, 0.124, 0.152, 0.196, 0.218, 0.24, 0.266, 0.138, 0.06, 0.06, 0.104, 0.174, 0.248, 0.318, 0.376, 0.42, 0.442, 0.448, 0.522, 0.654, 0.654, 0.678, 0.704, 0.686, 0.696, 0.702, 0.702, 0.716, 0.712, 0.72, 0.714, 0.72, 0.724, 0.722, 0.728, 0.722, 0.72, 0.718, 0.712, 0.708, 0.708, 0.708, 0.708, 0.706, 0.706, 0.702, 0.704, 0.706, 0.706, 0.708, 0.71, 0.708, 0.708, 0.708, 0.704, 0.704, 0.702, 0.702, 0.704, 0.704, 0.702, 0.7, 0.7, 0.698, 0.698, 0.698, 0.7, 0.7, 0.7, 0.7, 0.7, 0.696, 0.694, 0.694, 0.694, 0.694, 0.696, 0.694, 0.694, 0.692, 0.694, 0.692, 0.692, 0.692, 0.692, 0.692, 0.692, 0.692, 0.692, 0.692, 0.69, 0.69, 0.69, 0.69, 0.692, 0.692, 0.694, 0.694, 0.692, 0.692, 0.69, 0.69, 0.69, 0.69, 0.69, 0.692, 0.692, 0.692, 0.692, 0.692, 0.692, 0.692, 0.692, 0.692, 0.694, 0.694, 0.694, 0.694, 0.694, 0.694, 0.694, 0.694, 0.694, 0.694, 0.694, 0.694, 0.694, 0.694, 0.696, 0.696, 0.698, 0.698, 0.698, 0.698, 0.698, 0.698, 0.698, 0.698, 0.698, 0.698, 0.698, 0.698, 0.698, 0.698, 0.698, 0.698, 0.698, 0.698, 0.698, 0.696, 0.696, 0.696, 0.696, 0.696, 0.696, 0.696, 0.696, 0.696, 0.694, 0.694, 0.694, 0.694, 0.694, 0.694, 0.694, 0.694, 0.694, 0.694, 0.694, 0.694, 0.694, 0.694, 0.694, 0.694, 0.694, 0.694, 0.694, 0.694, 0.694, 0.694, 0.694, 0.694, 0.694, 0.694, 0.694, 0.694, 0.694, 0.694, 0.694, 0.694, 0.694, 0.694, 0.694, 0.694, 0.694, 0.694, 0.694, 0.694, 0.694, 0.694, 0.694, 0.694, 0.696, 0.696, 0.696, 0.696, 0.696, 0.696, 0.696, 0.696, 0.696, 0.696, 0.696, 0.696, 0.696, 0.696, 0.696, 0.696, 0.696, 0.696, 0.696, 0.696, 0.696, 0.696, 0.696, 0.696, 0.696, 0.696, 0.696, 0.696, 0.696, 0.696, 0.696, 0.696, 0.696, 0.696, 0.698, 0.698, 0.698, 0.698, 0.698, 0.698, 0.698, 0.698, 0.698, 0.698, 0.698, 0.696, 0.696, 0.698, 0.698, 0.698, 0.698, 0.698, 0.698, 0.698, 0.698, 0.698, 0.698, 0.698, 0.698, 0.698, 0.698, 0.698, 0.698, 0.698, 0.698, 0.698, 0.698, 0.698, 0.698, 0.698, 0.698, 0.698, 0.698, 0.698, 0.698, 0.698, 0.698, 0.698, 0.698, 0.698, 0.698, 0.698, 0.698, 0.698, 0.698, 0.698, 0.698, 0.698, 0.698, 0.698, 0.698, 0.698, 0.698, 0.698, 0.698, 0.698, 0.698, 0.698, 0.698, 0.698, 0.698, 0.698, 0.698, 0.698, 0.698, 0.698, 0.698, 0.698, 0.698, 0.698, 0.698, 0.698, 0.698, 0.698, 0.7, 0.7, 0.7, 0.7, 0.7, 0.7, 0.7, 0.7, 0.7, 0.7, 0.7, 0.7, 0.7, 0.7, 0.7, 0.7, 0.7, 0.7, 0.7, 0.7, 0.7, 0.7, 0.7, 0.7, 0.7, 0.7, 0.7, 0.7, 0.7, 0.7, 0.7, 0.7, 0.7, 0.7, 0.7, 0.7, 0.7, 0.7, 0.7, 0.7, 0.7, 0.7, 0.7, 0.702, 0.702, 0.702, 0.702, 0.7, 0.7, 0.7, 0.7, 0.7, 0.7, 0.7, 0.7, 0.7, 0.7, 0.7, 0.7, 0.7, 0.7, 0.7]
test_accuracy_list: [0.207, 0.144, 0.13, 0.217, 0.064, 0.13, 0.103, 0.149, 0.149, 0.149, 0.228, 0.092, 0.092, 0.104, 0.13, 0.13, 0.13, 0.13, 0.13, 0.13, 0.13, 0.146, 0.121, 0.149, 0.182, 0.186, 0.217, 0.242, 0.143, 0.069, 0.068, 0.119, 0.213, 0.301, 0.396, 0.374, 0.421, 0.402, 0.407, 0.5, 0.673, 0.678, 0.684, 0.731, 0.725, 0.716, 0.723, 0.727, 0.734, 0.737, 0.734, 0.732, 0.738, 0.741, 0.741, 0.735, 0.736, 0.734, 0.731, 0.732, 0.728, 0.724, 0.722, 0.719, 0.718, 0.718, 0.719, 0.719, 0.719, 0.721, 0.72, 0.719, 0.718, 0.718, 0.717, 0.715, 0.716, 0.716, 0.717, 0.714, 0.715, 0.715, 0.715, 0.715, 0.715, 0.713, 0.713, 0.712, 0.714, 0.714, 0.714, 0.715, 0.715, 0.718, 0.719, 0.718, 0.719, 0.719, 0.719, 0.72, 0.719, 0.719, 0.72, 0.72, 0.72, 0.72, 0.719, 0.72, 0.719, 0.72, 0.72, 0.72, 0.72, 0.72, 0.72, 0.721, 0.721, 0.721, 0.721, 0.721, 0.721, 0.721, 0.721, 0.721, 0.721, 0.721, 0.721, 0.722, 0.722, 0.722, 0.722, 0.722, 0.723, 0.723, 0.723, 0.722, 0.722, 0.722, 0.722, 0.722, 0.722, 0.722, 0.722, 0.721, 0.722, 0.721, 0.721, 0.721, 0.721, 0.721, 0.721, 0.721, 0.721, 0.721, 0.721, 0.721, 0.722, 0.722, 0.722, 0.722, 0.722, 0.722, 0.722, 0.722, 0.722, 0.722, 0.722, 0.722, 0.723, 0.723, 0.723, 0.723, 0.723, 0.723, 0.723, 0.722, 0.722, 0.723, 0.723, 0.723, 0.723, 0.723, 0.724, 0.724, 0.724, 0.724, 0.724, 0.725, 0.725, 0.724, 0.724, 0.725, 0.725, 0.725, 0.725, 0.725, 0.725, 0.725, 0.725, 0.724, 0.723, 0.722, 0.723, 0.723, 0.723, 0.723, 0.723, 0.724, 0.724, 0.724, 0.724, 0.724, 0.724, 0.724, 0.724, 0.724, 0.724, 0.724, 0.724, 0.724, 0.725, 0.725, 0.725, 0.725, 0.725, 0.725, 0.725, 0.724, 0.724, 0.724, 0.724, 0.723, 0.723, 0.723, 0.723, 0.723, 0.723, 0.723, 0.723, 0.723, 0.723, 0.723, 0.723, 0.723, 0.723, 0.724, 0.724, 0.724, 0.724, 0.724, 0.724, 0.724, 0.724, 0.724, 0.725, 0.724, 0.724, 0.724, 0.724, 0.724, 0.724, 0.724, 0.724, 0.724, 0.724, 0.724, 0.724, 0.724, 0.724, 0.724, 0.724, 0.724, 0.725, 0.725, 0.725, 0.725, 0.725, 0.725, 0.725, 0.725, 0.725, 0.725, 0.724, 0.724, 0.724, 0.724, 0.724, 0.724, 0.724, 0.724, 0.724, 0.724, 0.724, 0.725, 0.725, 0.725, 0.725, 0.725, 0.725, 0.725, 0.725, 0.725, 0.725, 0.725, 0.725, 0.724, 0.724, 0.724, 0.724, 0.724, 0.724, 0.724, 0.724, 0.724, 0.724, 0.724, 0.724, 0.724, 0.724, 0.724, 0.724, 0.724, 0.724, 0.724, 0.724, 0.724, 0.724, 0.724, 0.724, 0.724, 0.724, 0.724, 0.724, 0.724, 0.724, 0.724, 0.724, 0.724, 0.724, 0.724, 0.724, 0.724, 0.724, 0.725, 0.725, 0.725, 0.726, 0.725, 0.725, 0.725, 0.725, 0.725, 0.725, 0.725, 0.725, 0.725, 0.725, 0.725, 0.725, 0.725, 0.725, 0.725, 0.725, 0.725, 0.725, 0.725, 0.725, 0.725, 0.725, 0.725, 0.725, 0.725, 0.726, 0.726, 0.726, 0.726, 0.726, 0.726, 0.726, 0.726, 0.726, 0.726, 0.726, 0.726, 0.726, 0.726, 0.727, 0.727, 0.727, 0.727, 0.726, 0.726, 0.726, 0.726, 0.726, 0.726, 0.726, 0.727, 0.727]
best validation: 0.728
best test: 0.741
num distinct structures: 2365
Experiment run 5
dataset: Cora
num_mp_layers: 3
num_fl_layers: 2
mp_hidden_dim: 3000
fl_hidden_dim: 512
epsilon: 1.118033988749895
optimizer_lr: 0.01
loss_func: CrossEntropyLoss
total_epoch: 400
Epoch: 50, Loss: 0.6014, Train: 90.00%, Valid: 47.40%, Test: 50.50%, Best Valid: 48.80%, Best Test: 50.50%
Epoch: 100, Loss: 0.0011, Train: 100.00%, Valid: 73.00%, Test: 73.00%, Best Valid: 73.20%, Best Test: 73.70%
Epoch: 150, Loss: 0.0002, Train: 100.00%, Valid: 72.80%, Test: 72.00%, Best Valid: 73.40%, Best Test: 73.70%
Epoch: 200, Loss: 0.0001, Train: 100.00%, Valid: 72.60%, Test: 72.20%, Best Valid: 73.40%, Best Test: 73.70%
Epoch: 250, Loss: 0.0000, Train: 100.00%, Valid: 72.40%, Test: 71.60%, Best Valid: 73.40%, Best Test: 73.70%
Epoch: 300, Loss: 0.0000, Train: 100.00%, Valid: 71.80%, Test: 72.20%, Best Valid: 73.40%, Best Test: 73.70%
Epoch: 350, Loss: 0.0000, Train: 100.00%, Valid: 72.00%, Test: 72.60%, Best Valid: 73.40%, Best Test: 73.70%
train_accuracy_list: [0.14285714285714285, 0.14285714285714285, 0.14285714285714285, 0.14285714285714285, 0.14285714285714285, 0.14285714285714285, 0.14285714285714285, 0.16428571428571428, 0.14285714285714285, 0.14285714285714285, 0.14285714285714285, 0.14285714285714285, 0.14285714285714285, 0.14285714285714285, 0.15, 0.14285714285714285, 0.15, 0.15, 0.14285714285714285, 0.15, 0.15, 0.15, 0.16428571428571428, 0.15, 0.21428571428571427, 0.17857142857142858, 0.17857142857142858, 0.22857142857142856, 0.2857142857142857, 0.2785714285714286, 0.35, 0.3, 0.29285714285714287, 0.29285714285714287, 0.30714285714285716, 0.32857142857142857, 0.32857142857142857, 0.3357142857142857, 0.37857142857142856, 0.45, 0.5928571428571429, 0.7428571428571429, 0.7285714285714285, 0.75, 0.8071428571428572, 0.7071428571428572, 0.8, 0.8285714285714286, 0.8428571428571429, 0.9, 0.9285714285714286, 0.9142857142857143, 0.5357142857142857, 0.6357142857142857, 0.5571428571428572, 0.9142857142857143, 0.6785714285714286, 0.7071428571428572, 0.7285714285714285, 0.8071428571428572, 0.95, 0.8285714285714286, 0.8142857142857143, 0.8571428571428571, 0.9285714285714286, 0.9714285714285714, 0.9785714285714285, 0.9714285714285714, 0.9928571428571429, 0.9928571428571429, 0.9928571428571429, 0.9928571428571429, 1.0, 1.0, 0.9928571428571429, 0.9928571428571429, 0.9928571428571429, 0.9928571428571429, 1.0, 1.0, 1.0, 1.0, 1.0, 1.0, 1.0, 1.0, 1.0, 1.0, 1.0, 1.0, 1.0, 1.0, 1.0, 1.0, 1.0, 1.0, 1.0, 1.0, 1.0, 1.0, 1.0, 1.0, 1.0, 1.0, 1.0, 1.0, 1.0, 1.0, 1.0, 1.0, 1.0, 1.0, 1.0, 1.0, 1.0, 1.0, 1.0, 1.0, 1.0, 1.0, 1.0, 1.0, 1.0, 1.0, 1.0, 1.0, 1.0, 1.0, 1.0, 1.0, 1.0, 1.0, 1.0, 1.0, 1.0, 1.0, 1.0, 1.0, 1.0, 1.0, 1.0, 1.0, 1.0, 1.0, 1.0, 1.0, 1.0, 1.0, 1.0, 1.0, 1.0, 1.0, 1.0, 1.0, 1.0, 1.0, 1.0, 1.0, 1.0, 1.0, 1.0, 1.0, 1.0, 1.0, 1.0, 1.0, 1.0, 1.0, 1.0, 1.0, 1.0, 1.0, 1.0, 1.0, 1.0, 1.0, 1.0, 1.0, 1.0, 1.0, 1.0, 1.0, 1.0, 1.0, 1.0, 1.0, 1.0, 1.0, 1.0, 1.0, 1.0, 1.0, 1.0, 1.0, 1.0, 1.0, 1.0, 1.0, 1.0, 1.0, 1.0, 1.0, 1.0, 1.0, 1.0, 1.0, 1.0, 1.0, 1.0, 1.0, 1.0, 1.0, 1.0, 1.0, 1.0, 1.0, 1.0, 1.0, 1.0, 1.0, 1.0, 1.0, 1.0, 1.0, 1.0, 1.0, 1.0, 1.0, 1.0, 1.0, 1.0, 1.0, 1.0, 1.0, 1.0, 1.0, 1.0, 1.0, 1.0, 1.0, 1.0, 1.0, 1.0, 1.0, 1.0, 1.0, 1.0, 1.0, 1.0, 1.0, 1.0, 1.0, 1.0, 1.0, 1.0, 1.0, 1.0, 1.0, 1.0, 1.0, 1.0, 1.0, 1.0, 1.0, 1.0, 1.0, 1.0, 1.0, 1.0, 1.0, 1.0, 1.0, 1.0, 1.0, 1.0, 1.0, 1.0, 1.0, 1.0, 1.0, 1.0, 1.0, 1.0, 1.0, 1.0, 1.0, 1.0, 1.0, 1.0, 1.0, 1.0, 1.0, 1.0, 1.0, 1.0, 1.0, 1.0, 1.0, 1.0, 1.0, 1.0, 1.0, 1.0, 1.0, 1.0, 1.0, 1.0, 1.0, 1.0, 1.0, 1.0, 1.0, 1.0, 1.0, 1.0, 1.0, 1.0, 1.0, 1.0, 1.0, 1.0, 1.0, 1.0, 1.0, 1.0, 1.0, 1.0, 1.0, 1.0, 1.0, 1.0, 1.0, 1.0, 1.0, 1.0, 1.0, 1.0, 1.0, 1.0, 1.0, 1.0, 1.0, 1.0, 1.0, 1.0, 1.0, 1.0, 1.0, 1.0, 1.0, 1.0, 1.0, 1.0, 1.0, 1.0, 1.0, 1.0, 1.0, 1.0, 1.0, 1.0, 1.0, 1.0, 1.0, 1.0, 1.0, 1.0, 1.0, 1.0, 1.0, 1.0, 1.0, 1.0, 1.0, 1.0, 1.0, 1.0, 1.0, 1.0, 1.0, 1.0, 1.0, 1.0, 1.0, 1.0, 1.0, 1.0, 1.0, 1.0, 1.0, 1.0, 1.0, 1.0, 1.0, 1.0, 1.0, 1.0, 1.0, 1.0]
valid_accuracy_list: [0.122, 0.122, 0.072, 0.316, 0.058, 0.122, 0.122, 0.122, 0.114, 0.114, 0.114, 0.114, 0.114, 0.122, 0.156, 0.156, 0.156, 0.304, 0.224, 0.058, 0.058, 0.058, 0.062, 0.076, 0.246, 0.31, 0.314, 0.312, 0.158, 0.16, 0.236, 0.258, 0.246, 0.27, 0.292, 0.312, 0.296, 0.322, 0.366, 0.368, 0.42, 0.4, 0.39, 0.414, 0.402, 0.36, 0.386, 0.442, 0.488, 0.474, 0.518, 0.49, 0.474, 0.356, 0.354, 0.63, 0.478, 0.38, 0.3, 0.46, 0.688, 0.658, 0.658, 0.646, 0.672, 0.672, 0.63, 0.61, 0.61, 0.636, 0.648, 0.66, 0.666, 0.68, 0.7, 0.708, 0.702, 0.696, 0.694, 0.69, 0.698, 0.71, 0.714, 0.716, 0.73, 0.724, 0.72, 0.722, 0.72, 0.72, 0.722, 0.724, 0.726, 0.726, 0.728, 0.73, 0.732, 0.73, 0.73, 0.73, 0.732, 0.732, 0.734, 0.732, 0.734, 0.732, 0.73, 0.732, 0.732, 0.728, 0.726, 0.728, 0.73, 0.73, 0.728, 0.726, 0.726, 0.726, 0.726, 0.724, 0.724, 0.722, 0.72, 0.718, 0.718, 0.718, 0.722, 0.72, 0.722, 0.724, 0.726, 0.728, 0.726, 0.726, 0.728, 0.73, 0.728, 0.728, 0.728, 0.728, 0.728, 0.728, 0.728, 0.728, 0.728, 0.728, 0.728, 0.728, 0.728, 0.728, 0.728, 0.728, 0.728, 0.728, 0.728, 0.728, 0.728, 0.728, 0.728, 0.728, 0.728, 0.726, 0.728, 0.728, 0.728, 0.728, 0.726, 0.728, 0.728, 0.728, 0.728, 0.73, 0.728, 0.728, 0.728, 0.728, 0.728, 0.728, 0.728, 0.726, 0.726, 0.728, 0.728, 0.728, 0.728, 0.728, 0.728, 0.728, 0.728, 0.728, 0.728, 0.728, 0.728, 0.728, 0.728, 0.726, 0.726, 0.726, 0.726, 0.726, 0.726, 0.726, 0.726, 0.726, 0.726, 0.726, 0.726, 0.726, 0.726, 0.726, 0.726, 0.726, 0.726, 0.724, 0.724, 0.724, 0.722, 0.724, 0.724, 0.724, 0.724, 0.724, 0.722, 0.722, 0.722, 0.722, 0.722, 0.722, 0.722, 0.722, 0.722, 0.722, 0.722, 0.722, 0.722, 0.722, 0.722, 0.722, 0.722, 0.72, 0.722, 0.724, 0.724, 0.724, 0.724, 0.724, 0.724, 0.724, 0.724, 0.724, 0.724, 0.724, 0.72, 0.72, 0.72, 0.718, 0.716, 0.716, 0.72, 0.72, 0.72, 0.72, 0.72, 0.72, 0.72, 0.718, 0.718, 0.72, 0.72, 0.718, 0.716, 0.716, 0.716, 0.716, 0.716, 0.718, 0.718, 0.72, 0.72, 0.722, 0.72, 0.72, 0.72, 0.72, 0.72, 0.72, 0.718, 0.718, 0.72, 0.72, 0.72, 0.72, 0.72, 0.72, 0.72, 0.72, 0.718, 0.718, 0.718, 0.718, 0.718, 0.716, 0.716, 0.716, 0.716, 0.716, 0.716, 0.716, 0.716, 0.716, 0.718, 0.718, 0.718, 0.72, 0.718, 0.718, 0.718, 0.718, 0.718, 0.72, 0.72, 0.72, 0.72, 0.72, 0.72, 0.72, 0.72, 0.718, 0.718, 0.718, 0.716, 0.714, 0.714, 0.714, 0.714, 0.714, 0.714, 0.716, 0.716, 0.716, 0.716, 0.714, 0.714, 0.714, 0.714, 0.714, 0.716, 0.716, 0.72, 0.72, 0.722, 0.722, 0.722, 0.722, 0.722, 0.722, 0.724, 0.724, 0.724, 0.724, 0.724, 0.724, 0.724, 0.724, 0.722, 0.724, 0.724, 0.724, 0.724, 0.724, 0.724, 0.724, 0.724, 0.724, 0.724, 0.724, 0.724, 0.724, 0.724, 0.724, 0.724, 0.724, 0.724, 0.724, 0.724, 0.724, 0.724, 0.724, 0.724, 0.724, 0.724, 0.724, 0.724, 0.724, 0.724, 0.724, 0.724, 0.724, 0.724]
test_accuracy_list: [0.13, 0.13, 0.091, 0.319, 0.064, 0.13, 0.13, 0.106, 0.103, 0.103, 0.103, 0.103, 0.103, 0.13, 0.144, 0.144, 0.146, 0.319, 0.253, 0.066, 0.066, 0.066, 0.065, 0.075, 0.26, 0.303, 0.316, 0.314, 0.202, 0.195, 0.266, 0.235, 0.223, 0.264, 0.278, 0.301, 0.321, 0.382, 0.42, 0.42, 0.42, 0.405, 0.382, 0.395, 0.425, 0.426, 0.414, 0.448, 0.492, 0.505, 0.538, 0.499, 0.458, 0.372, 0.341, 0.644, 0.512, 0.373, 0.34, 0.502, 0.687, 0.664, 0.651, 0.633, 0.672, 0.691, 0.669, 0.638, 0.637, 0.651, 0.653, 0.654, 0.673, 0.689, 0.69, 0.691, 0.691, 0.695, 0.696, 0.693, 0.685, 0.684, 0.689, 0.696, 0.705, 0.713, 0.717, 0.722, 0.719, 0.721, 0.723, 0.728, 0.733, 0.737, 0.737, 0.734, 0.735, 0.731, 0.731, 0.73, 0.729, 0.728, 0.727, 0.726, 0.725, 0.725, 0.722, 0.721, 0.721, 0.716, 0.715, 0.716, 0.715, 0.715, 0.713, 0.714, 0.714, 0.714, 0.714, 0.713, 0.713, 0.715, 0.715, 0.714, 0.714, 0.714, 0.714, 0.714, 0.714, 0.714, 0.713, 0.712, 0.711, 0.713, 0.713, 0.713, 0.716, 0.716, 0.719, 0.719, 0.719, 0.719, 0.719, 0.72, 0.722, 0.722, 0.722, 0.721, 0.721, 0.72, 0.72, 0.72, 0.72, 0.72, 0.719, 0.719, 0.719, 0.719, 0.721, 0.721, 0.721, 0.721, 0.72, 0.72, 0.72, 0.72, 0.72, 0.721, 0.721, 0.721, 0.722, 0.722, 0.722, 0.722, 0.722, 0.722, 0.722, 0.722, 0.723, 0.723, 0.722, 0.722, 0.722, 0.721, 0.721, 0.721, 0.721, 0.721, 0.721, 0.721, 0.722, 0.722, 0.722, 0.722, 0.722, 0.722, 0.722, 0.722, 0.722, 0.722, 0.72, 0.719, 0.719, 0.719, 0.719, 0.719, 0.719, 0.718, 0.716, 0.717, 0.718, 0.718, 0.718, 0.718, 0.718, 0.718, 0.718, 0.718, 0.718, 0.718, 0.717, 0.717, 0.717, 0.717, 0.718, 0.718, 0.718, 0.719, 0.72, 0.72, 0.72, 0.72, 0.72, 0.72, 0.72, 0.719, 0.719, 0.719, 0.719, 0.718, 0.718, 0.717, 0.716, 0.716, 0.715, 0.715, 0.716, 0.716, 0.716, 0.716, 0.716, 0.715, 0.715, 0.715, 0.715, 0.714, 0.71, 0.711, 0.714, 0.716, 0.717, 0.717, 0.717, 0.716, 0.715, 0.715, 0.716, 0.718, 0.718, 0.717, 0.716, 0.716, 0.716, 0.717, 0.717, 0.717, 0.719, 0.72, 0.721, 0.721, 0.721, 0.719, 0.718, 0.717, 0.72, 0.719, 0.719, 0.719, 0.72, 0.719, 0.719, 0.718, 0.718, 0.719, 0.721, 0.722, 0.721, 0.721, 0.721, 0.722, 0.722, 0.722, 0.722, 0.722, 0.722, 0.722, 0.722, 0.722, 0.722, 0.721, 0.721, 0.721, 0.72, 0.72, 0.72, 0.72, 0.721, 0.722, 0.723, 0.725, 0.725, 0.725, 0.725, 0.725, 0.725, 0.725, 0.725, 0.725, 0.725, 0.725, 0.725, 0.725, 0.725, 0.725, 0.725, 0.725, 0.725, 0.726, 0.726, 0.726, 0.726, 0.726, 0.727, 0.727, 0.726, 0.726, 0.726, 0.726, 0.726, 0.726, 0.725, 0.725, 0.725, 0.725, 0.725, 0.725, 0.725, 0.725, 0.725, 0.725, 0.725, 0.725, 0.725, 0.725, 0.725, 0.724, 0.724, 0.724, 0.724, 0.724, 0.724, 0.724, 0.724, 0.724, 0.724, 0.724, 0.724, 0.724, 0.724, 0.724, 0.724, 0.724, 0.724, 0.725, 0.724, 0.724, 0.724, 0.724, 0.724, 0.724, 0.724, 0.724, 0.724, 0.724, 0.724, 0.724, 0.724, 0.724, 0.724]
best validation: 0.734
best test: 0.737
num distinct structures: 2365
Experiment run 6
dataset: Cora
num_mp_layers: 3
num_fl_layers: 2
mp_hidden_dim: 3000
fl_hidden_dim: 1024
epsilon: 1.118033988749895
optimizer_lr: 0.01
loss_func: CrossEntropyLoss
total_epoch: 400
Epoch: 50, Loss: 0.2374, Train: 97.14%, Valid: 64.40%, Test: 66.10%, Best Valid: 64.40%, Best Test: 66.10%
Epoch: 100, Loss: 0.0002, Train: 100.00%, Valid: 72.00%, Test: 69.80%, Best Valid: 72.00%, Best Test: 70.30%
Epoch: 150, Loss: 0.0000, Train: 100.00%, Valid: 71.80%, Test: 71.10%, Best Valid: 72.40%, Best Test: 71.40%
Epoch: 200, Loss: 0.0000, Train: 100.00%, Valid: 71.60%, Test: 71.00%, Best Valid: 72.40%, Best Test: 71.40%
Epoch: 250, Loss: 0.0000, Train: 100.00%, Valid: 71.60%, Test: 70.70%, Best Valid: 72.40%, Best Test: 71.40%
Epoch: 300, Loss: 0.0000, Train: 100.00%, Valid: 71.40%, Test: 70.50%, Best Valid: 72.40%, Best Test: 71.40%
Epoch: 350, Loss: 0.0000, Train: 100.00%, Valid: 71.40%, Test: 70.00%, Best Valid: 72.40%, Best Test: 71.40%
train_accuracy_list: [0.14285714285714285, 0.14285714285714285, 0.14285714285714285, 0.14285714285714285, 0.14285714285714285, 0.14285714285714285, 0.14285714285714285, 0.14285714285714285, 0.14285714285714285, 0.14285714285714285, 0.14285714285714285, 0.14285714285714285, 0.14285714285714285, 0.14285714285714285, 0.14285714285714285, 0.14285714285714285, 0.14285714285714285, 0.15, 0.1357142857142857, 0.15714285714285714, 0.14285714285714285, 0.15, 0.14285714285714285, 0.14285714285714285, 0.14285714285714285, 0.14285714285714285, 0.21428571428571427, 0.15714285714285714, 0.2571428571428571, 0.35, 0.2357142857142857, 0.21428571428571427, 0.4857142857142857, 0.4142857142857143, 0.42142857142857143, 0.5214285714285715, 0.5428571428571428, 0.6142857142857143, 0.6214285714285714, 0.5571428571428572, 0.8, 0.85, 0.8928571428571429, 0.8428571428571429, 0.8357142857142857, 0.9285714285714286, 0.95, 0.95, 0.9571428571428572, 0.9714285714285714, 0.9285714285714286, 0.8785714285714286, 0.9857142857142858, 0.9428571428571428, 0.9857142857142858, 0.9214285714285714, 0.9785714285714285, 0.9571428571428572, 0.9928571428571429, 0.95, 0.9785714285714285, 0.9785714285714285, 0.9785714285714285, 1.0, 1.0, 1.0, 0.9928571428571429, 0.9928571428571429, 0.9928571428571429, 0.9928571428571429, 0.9928571428571429, 1.0, 1.0, 1.0, 1.0, 1.0, 1.0, 1.0, 1.0, 1.0, 1.0, 1.0, 1.0, 1.0, 1.0, 1.0, 1.0, 1.0, 1.0, 1.0, 1.0, 1.0, 1.0, 1.0, 1.0, 1.0, 1.0, 1.0, 1.0, 1.0, 1.0, 1.0, 1.0, 1.0, 1.0, 1.0, 1.0, 1.0, 1.0, 1.0, 1.0, 1.0, 1.0, 1.0, 1.0, 1.0, 1.0, 1.0, 1.0, 1.0, 1.0, 1.0, 1.0, 1.0, 1.0, 1.0, 1.0, 1.0, 1.0, 1.0, 1.0, 1.0, 1.0, 1.0, 1.0, 1.0, 1.0, 1.0, 1.0, 1.0, 1.0, 1.0, 1.0, 1.0, 1.0, 1.0, 1.0, 1.0, 1.0, 1.0, 1.0, 1.0, 1.0, 1.0, 1.0, 1.0, 1.0, 1.0, 1.0, 1.0, 1.0, 1.0, 1.0, 1.0, 1.0, 1.0, 1.0, 1.0, 1.0, 1.0, 1.0, 1.0, 1.0, 1.0, 1.0, 1.0, 1.0, 1.0, 1.0, 1.0, 1.0, 1.0, 1.0, 1.0, 1.0, 1.0, 1.0, 1.0, 1.0, 1.0, 1.0, 1.0, 1.0, 1.0, 1.0, 1.0, 1.0, 1.0, 1.0, 1.0, 1.0, 1.0, 1.0, 1.0, 1.0, 1.0, 1.0, 1.0, 1.0, 1.0, 1.0, 1.0, 1.0, 1.0, 1.0, 1.0, 1.0, 1.0, 1.0, 1.0, 1.0, 1.0, 1.0, 1.0, 1.0, 1.0, 1.0, 1.0, 1.0, 1.0, 1.0, 1.0, 1.0, 1.0, 1.0, 1.0, 1.0, 1.0, 1.0, 1.0, 1.0, 1.0, 1.0, 1.0, 1.0, 1.0, 1.0, 1.0, 1.0, 1.0, 1.0, 1.0, 1.0, 1.0, 1.0, 1.0, 1.0, 1.0, 1.0, 1.0, 1.0, 1.0, 1.0, 1.0, 1.0, 1.0, 1.0, 1.0, 1.0, 1.0, 1.0, 1.0, 1.0, 1.0, 1.0, 1.0, 1.0, 1.0, 1.0, 1.0, 1.0, 1.0, 1.0, 1.0, 1.0, 1.0, 1.0, 1.0, 1.0, 1.0, 1.0, 1.0, 1.0, 1.0, 1.0, 1.0, 1.0, 1.0, 1.0, 1.0, 1.0, 1.0, 1.0, 1.0, 1.0, 1.0, 1.0, 1.0, 1.0, 1.0, 1.0, 1.0, 1.0, 1.0, 1.0, 1.0, 1.0, 1.0, 1.0, 1.0, 1.0, 1.0, 1.0, 1.0, 1.0, 1.0, 1.0, 1.0, 1.0, 1.0, 1.0, 1.0, 1.0, 1.0, 1.0, 1.0, 1.0, 1.0, 1.0, 1.0, 1.0, 1.0, 1.0, 1.0, 1.0, 1.0, 1.0, 1.0, 1.0, 1.0, 1.0, 1.0, 1.0, 1.0, 1.0, 1.0, 1.0, 1.0, 1.0, 1.0, 1.0, 1.0, 1.0, 1.0, 1.0, 1.0, 1.0, 1.0, 1.0, 1.0, 1.0, 1.0, 1.0, 1.0, 1.0, 1.0, 1.0, 1.0, 1.0, 1.0, 1.0, 1.0, 1.0, 1.0, 1.0, 1.0, 1.0, 1.0, 1.0, 1.0, 1.0, 1.0, 1.0, 1.0, 1.0, 1.0, 1.0, 1.0, 1.0]
valid_accuracy_list: [0.122, 0.122, 0.072, 0.058, 0.162, 0.122, 0.122, 0.122, 0.122, 0.156, 0.156, 0.156, 0.306, 0.316, 0.316, 0.314, 0.162, 0.162, 0.138, 0.066, 0.072, 0.116, 0.134, 0.122, 0.122, 0.122, 0.106, 0.062, 0.108, 0.368, 0.318, 0.322, 0.322, 0.2, 0.238, 0.304, 0.29, 0.362, 0.368, 0.332, 0.464, 0.528, 0.574, 0.442, 0.45, 0.61, 0.61, 0.614, 0.644, 0.644, 0.584, 0.534, 0.658, 0.506, 0.678, 0.578, 0.572, 0.474, 0.662, 0.658, 0.66, 0.602, 0.586, 0.668, 0.676, 0.678, 0.66, 0.64, 0.642, 0.652, 0.662, 0.666, 0.672, 0.674, 0.684, 0.686, 0.698, 0.702, 0.706, 0.71, 0.7, 0.698, 0.698, 0.694, 0.694, 0.696, 0.696, 0.698, 0.7, 0.698, 0.7, 0.7, 0.7, 0.702, 0.702, 0.704, 0.704, 0.708, 0.72, 0.72, 0.716, 0.708, 0.708, 0.718, 0.724, 0.72, 0.718, 0.72, 0.718, 0.712, 0.714, 0.712, 0.716, 0.714, 0.714, 0.718, 0.718, 0.716, 0.716, 0.718, 0.716, 0.716, 0.716, 0.716, 0.718, 0.72, 0.72, 0.722, 0.722, 0.724, 0.724, 0.724, 0.724, 0.722, 0.72, 0.72, 0.72, 0.72, 0.72, 0.718, 0.718, 0.718, 0.718, 0.718, 0.718, 0.718, 0.718, 0.718, 0.718, 0.718, 0.718, 0.718, 0.716, 0.716, 0.716, 0.716, 0.716, 0.716, 0.716, 0.714, 0.714, 0.714, 0.714, 0.714, 0.714, 0.716, 0.716, 0.716, 0.716, 0.716, 0.716, 0.716, 0.716, 0.716, 0.716, 0.716, 0.716, 0.716, 0.716, 0.716, 0.716, 0.716, 0.716, 0.716, 0.716, 0.716, 0.716, 0.716, 0.716, 0.716, 0.716, 0.716, 0.716, 0.716, 0.716, 0.716, 0.716, 0.716, 0.716, 0.716, 0.716, 0.716, 0.716, 0.716, 0.714, 0.714, 0.714, 0.714, 0.714, 0.714, 0.714, 0.714, 0.714, 0.716, 0.716, 0.716, 0.714, 0.714, 0.714, 0.714, 0.714, 0.714, 0.714, 0.714, 0.714, 0.714, 0.714, 0.716, 0.714, 0.714, 0.716, 0.716, 0.716, 0.716, 0.716, 0.716, 0.716, 0.716, 0.716, 0.716, 0.716, 0.716, 0.716, 0.716, 0.716, 0.716, 0.716, 0.716, 0.716, 0.716, 0.716, 0.716, 0.716, 0.716, 0.716, 0.716, 0.716, 0.716, 0.716, 0.716, 0.716, 0.716, 0.716, 0.716, 0.716, 0.716, 0.716, 0.716, 0.716, 0.716, 0.716, 0.716, 0.716, 0.716, 0.716, 0.716, 0.716, 0.716, 0.716, 0.716, 0.716, 0.716, 0.716, 0.716, 0.716, 0.716, 0.716, 0.716, 0.716, 0.716, 0.716, 0.716, 0.716, 0.716, 0.716, 0.716, 0.716, 0.714, 0.714, 0.714, 0.714, 0.714, 0.714, 0.714, 0.714, 0.714, 0.714, 0.714, 0.714, 0.714, 0.714, 0.714, 0.714, 0.714, 0.714, 0.714, 0.714, 0.714, 0.714, 0.714, 0.714, 0.714, 0.714, 0.714, 0.714, 0.714, 0.714, 0.714, 0.714, 0.714, 0.714, 0.714, 0.714, 0.714, 0.714, 0.714, 0.714, 0.714, 0.714, 0.714, 0.714, 0.714, 0.714, 0.714, 0.714, 0.714, 0.714, 0.714, 0.714, 0.714, 0.714, 0.714, 0.714, 0.714, 0.714, 0.714, 0.714, 0.714, 0.714, 0.714, 0.714, 0.714, 0.714, 0.714, 0.714, 0.714, 0.714, 0.714, 0.716, 0.716, 0.716, 0.716, 0.716, 0.716, 0.716, 0.716, 0.716, 0.716, 0.716, 0.716, 0.716, 0.716, 0.716, 0.716, 0.716, 0.716, 0.716, 0.716, 0.716, 0.716, 0.716, 0.716, 0.716, 0.716, 0.716, 0.716, 0.716, 0.716, 0.716]
test_accuracy_list: [0.13, 0.13, 0.091, 0.064, 0.149, 0.13, 0.13, 0.13, 0.13, 0.144, 0.144, 0.145, 0.317, 0.319, 0.319, 0.318, 0.149, 0.149, 0.125, 0.067, 0.091, 0.104, 0.141, 0.13, 0.13, 0.13, 0.112, 0.07, 0.151, 0.391, 0.334, 0.343, 0.346, 0.216, 0.226, 0.283, 0.281, 0.33, 0.348, 0.34, 0.466, 0.551, 0.591, 0.457, 0.47, 0.621, 0.639, 0.645, 0.658, 0.661, 0.616, 0.544, 0.674, 0.549, 0.691, 0.589, 0.567, 0.504, 0.688, 0.694, 0.682, 0.576, 0.573, 0.65, 0.678, 0.675, 0.666, 0.659, 0.664, 0.667, 0.673, 0.672, 0.681, 0.688, 0.691, 0.696, 0.696, 0.698, 0.699, 0.697, 0.7, 0.697, 0.698, 0.697, 0.696, 0.698, 0.695, 0.695, 0.694, 0.695, 0.695, 0.695, 0.698, 0.696, 0.697, 0.7, 0.701, 0.701, 0.703, 0.698, 0.697, 0.695, 0.695, 0.701, 0.704, 0.707, 0.708, 0.712, 0.714, 0.71, 0.709, 0.709, 0.708, 0.707, 0.706, 0.711, 0.709, 0.707, 0.706, 0.706, 0.706, 0.707, 0.709, 0.708, 0.709, 0.707, 0.709, 0.709, 0.712, 0.711, 0.711, 0.709, 0.71, 0.711, 0.712, 0.712, 0.712, 0.712, 0.712, 0.712, 0.712, 0.712, 0.713, 0.713, 0.713, 0.713, 0.713, 0.713, 0.712, 0.711, 0.71, 0.711, 0.71, 0.71, 0.711, 0.711, 0.711, 0.71, 0.71, 0.71, 0.709, 0.709, 0.709, 0.709, 0.709, 0.709, 0.711, 0.71, 0.711, 0.711, 0.711, 0.711, 0.71, 0.711, 0.711, 0.71, 0.71, 0.71, 0.711, 0.711, 0.711, 0.711, 0.711, 0.711, 0.711, 0.711, 0.711, 0.709, 0.709, 0.709, 0.709, 0.709, 0.709, 0.709, 0.709, 0.709, 0.71, 0.71, 0.71, 0.71, 0.71, 0.71, 0.71, 0.709, 0.709, 0.709, 0.709, 0.709, 0.709, 0.709, 0.709, 0.709, 0.709, 0.708, 0.708, 0.708, 0.708, 0.708, 0.708, 0.708, 0.707, 0.707, 0.707, 0.706, 0.706, 0.707, 0.706, 0.706, 0.706, 0.706, 0.706, 0.706, 0.707, 0.707, 0.707, 0.707, 0.707, 0.707, 0.707, 0.707, 0.707, 0.707, 0.707, 0.707, 0.707, 0.707, 0.707, 0.707, 0.707, 0.707, 0.706, 0.706, 0.707, 0.707, 0.707, 0.707, 0.707, 0.707, 0.707, 0.707, 0.707, 0.707, 0.706, 0.706, 0.706, 0.706, 0.706, 0.706, 0.706, 0.706, 0.706, 0.706, 0.706, 0.706, 0.706, 0.706, 0.706, 0.706, 0.705, 0.704, 0.704, 0.704, 0.704, 0.704, 0.704, 0.704, 0.704, 0.704, 0.705, 0.704, 0.704, 0.704, 0.705, 0.705, 0.705, 0.704, 0.704, 0.705, 0.705, 0.705, 0.704, 0.704, 0.703, 0.704, 0.704, 0.704, 0.704, 0.704, 0.704, 0.703, 0.703, 0.703, 0.703, 0.703, 0.703, 0.703, 0.703, 0.702, 0.701, 0.701, 0.701, 0.701, 0.701, 0.701, 0.701, 0.701, 0.701, 0.701, 0.701, 0.701, 0.701, 0.701, 0.701, 0.702, 0.702, 0.702, 0.702, 0.702, 0.702, 0.702, 0.702, 0.701, 0.701, 0.701, 0.701, 0.701, 0.701, 0.7, 0.7, 0.7, 0.7, 0.7, 0.7, 0.7, 0.7, 0.7, 0.701, 0.701, 0.701, 0.701, 0.701, 0.701, 0.701, 0.701, 0.701, 0.701, 0.701, 0.701, 0.701, 0.7, 0.7, 0.7, 0.7, 0.7, 0.7, 0.7, 0.7, 0.7, 0.7, 0.699, 0.699, 0.699, 0.7, 0.7, 0.7, 0.7, 0.7, 0.7, 0.7, 0.7, 0.7, 0.7, 0.7, 0.7, 0.7, 0.7, 0.7, 0.7, 0.7]
best validation: 0.724
best test: 0.714
num distinct structures: 2365
Experiment run 7
dataset: Cora
num_mp_layers: 3
num_fl_layers: 2
mp_hidden_dim: 3000
fl_hidden_dim: 2048
epsilon: 1.118033988749895
optimizer_lr: 0.01
loss_func: CrossEntropyLoss
total_epoch: 400
Epoch: 50, Loss: 0.4568, Train: 90.00%, Valid: 45.80%, Test: 47.20%, Best Valid: 54.20%, Best Test: 54.90%
Epoch: 100, Loss: 0.0001, Train: 100.00%, Valid: 62.60%, Test: 63.40%, Best Valid: 64.60%, Best Test: 67.20%
Epoch: 150, Loss: 0.0000, Train: 100.00%, Valid: 62.40%, Test: 62.70%, Best Valid: 64.60%, Best Test: 67.20%
Epoch: 200, Loss: 0.0000, Train: 100.00%, Valid: 61.80%, Test: 62.40%, Best Valid: 64.60%, Best Test: 67.20%
Epoch: 250, Loss: 0.0000, Train: 100.00%, Valid: 62.20%, Test: 62.20%, Best Valid: 64.60%, Best Test: 67.20%
Epoch: 300, Loss: 0.0000, Train: 100.00%, Valid: 61.80%, Test: 62.40%, Best Valid: 64.60%, Best Test: 67.20%
Epoch: 350, Loss: 0.0000, Train: 100.00%, Valid: 61.60%, Test: 62.60%, Best Valid: 64.60%, Best Test: 67.20%
train_accuracy_list: [0.25, 0.15714285714285714, 0.14285714285714285, 0.14285714285714285, 0.14285714285714285, 0.14285714285714285, 0.1357142857142857, 0.15, 0.14285714285714285, 0.14285714285714285, 0.14285714285714285, 0.14285714285714285, 0.14285714285714285, 0.14285714285714285, 0.14285714285714285, 0.14285714285714285, 0.14285714285714285, 0.14285714285714285, 0.15, 0.19285714285714287, 0.14285714285714285, 0.15, 0.15, 0.15, 0.15, 0.15714285714285714, 0.2857142857142857, 0.32142857142857145, 0.32857142857142857, 0.4714285714285714, 0.3, 0.39285714285714285, 0.5214285714285715, 0.5, 0.5714285714285714, 0.55, 0.6642857142857143, 0.6285714285714286, 0.5785714285714286, 0.7285714285714285, 0.6357142857142857, 0.8214285714285714, 0.7214285714285714, 0.75, 0.7857142857142857, 0.8285714285714286, 0.8214285714285714, 0.8571428571428571, 0.8714285714285714, 0.9, 0.8928571428571429, 0.9142857142857143, 0.9142857142857143, 0.9571428571428572, 0.9428571428571428, 0.9428571428571428, 0.9571428571428572, 0.9642857142857143, 0.9642857142857143, 0.9642857142857143, 0.9714285714285714, 0.9785714285714285, 0.9928571428571429, 0.9928571428571429, 1.0, 1.0, 1.0, 0.9928571428571429, 0.9928571428571429, 1.0, 1.0, 1.0, 1.0, 1.0, 1.0, 1.0, 1.0, 1.0, 1.0, 1.0, 1.0, 1.0, 1.0, 1.0, 1.0, 1.0, 1.0, 1.0, 1.0, 1.0, 1.0, 1.0, 1.0, 1.0, 1.0, 1.0, 1.0, 1.0, 1.0, 1.0, 1.0, 1.0, 1.0, 1.0, 1.0, 1.0, 1.0, 1.0, 1.0, 1.0, 1.0, 1.0, 1.0, 1.0, 1.0, 1.0, 1.0, 1.0, 1.0, 1.0, 1.0, 1.0, 1.0, 1.0, 1.0, 1.0, 1.0, 1.0, 1.0, 1.0, 1.0, 1.0, 1.0, 1.0, 1.0, 1.0, 1.0, 1.0, 1.0, 1.0, 1.0, 1.0, 1.0, 1.0, 1.0, 1.0, 1.0, 1.0, 1.0, 1.0, 1.0, 1.0, 1.0, 1.0, 1.0, 1.0, 1.0, 1.0, 1.0, 1.0, 1.0, 1.0, 1.0, 1.0, 1.0, 1.0, 1.0, 1.0, 1.0, 1.0, 1.0, 1.0, 1.0, 1.0, 1.0, 1.0, 1.0, 1.0, 1.0, 1.0, 1.0, 1.0, 1.0, 1.0, 1.0, 1.0, 1.0, 1.0, 1.0, 1.0, 1.0, 1.0, 1.0, 1.0, 1.0, 1.0, 1.0, 1.0, 1.0, 1.0, 1.0, 1.0, 1.0, 1.0, 1.0, 1.0, 1.0, 1.0, 1.0, 1.0, 1.0, 1.0, 1.0, 1.0, 1.0, 1.0, 1.0, 1.0, 1.0, 1.0, 1.0, 1.0, 1.0, 1.0, 1.0, 1.0, 1.0, 1.0, 1.0, 1.0, 1.0, 1.0, 1.0, 1.0, 1.0, 1.0, 1.0, 1.0, 1.0, 1.0, 1.0, 1.0, 1.0, 1.0, 1.0, 1.0, 1.0, 1.0, 1.0, 1.0, 1.0, 1.0, 1.0, 1.0, 1.0, 1.0, 1.0, 1.0, 1.0, 1.0, 1.0, 1.0, 1.0, 1.0, 1.0, 1.0, 1.0, 1.0, 1.0, 1.0, 1.0, 1.0, 1.0, 1.0, 1.0, 1.0, 1.0, 1.0, 1.0, 1.0, 1.0, 1.0, 1.0, 1.0, 1.0, 1.0, 1.0, 1.0, 1.0, 1.0, 1.0, 1.0, 1.0, 1.0, 1.0, 1.0, 1.0, 1.0, 1.0, 1.0, 1.0, 1.0, 1.0, 1.0, 1.0, 1.0, 1.0, 1.0, 1.0, 1.0, 1.0, 1.0, 1.0, 1.0, 1.0, 1.0, 1.0, 1.0, 1.0, 1.0, 1.0, 1.0, 1.0, 1.0, 1.0, 1.0, 1.0, 1.0, 1.0, 1.0, 1.0, 1.0, 1.0, 1.0, 1.0, 1.0, 1.0, 1.0, 1.0, 1.0, 1.0, 1.0, 1.0, 1.0, 1.0, 1.0, 1.0, 1.0, 1.0, 1.0, 1.0, 1.0, 1.0, 1.0, 1.0, 1.0, 1.0, 1.0, 1.0, 1.0, 1.0, 1.0, 1.0, 1.0, 1.0, 1.0, 1.0, 1.0, 1.0, 1.0, 1.0, 1.0, 1.0, 1.0, 1.0, 1.0, 1.0, 1.0, 1.0, 1.0, 1.0, 1.0, 1.0, 1.0, 1.0, 1.0, 1.0, 1.0, 1.0, 1.0, 1.0, 1.0, 1.0, 1.0, 1.0, 1.0, 1.0, 1.0, 1.0]
valid_accuracy_list: [0.298, 0.188, 0.162, 0.114, 0.072, 0.058, 0.226, 0.306, 0.314, 0.058, 0.058, 0.058, 0.058, 0.058, 0.058, 0.156, 0.156, 0.156, 0.158, 0.166, 0.07, 0.074, 0.074, 0.074, 0.076, 0.082, 0.148, 0.228, 0.214, 0.232, 0.122, 0.18, 0.298, 0.318, 0.302, 0.296, 0.43, 0.488, 0.506, 0.406, 0.488, 0.516, 0.426, 0.418, 0.41, 0.472, 0.47, 0.542, 0.48, 0.458, 0.456, 0.528, 0.572, 0.546, 0.528, 0.514, 0.522, 0.566, 0.604, 0.612, 0.6, 0.582, 0.594, 0.626, 0.632, 0.636, 0.634, 0.618, 0.606, 0.632, 0.638, 0.64, 0.646, 0.642, 0.638, 0.622, 0.62, 0.62, 0.62, 0.622, 0.628, 0.62, 0.62, 0.62, 0.616, 0.624, 0.626, 0.628, 0.628, 0.628, 0.628, 0.628, 0.626, 0.618, 0.622, 0.62, 0.626, 0.626, 0.626, 0.626, 0.626, 0.626, 0.628, 0.622, 0.622, 0.62, 0.62, 0.618, 0.618, 0.618, 0.616, 0.612, 0.612, 0.61, 0.614, 0.618, 0.622, 0.622, 0.62, 0.62, 0.618, 0.616, 0.616, 0.616, 0.616, 0.616, 0.616, 0.616, 0.616, 0.618, 0.62, 0.622, 0.62, 0.62, 0.62, 0.62, 0.62, 0.62, 0.62, 0.622, 0.622, 0.622, 0.62, 0.62, 0.62, 0.62, 0.622, 0.624, 0.624, 0.624, 0.624, 0.624, 0.624, 0.624, 0.624, 0.624, 0.624, 0.624, 0.622, 0.622, 0.622, 0.622, 0.622, 0.622, 0.622, 0.622, 0.62, 0.62, 0.62, 0.62, 0.62, 0.62, 0.62, 0.62, 0.62, 0.62, 0.62, 0.62, 0.62, 0.62, 0.62, 0.62, 0.62, 0.62, 0.62, 0.62, 0.618, 0.618, 0.618, 0.618, 0.618, 0.618, 0.618, 0.618, 0.618, 0.618, 0.618, 0.618, 0.618, 0.618, 0.618, 0.618, 0.618, 0.618, 0.618, 0.618, 0.618, 0.618, 0.618, 0.618, 0.618, 0.618, 0.618, 0.618, 0.618, 0.62, 0.62, 0.62, 0.62, 0.62, 0.62, 0.62, 0.62, 0.62, 0.62, 0.62, 0.62, 0.62, 0.62, 0.62, 0.62, 0.62, 0.62, 0.622, 0.622, 0.622, 0.622, 0.622, 0.622, 0.622, 0.622, 0.622, 0.622, 0.622, 0.622, 0.622, 0.622, 0.622, 0.622, 0.622, 0.622, 0.622, 0.622, 0.622, 0.622, 0.622, 0.622, 0.622, 0.622, 0.622, 0.622, 0.622, 0.622, 0.62, 0.62, 0.62, 0.62, 0.62, 0.618, 0.618, 0.618, 0.62, 0.62, 0.62, 0.62, 0.62, 0.62, 0.62, 0.62, 0.62, 0.62, 0.62, 0.62, 0.62, 0.62, 0.62, 0.62, 0.62, 0.62, 0.62, 0.62, 0.62, 0.62, 0.62, 0.62, 0.618, 0.618, 0.618, 0.618, 0.618, 0.618, 0.618, 0.618, 0.618, 0.618, 0.618, 0.618, 0.618, 0.618, 0.618, 0.618, 0.62, 0.62, 0.618, 0.616, 0.616, 0.616, 0.616, 0.616, 0.616, 0.616, 0.616, 0.616, 0.616, 0.616, 0.616, 0.616, 0.616, 0.616, 0.616, 0.616, 0.616, 0.616, 0.616, 0.616, 0.616, 0.616, 0.616, 0.616, 0.616, 0.616, 0.616, 0.616, 0.616, 0.616, 0.616, 0.616, 0.616, 0.616, 0.616, 0.616, 0.616, 0.616, 0.616, 0.616, 0.616, 0.616, 0.616, 0.616, 0.616, 0.616, 0.616, 0.616, 0.616, 0.616, 0.616, 0.616, 0.616, 0.616, 0.616, 0.616, 0.616, 0.616, 0.616, 0.616, 0.616, 0.616, 0.616, 0.616, 0.616, 0.616, 0.616, 0.616, 0.616, 0.616, 0.616, 0.616, 0.616, 0.616, 0.618, 0.618, 0.618, 0.618, 0.618, 0.618, 0.616, 0.616, 0.616, 0.616]
test_accuracy_list: [0.319, 0.195, 0.149, 0.103, 0.091, 0.064, 0.227, 0.31, 0.318, 0.064, 0.064, 0.064, 0.064, 0.064, 0.064, 0.144, 0.144, 0.145, 0.146, 0.155, 0.095, 0.092, 0.092, 0.093, 0.093, 0.104, 0.176, 0.206, 0.217, 0.245, 0.121, 0.189, 0.309, 0.314, 0.306, 0.329, 0.472, 0.5, 0.535, 0.424, 0.53, 0.537, 0.425, 0.455, 0.458, 0.472, 0.474, 0.549, 0.521, 0.472, 0.46, 0.541, 0.587, 0.572, 0.536, 0.505, 0.528, 0.579, 0.627, 0.637, 0.618, 0.59, 0.605, 0.634, 0.649, 0.65, 0.64, 0.628, 0.626, 0.641, 0.655, 0.665, 0.672, 0.665, 0.656, 0.648, 0.644, 0.64, 0.644, 0.647, 0.648, 0.648, 0.638, 0.629, 0.626, 0.632, 0.638, 0.634, 0.633, 0.631, 0.629, 0.627, 0.623, 0.626, 0.626, 0.627, 0.628, 0.632, 0.632, 0.634, 0.631, 0.632, 0.633, 0.632, 0.632, 0.634, 0.632, 0.632, 0.632, 0.633, 0.634, 0.634, 0.633, 0.629, 0.629, 0.628, 0.63, 0.63, 0.633, 0.633, 0.632, 0.63, 0.63, 0.63, 0.63, 0.63, 0.63, 0.63, 0.629, 0.629, 0.629, 0.629, 0.629, 0.629, 0.631, 0.631, 0.63, 0.63, 0.63, 0.63, 0.63, 0.628, 0.627, 0.626, 0.626, 0.627, 0.627, 0.627, 0.627, 0.627, 0.627, 0.627, 0.627, 0.627, 0.627, 0.626, 0.626, 0.626, 0.626, 0.626, 0.626, 0.626, 0.625, 0.625, 0.625, 0.625, 0.625, 0.625, 0.625, 0.625, 0.625, 0.625, 0.625, 0.625, 0.625, 0.625, 0.625, 0.625, 0.625, 0.625, 0.626, 0.626, 0.626, 0.625, 0.625, 0.625, 0.625, 0.625, 0.625, 0.625, 0.624, 0.624, 0.624, 0.624, 0.624, 0.624, 0.624, 0.624, 0.624, 0.624, 0.624, 0.624, 0.624, 0.624, 0.624, 0.624, 0.624, 0.624, 0.624, 0.624, 0.624, 0.624, 0.624, 0.624, 0.624, 0.624, 0.624, 0.624, 0.624, 0.624, 0.624, 0.623, 0.623, 0.623, 0.623, 0.623, 0.623, 0.623, 0.623, 0.623, 0.623, 0.622, 0.622, 0.622, 0.622, 0.622, 0.622, 0.622, 0.623, 0.623, 0.623, 0.623, 0.623, 0.623, 0.622, 0.623, 0.623, 0.622, 0.622, 0.622, 0.622, 0.622, 0.622, 0.622, 0.622, 0.622, 0.622, 0.622, 0.622, 0.622, 0.622, 0.622, 0.622, 0.622, 0.623, 0.623, 0.623, 0.623, 0.623, 0.623, 0.623, 0.623, 0.623, 0.623, 0.623, 0.623, 0.623, 0.623, 0.623, 0.623, 0.623, 0.623, 0.623, 0.623, 0.623, 0.623, 0.624, 0.624, 0.624, 0.624, 0.624, 0.624, 0.624, 0.624, 0.624, 0.624, 0.624, 0.624, 0.624, 0.624, 0.624, 0.624, 0.625, 0.625, 0.625, 0.625, 0.625, 0.625, 0.625, 0.625, 0.625, 0.625, 0.625, 0.625, 0.625, 0.625, 0.625, 0.625, 0.625, 0.625, 0.625, 0.624, 0.624, 0.624, 0.624, 0.624, 0.624, 0.624, 0.624, 0.624, 0.624, 0.624, 0.624, 0.624, 0.624, 0.624, 0.624, 0.624, 0.624, 0.624, 0.624, 0.625, 0.625, 0.625, 0.625, 0.626, 0.626, 0.626, 0.626, 0.626, 0.626, 0.626, 0.626, 0.626, 0.626, 0.626, 0.626, 0.626, 0.626, 0.626, 0.626, 0.626, 0.626, 0.626, 0.626, 0.626, 0.626, 0.626, 0.626, 0.626, 0.626, 0.626, 0.626, 0.626, 0.626, 0.626, 0.626, 0.626, 0.626, 0.626, 0.626, 0.626, 0.626, 0.626, 0.626, 0.626, 0.626, 0.626, 0.626, 0.626, 0.626, 0.626, 0.626, 0.626, 0.626, 0.626, 0.626, 0.626, 0.626]
best validation: 0.646
best test: 0.672
num distinct structures: 2365
Experiment run 8
dataset: Cora
num_mp_layers: 3
num_fl_layers: 2
mp_hidden_dim: 3000
fl_hidden_dim: 4096
epsilon: 1.118033988749895
optimizer_lr: 0.01
loss_func: CrossEntropyLoss
total_epoch: 400
Epoch: 50, Loss: 0.6963, Train: 81.43%, Valid: 42.40%, Test: 44.30%, Best Valid: 46.60%, Best Test: 46.60%
Epoch: 100, Loss: 0.0014, Train: 100.00%, Valid: 56.40%, Test: 59.30%, Best Valid: 61.00%, Best Test: 60.90%
Epoch: 150, Loss: 0.0000, Train: 100.00%, Valid: 59.00%, Test: 61.40%, Best Valid: 61.00%, Best Test: 61.40%
Epoch: 200, Loss: 0.0000, Train: 100.00%, Valid: 58.60%, Test: 61.40%, Best Valid: 61.00%, Best Test: 61.50%
Epoch: 250, Loss: 0.0000, Train: 100.00%, Valid: 58.60%, Test: 61.30%, Best Valid: 61.00%, Best Test: 61.50%
Epoch: 300, Loss: 0.0000, Train: 100.00%, Valid: 58.80%, Test: 61.50%, Best Valid: 61.00%, Best Test: 61.50%
Epoch: 350, Loss: 0.0000, Train: 100.00%, Valid: 59.00%, Test: 61.60%, Best Valid: 61.00%, Best Test: 61.60%
train_accuracy_list: [0.15714285714285714, 0.14285714285714285, 0.14285714285714285, 0.19285714285714287, 0.0, 0.14285714285714285, 0.14285714285714285, 0.14285714285714285, 0.14285714285714285, 0.14285714285714285, 0.14285714285714285, 0.2, 0.15714285714285714, 0.15, 0.15, 0.14285714285714285, 0.24285714285714285, 0.14285714285714285, 0.15, 0.17857142857142858, 0.2, 0.2357142857142857, 0.20714285714285716, 0.2357142857142857, 0.24285714285714285, 0.2571428571428571, 0.34285714285714286, 0.35714285714285715, 0.4, 0.39285714285714285, 0.4714285714285714, 0.36428571428571427, 0.4714285714285714, 0.45, 0.5285714285714286, 0.4785714285714286, 0.4857142857142857, 0.5571428571428572, 0.5571428571428572, 0.5642857142857143, 0.65, 0.6714285714285714, 0.6785714285714286, 0.6714285714285714, 0.7, 0.6928571428571428, 0.7142857142857143, 0.7714285714285715, 0.7571428571428571, 0.8142857142857143, 0.8357142857142857, 0.8428571428571429, 0.8285714285714286, 0.8785714285714286, 0.8928571428571429, 0.8785714285714286, 0.8785714285714286, 0.9142857142857143, 0.95, 0.9142857142857143, 0.9428571428571428, 0.9571428571428572, 0.9785714285714285, 0.9571428571428572, 0.9714285714285714, 0.9857142857142858, 0.9285714285714286, 0.9285714285714286, 0.95, 0.9785714285714285, 0.9571428571428572, 0.9642857142857143, 0.9785714285714285, 0.9714285714285714, 0.9928571428571429, 0.9857142857142858, 0.9928571428571429, 0.9928571428571429, 0.9928571428571429, 0.9928571428571429, 0.9928571428571429, 1.0, 1.0, 1.0, 0.9928571428571429, 1.0, 1.0, 1.0, 1.0, 1.0, 1.0, 1.0, 1.0, 1.0, 1.0, 1.0, 1.0, 1.0, 1.0, 1.0, 1.0, 1.0, 1.0, 1.0, 1.0, 1.0, 1.0, 1.0, 1.0, 1.0, 1.0, 1.0, 1.0, 1.0, 1.0, 1.0, 1.0, 1.0, 1.0, 1.0, 1.0, 1.0, 1.0, 1.0, 1.0, 1.0, 1.0, 1.0, 1.0, 1.0, 1.0, 1.0, 1.0, 1.0, 1.0, 1.0, 1.0, 1.0, 1.0, 1.0, 1.0, 1.0, 1.0, 1.0, 1.0, 1.0, 1.0, 1.0, 1.0, 1.0, 1.0, 1.0, 1.0, 1.0, 1.0, 1.0, 1.0, 1.0, 1.0, 1.0, 1.0, 1.0, 1.0, 1.0, 1.0, 1.0, 1.0, 1.0, 1.0, 1.0, 1.0, 1.0, 1.0, 1.0, 1.0, 1.0, 1.0, 1.0, 1.0, 1.0, 1.0, 1.0, 1.0, 1.0, 1.0, 1.0, 1.0, 1.0, 1.0, 1.0, 1.0, 1.0, 1.0, 1.0, 1.0, 1.0, 1.0, 1.0, 1.0, 1.0, 1.0, 1.0, 1.0, 1.0, 1.0, 1.0, 1.0, 1.0, 1.0, 1.0, 1.0, 1.0, 1.0, 1.0, 1.0, 1.0, 1.0, 1.0, 1.0, 1.0, 1.0, 1.0, 1.0, 1.0, 1.0, 1.0, 1.0, 1.0, 1.0, 1.0, 1.0, 1.0, 1.0, 1.0, 1.0, 1.0, 1.0, 1.0, 1.0, 1.0, 1.0, 1.0, 1.0, 1.0, 1.0, 1.0, 1.0, 1.0, 1.0, 1.0, 1.0, 1.0, 1.0, 1.0, 1.0, 1.0, 1.0, 1.0, 1.0, 1.0, 1.0, 1.0, 1.0, 1.0, 1.0, 1.0, 1.0, 1.0, 1.0, 1.0, 1.0, 1.0, 1.0, 1.0, 1.0, 1.0, 1.0, 1.0, 1.0, 1.0, 1.0, 1.0, 1.0, 1.0, 1.0, 1.0, 1.0, 1.0, 1.0, 1.0, 1.0, 1.0, 1.0, 1.0, 1.0, 1.0, 1.0, 1.0, 1.0, 1.0, 1.0, 1.0, 1.0, 1.0, 1.0, 1.0, 1.0, 1.0, 1.0, 1.0, 1.0, 1.0, 1.0, 1.0, 1.0, 1.0, 1.0, 1.0, 1.0, 1.0, 1.0, 1.0, 1.0, 1.0, 1.0, 1.0, 1.0, 1.0, 1.0, 1.0, 1.0, 1.0, 1.0, 1.0, 1.0, 1.0, 1.0, 1.0, 1.0, 1.0, 1.0, 1.0, 1.0, 1.0, 1.0, 1.0, 1.0, 1.0, 1.0, 1.0, 1.0, 1.0, 1.0, 1.0, 1.0, 1.0, 1.0, 1.0, 1.0, 1.0, 1.0, 1.0, 1.0, 1.0, 1.0, 1.0, 1.0, 1.0, 1.0, 1.0, 1.0, 1.0, 1.0, 1.0, 1.0, 1.0, 1.0, 1.0, 1.0, 1.0, 1.0, 1.0, 1.0, 1.0, 1.0, 1.0, 1.0, 1.0, 1.0, 1.0, 1.0, 1.0, 1.0, 1.0, 1.0, 1.0, 1.0, 1.0, 1.0]
valid_accuracy_list: [0.116, 0.058, 0.156, 0.3, 0.0, 0.058, 0.122, 0.122, 0.122, 0.162, 0.162, 0.148, 0.11, 0.058, 0.164, 0.316, 0.32, 0.156, 0.164, 0.312, 0.094, 0.086, 0.08, 0.134, 0.134, 0.152, 0.198, 0.258, 0.27, 0.266, 0.258, 0.184, 0.27, 0.34, 0.346, 0.428, 0.422, 0.386, 0.386, 0.356, 0.34, 0.356, 0.38, 0.384, 0.442, 0.434, 0.43, 0.466, 0.43, 0.424, 0.484, 0.502, 0.562, 0.55, 0.548, 0.57, 0.55, 0.574, 0.562, 0.542, 0.606, 0.61, 0.566, 0.558, 0.556, 0.572, 0.57, 0.456, 0.59, 0.592, 0.48, 0.57, 0.532, 0.518, 0.574, 0.59, 0.55, 0.54, 0.544, 0.554, 0.55, 0.536, 0.546, 0.56, 0.562, 0.564, 0.568, 0.56, 0.56, 0.56, 0.552, 0.556, 0.552, 0.556, 0.562, 0.574, 0.574, 0.574, 0.574, 0.564, 0.568, 0.572, 0.578, 0.576, 0.576, 0.574, 0.57, 0.574, 0.578, 0.576, 0.576, 0.574, 0.574, 0.572, 0.574, 0.576, 0.58, 0.584, 0.59, 0.584, 0.58, 0.578, 0.58, 0.58, 0.582, 0.578, 0.58, 0.582, 0.588, 0.59, 0.588, 0.584, 0.586, 0.584, 0.588, 0.586, 0.588, 0.588, 0.586, 0.586, 0.586, 0.586, 0.588, 0.588, 0.588, 0.586, 0.586, 0.588, 0.588, 0.59, 0.588, 0.588, 0.588, 0.586, 0.588, 0.588, 0.588, 0.588, 0.586, 0.586, 0.584, 0.584, 0.584, 0.584, 0.584, 0.584, 0.584, 0.584, 0.584, 0.586, 0.586, 0.586, 0.586, 0.586, 0.586, 0.586, 0.586, 0.586, 0.586, 0.586, 0.586, 0.586, 0.586, 0.586, 0.586, 0.586, 0.586, 0.586, 0.586, 0.586, 0.586, 0.586, 0.586, 0.586, 0.586, 0.586, 0.586, 0.586, 0.586, 0.586, 0.586, 0.586, 0.586, 0.586, 0.586, 0.586, 0.586, 0.586, 0.586, 0.586, 0.586, 0.586, 0.586, 0.586, 0.586, 0.586, 0.586, 0.586, 0.586, 0.586, 0.586, 0.586, 0.586, 0.586, 0.586, 0.586, 0.586, 0.586, 0.586, 0.586, 0.586, 0.586, 0.586, 0.586, 0.586, 0.586, 0.586, 0.586, 0.586, 0.586, 0.586, 0.586, 0.586, 0.586, 0.586, 0.586, 0.586, 0.586, 0.586, 0.586, 0.586, 0.586, 0.586, 0.586, 0.586, 0.586, 0.586, 0.586, 0.586, 0.586, 0.586, 0.586, 0.586, 0.586, 0.586, 0.586, 0.586, 0.586, 0.586, 0.586, 0.586, 0.586, 0.586, 0.586, 0.586, 0.586, 0.586, 0.586, 0.586, 0.586, 0.586, 0.586, 0.586, 0.586, 0.586, 0.586, 0.586, 0.586, 0.586, 0.586, 0.586, 0.586, 0.588, 0.588, 0.588, 0.588, 0.588, 0.588, 0.588, 0.588, 0.588, 0.588, 0.588, 0.588, 0.588, 0.588, 0.588, 0.588, 0.588, 0.588, 0.588, 0.588, 0.588, 0.588, 0.588, 0.588, 0.588, 0.588, 0.588, 0.588, 0.588, 0.59, 0.59, 0.59, 0.59, 0.59, 0.59, 0.59, 0.59, 0.59, 0.59, 0.59, 0.59, 0.59, 0.59, 0.59, 0.59, 0.59, 0.59, 0.59, 0.59, 0.59, 0.59, 0.59, 0.59, 0.59, 0.59, 0.59, 0.59, 0.59, 0.59, 0.59, 0.59, 0.59, 0.59, 0.59, 0.59, 0.59, 0.59, 0.59, 0.59, 0.59, 0.59, 0.59, 0.59, 0.59, 0.59, 0.59, 0.59, 0.59, 0.59, 0.59, 0.59, 0.59, 0.59, 0.59, 0.59, 0.59, 0.59, 0.59, 0.59, 0.59, 0.59, 0.59, 0.59, 0.59, 0.59, 0.59, 0.59, 0.59, 0.59, 0.59, 0.59, 0.59, 0.59, 0.59, 0.59, 0.59, 0.59]
test_accuracy_list: [0.104, 0.064, 0.144, 0.298, 0.0, 0.064, 0.13, 0.13, 0.13, 0.149, 0.149, 0.136, 0.107, 0.064, 0.149, 0.319, 0.313, 0.144, 0.149, 0.301, 0.123, 0.091, 0.082, 0.145, 0.154, 0.169, 0.206, 0.23, 0.252, 0.262, 0.268, 0.19, 0.306, 0.385, 0.38, 0.449, 0.451, 0.393, 0.399, 0.377, 0.334, 0.347, 0.36, 0.355, 0.435, 0.465, 0.413, 0.466, 0.418, 0.443, 0.49, 0.48, 0.585, 0.527, 0.549, 0.582, 0.526, 0.592, 0.567, 0.544, 0.592, 0.609, 0.565, 0.585, 0.582, 0.577, 0.6, 0.466, 0.604, 0.604, 0.492, 0.589, 0.554, 0.519, 0.6, 0.607, 0.571, 0.557, 0.578, 0.592, 0.586, 0.565, 0.569, 0.59, 0.593, 0.595, 0.595, 0.581, 0.575, 0.574, 0.578, 0.589, 0.586, 0.587, 0.591, 0.597, 0.603, 0.602, 0.597, 0.593, 0.592, 0.595, 0.599, 0.598, 0.601, 0.599, 0.603, 0.603, 0.604, 0.606, 0.605, 0.603, 0.6, 0.602, 0.604, 0.605, 0.608, 0.606, 0.608, 0.607, 0.61, 0.606, 0.598, 0.596, 0.596, 0.602, 0.604, 0.605, 0.606, 0.607, 0.605, 0.604, 0.605, 0.604, 0.605, 0.606, 0.608, 0.611, 0.612, 0.612, 0.613, 0.612, 0.614, 0.614, 0.613, 0.614, 0.614, 0.613, 0.611, 0.614, 0.614, 0.614, 0.614, 0.614, 0.613, 0.613, 0.614, 0.615, 0.615, 0.614, 0.614, 0.614, 0.614, 0.613, 0.613, 0.613, 0.613, 0.613, 0.614, 0.614, 0.614, 0.614, 0.614, 0.614, 0.614, 0.614, 0.614, 0.614, 0.614, 0.614, 0.613, 0.613, 0.613, 0.613, 0.613, 0.613, 0.613, 0.613, 0.613, 0.613, 0.612, 0.612, 0.612, 0.613, 0.613, 0.613, 0.613, 0.614, 0.614, 0.614, 0.614, 0.614, 0.613, 0.613, 0.613, 0.613, 0.613, 0.613, 0.613, 0.613, 0.613, 0.613, 0.613, 0.613, 0.613, 0.613, 0.613, 0.612, 0.612, 0.612, 0.612, 0.612, 0.612, 0.612, 0.612, 0.612, 0.612, 0.612, 0.612, 0.612, 0.612, 0.612, 0.612, 0.612, 0.612, 0.612, 0.612, 0.612, 0.612, 0.612, 0.612, 0.612, 0.612, 0.612, 0.612, 0.612, 0.612, 0.612, 0.612, 0.613, 0.613, 0.613, 0.613, 0.613, 0.613, 0.613, 0.613, 0.613, 0.613, 0.614, 0.614, 0.614, 0.614, 0.614, 0.614, 0.614, 0.614, 0.614, 0.614, 0.614, 0.614, 0.614, 0.614, 0.614, 0.614, 0.614, 0.614, 0.614, 0.614, 0.614, 0.614, 0.614, 0.614, 0.614, 0.614, 0.614, 0.614, 0.614, 0.614, 0.614, 0.614, 0.615, 0.615, 0.615, 0.615, 0.615, 0.615, 0.615, 0.615, 0.615, 0.615, 0.615, 0.615, 0.615, 0.616, 0.616, 0.616, 0.616, 0.616, 0.616, 0.616, 0.616, 0.616, 0.616, 0.616, 0.616, 0.616, 0.616, 0.616, 0.616, 0.616, 0.616, 0.616, 0.616, 0.616, 0.616, 0.616, 0.616, 0.616, 0.616, 0.616, 0.616, 0.616, 0.616, 0.616, 0.616, 0.616, 0.616, 0.616, 0.616, 0.616, 0.616, 0.616, 0.616, 0.616, 0.616, 0.616, 0.616, 0.616, 0.616, 0.616, 0.616, 0.616, 0.616, 0.616, 0.616, 0.616, 0.616, 0.616, 0.616, 0.616, 0.616, 0.616, 0.616, 0.616, 0.616, 0.616, 0.616, 0.616, 0.616, 0.616, 0.616, 0.616, 0.616, 0.616, 0.616, 0.616, 0.616, 0.616, 0.616, 0.616, 0.616, 0.616, 0.616, 0.616, 0.616, 0.616, 0.616, 0.616, 0.616, 0.616, 0.616, 0.616, 0.616, 0.616, 0.616, 0.616, 0.616, 0.616]
best validation: 0.61
best test: 0.616
End abalation study
