/Users/yifanguan/gnn_research/GraphLearning/venv/bin/python main.py --fc_depth --train_mp
Begin abalation study
num distinct structures: 2365
Experiment run 0
dataset: Cora
num_mp_layers: 3
num_fl_layers: 1
mp_hidden_dim: 3000
fl_hidden_dim: 512
epsilon: 1.118033988749895
optimizer_lr: 0.01
loss_func: CrossEntropyLoss
total_epoch: 400
Epoch: 50, Loss: 0.0283, Train: 100.00%, Valid: 75.40%, Test: 77.60%, Best Valid: 75.40%, Best Test: 77.60%
Epoch: 100, Loss: 0.0000, Train: 100.00%, Valid: 75.40%, Test: 75.60%, Best Valid: 75.80%, Best Test: 78.00%
Epoch: 150, Loss: 0.0000, Train: 100.00%, Valid: 75.40%, Test: 74.90%, Best Valid: 75.80%, Best Test: 78.00%
Epoch: 200, Loss: 0.0000, Train: 100.00%, Valid: 75.00%, Test: 74.60%, Best Valid: 75.80%, Best Test: 78.00%
Epoch: 250, Loss: 0.0000, Train: 100.00%, Valid: 75.00%, Test: 74.50%, Best Valid: 75.80%, Best Test: 78.00%
Epoch: 300, Loss: 0.0000, Train: 100.00%, Valid: 75.00%, Test: 74.50%, Best Valid: 75.80%, Best Test: 78.00%
Epoch: 350, Loss: 0.0000, Train: 100.00%, Valid: 75.00%, Test: 74.30%, Best Valid: 75.80%, Best Test: 78.00%
train_accuracy_list: [0.19285714285714287, 0.14285714285714285, 0.2, 0.16428571428571428, 0.14285714285714285, 0.14285714285714285, 0.2857142857142857, 0.20714285714285716, 0.14285714285714285, 0.17142857142857143, 0.25, 0.14285714285714285, 0.14285714285714285, 0.14285714285714285, 0.14285714285714285, 0.14285714285714285, 0.14285714285714285, 0.14285714285714285, 0.17142857142857143, 0.20714285714285716, 0.25, 0.2857142857142857, 0.2714285714285714, 0.2785714285714286, 0.2857142857142857, 0.45714285714285713, 0.4857142857142857, 0.4714285714285714, 0.5285714285714286, 0.6571428571428571, 0.8428571428571429, 0.7428571428571429, 0.6642857142857143, 0.7928571428571428, 0.8428571428571429, 0.8571428571428571, 0.9214285714285714, 0.9214285714285714, 0.9357142857142857, 0.9642857142857143, 0.9785714285714285, 0.9714285714285714, 0.9785714285714285, 0.9928571428571429, 0.9928571428571429, 0.9857142857142858, 1.0, 1.0, 1.0, 1.0, 1.0, 1.0, 1.0, 1.0, 1.0, 1.0, 1.0, 1.0, 1.0, 1.0, 1.0, 1.0, 1.0, 1.0, 1.0, 1.0, 1.0, 1.0, 1.0, 1.0, 1.0, 1.0, 1.0, 1.0, 1.0, 1.0, 1.0, 1.0, 1.0, 1.0, 1.0, 1.0, 1.0, 1.0, 1.0, 1.0, 1.0, 1.0, 1.0, 1.0, 1.0, 1.0, 1.0, 1.0, 1.0, 1.0, 1.0, 1.0, 1.0, 1.0, 1.0, 1.0, 1.0, 1.0, 1.0, 1.0, 1.0, 1.0, 1.0, 1.0, 1.0, 1.0, 1.0, 1.0, 1.0, 1.0, 1.0, 1.0, 1.0, 1.0, 1.0, 1.0, 1.0, 1.0, 1.0, 1.0, 1.0, 1.0, 1.0, 1.0, 1.0, 1.0, 1.0, 1.0, 1.0, 1.0, 1.0, 1.0, 1.0, 1.0, 1.0, 1.0, 1.0, 1.0, 1.0, 1.0, 1.0, 1.0, 1.0, 1.0, 1.0, 1.0, 1.0, 1.0, 1.0, 1.0, 1.0, 1.0, 1.0, 1.0, 1.0, 1.0, 1.0, 1.0, 1.0, 1.0, 1.0, 1.0, 1.0, 1.0, 1.0, 1.0, 1.0, 1.0, 1.0, 1.0, 1.0, 1.0, 1.0, 1.0, 1.0, 1.0, 1.0, 1.0, 1.0, 1.0, 1.0, 1.0, 1.0, 1.0, 1.0, 1.0, 1.0, 1.0, 1.0, 1.0, 1.0, 1.0, 1.0, 1.0, 1.0, 1.0, 1.0, 1.0, 1.0, 1.0, 1.0, 1.0, 1.0, 1.0, 1.0, 1.0, 1.0, 1.0, 1.0, 1.0, 1.0, 1.0, 1.0, 1.0, 1.0, 1.0, 1.0, 1.0, 1.0, 1.0, 1.0, 1.0, 1.0, 1.0, 1.0, 1.0, 1.0, 1.0, 1.0, 1.0, 1.0, 1.0, 1.0, 1.0, 1.0, 1.0, 1.0, 1.0, 1.0, 1.0, 1.0, 1.0, 1.0, 1.0, 1.0, 1.0, 1.0, 1.0, 1.0, 1.0, 1.0, 1.0, 1.0, 1.0, 1.0, 1.0, 1.0, 1.0, 1.0, 1.0, 1.0, 1.0, 1.0, 1.0, 1.0, 1.0, 1.0, 1.0, 1.0, 1.0, 1.0, 1.0, 1.0, 1.0, 1.0, 1.0, 1.0, 1.0, 1.0, 1.0, 1.0, 1.0, 1.0, 1.0, 1.0, 1.0, 1.0, 1.0, 1.0, 1.0, 1.0, 1.0, 1.0, 1.0, 1.0, 1.0, 1.0, 1.0, 1.0, 1.0, 1.0, 1.0, 1.0, 1.0, 1.0, 1.0, 1.0, 1.0, 1.0, 1.0, 1.0, 1.0, 1.0, 1.0, 1.0, 1.0, 1.0, 1.0, 1.0, 1.0, 1.0, 1.0, 1.0, 1.0, 1.0, 1.0, 1.0, 1.0, 1.0, 1.0, 1.0, 1.0, 1.0, 1.0, 1.0, 1.0, 1.0, 1.0, 1.0, 1.0, 1.0, 1.0, 1.0, 1.0, 1.0, 1.0, 1.0, 1.0, 1.0, 1.0, 1.0, 1.0, 1.0, 1.0, 1.0, 1.0, 1.0, 1.0, 1.0, 1.0, 1.0, 1.0, 1.0, 1.0, 1.0, 1.0, 1.0, 1.0, 1.0, 1.0, 1.0, 1.0, 1.0, 1.0, 1.0, 1.0, 1.0, 1.0, 1.0, 1.0, 1.0, 1.0, 1.0, 1.0, 1.0, 1.0, 1.0, 1.0, 1.0, 1.0, 1.0, 1.0, 1.0]
valid_accuracy_list: [0.168, 0.164, 0.194, 0.072, 0.122, 0.162, 0.256, 0.072, 0.316, 0.32, 0.23, 0.122, 0.122, 0.122, 0.122, 0.122, 0.122, 0.122, 0.122, 0.122, 0.13, 0.144, 0.114, 0.092, 0.094, 0.298, 0.382, 0.364, 0.346, 0.404, 0.53, 0.424, 0.396, 0.488, 0.612, 0.64, 0.7, 0.7, 0.682, 0.688, 0.706, 0.734, 0.752, 0.74, 0.742, 0.752, 0.752, 0.754, 0.752, 0.754, 0.748, 0.746, 0.744, 0.742, 0.74, 0.74, 0.738, 0.738, 0.738, 0.738, 0.742, 0.744, 0.748, 0.75, 0.75, 0.754, 0.754, 0.756, 0.756, 0.752, 0.752, 0.752, 0.752, 0.754, 0.754, 0.754, 0.754, 0.754, 0.754, 0.754, 0.756, 0.758, 0.758, 0.758, 0.758, 0.758, 0.758, 0.758, 0.756, 0.756, 0.756, 0.756, 0.756, 0.756, 0.756, 0.756, 0.754, 0.754, 0.754, 0.754, 0.756, 0.756, 0.756, 0.756, 0.756, 0.756, 0.754, 0.754, 0.754, 0.754, 0.754, 0.754, 0.754, 0.754, 0.752, 0.752, 0.752, 0.752, 0.752, 0.752, 0.752, 0.752, 0.752, 0.752, 0.752, 0.752, 0.752, 0.752, 0.752, 0.752, 0.752, 0.752, 0.752, 0.752, 0.752, 0.752, 0.752, 0.752, 0.752, 0.752, 0.752, 0.752, 0.752, 0.752, 0.752, 0.752, 0.752, 0.752, 0.754, 0.754, 0.754, 0.754, 0.754, 0.754, 0.754, 0.752, 0.754, 0.754, 0.754, 0.754, 0.754, 0.754, 0.754, 0.754, 0.754, 0.754, 0.752, 0.752, 0.752, 0.75, 0.75, 0.75, 0.75, 0.75, 0.75, 0.75, 0.75, 0.75, 0.75, 0.75, 0.75, 0.75, 0.75, 0.75, 0.75, 0.75, 0.75, 0.75, 0.75, 0.75, 0.75, 0.75, 0.75, 0.75, 0.75, 0.75, 0.75, 0.75, 0.75, 0.75, 0.75, 0.75, 0.75, 0.75, 0.75, 0.75, 0.75, 0.75, 0.75, 0.75, 0.75, 0.75, 0.75, 0.75, 0.75, 0.75, 0.75, 0.75, 0.75, 0.75, 0.75, 0.75, 0.75, 0.75, 0.75, 0.75, 0.75, 0.75, 0.75, 0.75, 0.75, 0.75, 0.75, 0.75, 0.75, 0.75, 0.75, 0.75, 0.75, 0.75, 0.75, 0.75, 0.75, 0.75, 0.75, 0.75, 0.75, 0.75, 0.75, 0.75, 0.75, 0.75, 0.75, 0.75, 0.75, 0.75, 0.75, 0.75, 0.75, 0.75, 0.75, 0.75, 0.75, 0.75, 0.75, 0.75, 0.75, 0.75, 0.75, 0.75, 0.75, 0.75, 0.75, 0.75, 0.75, 0.75, 0.75, 0.75, 0.75, 0.75, 0.75, 0.75, 0.75, 0.75, 0.75, 0.75, 0.75, 0.75, 0.75, 0.75, 0.75, 0.75, 0.75, 0.75, 0.75, 0.75, 0.75, 0.75, 0.75, 0.75, 0.75, 0.75, 0.75, 0.75, 0.75, 0.75, 0.75, 0.75, 0.75, 0.75, 0.75, 0.75, 0.75, 0.75, 0.75, 0.75, 0.75, 0.75, 0.75, 0.75, 0.75, 0.75, 0.75, 0.75, 0.75, 0.75, 0.75, 0.75, 0.75, 0.75, 0.75, 0.75, 0.75, 0.75, 0.75, 0.75, 0.75, 0.75, 0.75, 0.75, 0.75, 0.75, 0.75, 0.75, 0.75, 0.75, 0.75, 0.75, 0.75, 0.75, 0.75, 0.75, 0.75, 0.75, 0.75, 0.748, 0.748, 0.748, 0.748, 0.748, 0.748, 0.748, 0.748, 0.748, 0.748, 0.748, 0.748, 0.748, 0.748, 0.748, 0.748, 0.748, 0.748, 0.748, 0.748, 0.748, 0.748, 0.748, 0.748, 0.748, 0.748, 0.748, 0.748, 0.748, 0.748, 0.748, 0.748, 0.748, 0.748, 0.748, 0.748, 0.748, 0.748, 0.748, 0.748, 0.748, 0.748, 0.748, 0.748]
test_accuracy_list: [0.156, 0.15, 0.181, 0.094, 0.13, 0.149, 0.219, 0.096, 0.319, 0.324, 0.192, 0.13, 0.13, 0.13, 0.13, 0.13, 0.13, 0.13, 0.132, 0.139, 0.147, 0.153, 0.127, 0.11, 0.112, 0.313, 0.409, 0.354, 0.328, 0.39, 0.524, 0.428, 0.402, 0.515, 0.634, 0.66, 0.724, 0.693, 0.663, 0.711, 0.748, 0.754, 0.766, 0.746, 0.749, 0.769, 0.772, 0.766, 0.765, 0.776, 0.78, 0.768, 0.753, 0.746, 0.74, 0.738, 0.737, 0.738, 0.741, 0.74, 0.74, 0.743, 0.743, 0.745, 0.745, 0.748, 0.752, 0.754, 0.754, 0.755, 0.759, 0.758, 0.758, 0.759, 0.761, 0.761, 0.76, 0.76, 0.76, 0.759, 0.758, 0.758, 0.758, 0.759, 0.758, 0.758, 0.758, 0.76, 0.76, 0.759, 0.759, 0.759, 0.757, 0.757, 0.756, 0.755, 0.755, 0.756, 0.756, 0.756, 0.756, 0.756, 0.756, 0.756, 0.756, 0.754, 0.754, 0.754, 0.754, 0.754, 0.754, 0.754, 0.753, 0.753, 0.753, 0.753, 0.753, 0.753, 0.753, 0.753, 0.753, 0.753, 0.753, 0.753, 0.753, 0.753, 0.752, 0.75, 0.75, 0.75, 0.75, 0.75, 0.75, 0.75, 0.75, 0.75, 0.75, 0.75, 0.75, 0.75, 0.749, 0.749, 0.749, 0.749, 0.749, 0.749, 0.749, 0.749, 0.749, 0.749, 0.749, 0.749, 0.749, 0.749, 0.749, 0.749, 0.749, 0.749, 0.749, 0.749, 0.749, 0.748, 0.748, 0.748, 0.748, 0.748, 0.748, 0.748, 0.748, 0.747, 0.748, 0.748, 0.748, 0.748, 0.748, 0.748, 0.748, 0.748, 0.748, 0.748, 0.748, 0.748, 0.748, 0.747, 0.747, 0.747, 0.746, 0.746, 0.746, 0.747, 0.747, 0.747, 0.747, 0.747, 0.747, 0.747, 0.747, 0.747, 0.747, 0.746, 0.746, 0.746, 0.746, 0.746, 0.746, 0.746, 0.746, 0.746, 0.746, 0.746, 0.746, 0.746, 0.746, 0.746, 0.746, 0.746, 0.746, 0.746, 0.746, 0.746, 0.746, 0.746, 0.746, 0.746, 0.746, 0.746, 0.746, 0.746, 0.746, 0.746, 0.746, 0.746, 0.746, 0.746, 0.746, 0.746, 0.746, 0.746, 0.746, 0.746, 0.746, 0.746, 0.746, 0.746, 0.746, 0.746, 0.746, 0.746, 0.746, 0.745, 0.745, 0.745, 0.745, 0.745, 0.745, 0.744, 0.744, 0.744, 0.744, 0.744, 0.744, 0.744, 0.744, 0.744, 0.744, 0.744, 0.744, 0.745, 0.745, 0.745, 0.745, 0.745, 0.745, 0.745, 0.745, 0.745, 0.745, 0.745, 0.745, 0.745, 0.745, 0.745, 0.745, 0.745, 0.745, 0.745, 0.745, 0.745, 0.745, 0.745, 0.745, 0.745, 0.745, 0.745, 0.745, 0.745, 0.745, 0.745, 0.745, 0.745, 0.745, 0.745, 0.745, 0.745, 0.745, 0.745, 0.745, 0.745, 0.745, 0.745, 0.745, 0.745, 0.745, 0.745, 0.745, 0.745, 0.745, 0.745, 0.745, 0.744, 0.744, 0.744, 0.744, 0.744, 0.744, 0.744, 0.744, 0.744, 0.744, 0.744, 0.744, 0.744, 0.744, 0.744, 0.743, 0.743, 0.743, 0.743, 0.743, 0.743, 0.743, 0.743, 0.743, 0.743, 0.743, 0.743, 0.743, 0.743, 0.743, 0.743, 0.743, 0.743, 0.743, 0.743, 0.743, 0.743, 0.743, 0.743, 0.743, 0.743, 0.743, 0.743, 0.743, 0.743, 0.743, 0.743, 0.743, 0.743, 0.743, 0.743, 0.743, 0.743, 0.743, 0.743, 0.743, 0.743, 0.743, 0.743, 0.743, 0.743, 0.743, 0.743, 0.743, 0.743, 0.743, 0.743, 0.743, 0.743, 0.743, 0.743, 0.743, 0.743, 0.743, 0.743, 0.743, 0.743, 0.743, 0.743, 0.743]
best validation: 0.758
best test: 0.78
num distinct structures: 2365
Experiment run 1
dataset: Cora
num_mp_layers: 3
num_fl_layers: 2
mp_hidden_dim: 3000
fl_hidden_dim: 512
epsilon: 1.118033988749895
optimizer_lr: 0.01
loss_func: CrossEntropyLoss
total_epoch: 400
Epoch: 50, Loss: 0.6006, Train: 89.29%, Valid: 48.80%, Test: 50.40%, Best Valid: 49.00%, Best Test: 50.40%
Epoch: 100, Loss: 0.0005, Train: 100.00%, Valid: 71.40%, Test: 71.40%, Best Valid: 71.60%, Best Test: 71.50%
Epoch: 150, Loss: 0.0001, Train: 100.00%, Valid: 70.20%, Test: 70.20%, Best Valid: 71.80%, Best Test: 71.50%
Epoch: 200, Loss: 0.0001, Train: 100.00%, Valid: 70.20%, Test: 70.20%, Best Valid: 71.80%, Best Test: 71.50%
Epoch: 250, Loss: 0.0000, Train: 100.00%, Valid: 70.40%, Test: 69.80%, Best Valid: 71.80%, Best Test: 71.50%
Epoch: 300, Loss: 0.0000, Train: 100.00%, Valid: 70.00%, Test: 69.50%, Best Valid: 71.80%, Best Test: 71.50%
Epoch: 350, Loss: 0.0000, Train: 100.00%, Valid: 70.20%, Test: 69.50%, Best Valid: 71.80%, Best Test: 71.50%
train_accuracy_list: [0.14285714285714285, 0.14285714285714285, 0.14285714285714285, 0.14285714285714285, 0.14285714285714285, 0.14285714285714285, 0.14285714285714285, 0.16428571428571428, 0.14285714285714285, 0.14285714285714285, 0.14285714285714285, 0.14285714285714285, 0.14285714285714285, 0.14285714285714285, 0.15, 0.14285714285714285, 0.15, 0.15, 0.14285714285714285, 0.15, 0.15, 0.15, 0.16428571428571428, 0.15, 0.21428571428571427, 0.17857142857142858, 0.17857142857142858, 0.22857142857142856, 0.2857142857142857, 0.2785714285714286, 0.35, 0.3, 0.29285714285714287, 0.29285714285714287, 0.30714285714285716, 0.32857142857142857, 0.32857142857142857, 0.3357142857142857, 0.37857142857142856, 0.45, 0.5928571428571429, 0.7428571428571429, 0.7285714285714285, 0.7357142857142858, 0.8142857142857143, 0.7142857142857143, 0.8, 0.8285714285714286, 0.8428571428571429, 0.8928571428571429, 0.9214285714285714, 0.95, 0.9785714285714285, 0.85, 0.6071428571428571, 0.9642857142857143, 0.6785714285714286, 0.8428571428571429, 0.7714285714285715, 0.8642857142857143, 0.9285714285714286, 0.85, 0.8857142857142857, 0.95, 0.9928571428571429, 0.9857142857142858, 0.9714285714285714, 0.9714285714285714, 1.0, 0.9928571428571429, 0.9928571428571429, 1.0, 0.9928571428571429, 0.9928571428571429, 1.0, 1.0, 1.0, 1.0, 1.0, 1.0, 1.0, 1.0, 1.0, 1.0, 1.0, 1.0, 1.0, 1.0, 1.0, 1.0, 1.0, 1.0, 1.0, 1.0, 1.0, 1.0, 1.0, 1.0, 1.0, 1.0, 1.0, 1.0, 1.0, 1.0, 1.0, 1.0, 1.0, 1.0, 1.0, 1.0, 1.0, 1.0, 1.0, 1.0, 1.0, 1.0, 1.0, 1.0, 1.0, 1.0, 1.0, 1.0, 1.0, 1.0, 1.0, 1.0, 1.0, 1.0, 1.0, 1.0, 1.0, 1.0, 1.0, 1.0, 1.0, 1.0, 1.0, 1.0, 1.0, 1.0, 1.0, 1.0, 1.0, 1.0, 1.0, 1.0, 1.0, 1.0, 1.0, 1.0, 1.0, 1.0, 1.0, 1.0, 1.0, 1.0, 1.0, 1.0, 1.0, 1.0, 1.0, 1.0, 1.0, 1.0, 1.0, 1.0, 1.0, 1.0, 1.0, 1.0, 1.0, 1.0, 1.0, 1.0, 1.0, 1.0, 1.0, 1.0, 1.0, 1.0, 1.0, 1.0, 1.0, 1.0, 1.0, 1.0, 1.0, 1.0, 1.0, 1.0, 1.0, 1.0, 1.0, 1.0, 1.0, 1.0, 1.0, 1.0, 1.0, 1.0, 1.0, 1.0, 1.0, 1.0, 1.0, 1.0, 1.0, 1.0, 1.0, 1.0, 1.0, 1.0, 1.0, 1.0, 1.0, 1.0, 1.0, 1.0, 1.0, 1.0, 1.0, 1.0, 1.0, 1.0, 1.0, 1.0, 1.0, 1.0, 1.0, 1.0, 1.0, 1.0, 1.0, 1.0, 1.0, 1.0, 1.0, 1.0, 1.0, 1.0, 1.0, 1.0, 1.0, 1.0, 1.0, 1.0, 1.0, 1.0, 1.0, 1.0, 1.0, 1.0, 1.0, 1.0, 1.0, 1.0, 1.0, 1.0, 1.0, 1.0, 1.0, 1.0, 1.0, 1.0, 1.0, 1.0, 1.0, 1.0, 1.0, 1.0, 1.0, 1.0, 1.0, 1.0, 1.0, 1.0, 1.0, 1.0, 1.0, 1.0, 1.0, 1.0, 1.0, 1.0, 1.0, 1.0, 1.0, 1.0, 1.0, 1.0, 1.0, 1.0, 1.0, 1.0, 1.0, 1.0, 1.0, 1.0, 1.0, 1.0, 1.0, 1.0, 1.0, 1.0, 1.0, 1.0, 1.0, 1.0, 1.0, 1.0, 1.0, 1.0, 1.0, 1.0, 1.0, 1.0, 1.0, 1.0, 1.0, 1.0, 1.0, 1.0, 1.0, 1.0, 1.0, 1.0, 1.0, 1.0, 1.0, 1.0, 1.0, 1.0, 1.0, 1.0, 1.0, 1.0, 1.0, 1.0, 1.0, 1.0, 1.0, 1.0, 1.0, 1.0, 1.0, 1.0, 1.0, 1.0, 1.0, 1.0, 1.0, 1.0, 1.0, 1.0, 1.0, 1.0, 1.0, 1.0, 1.0, 1.0, 1.0, 1.0, 1.0, 1.0, 1.0, 1.0, 1.0, 1.0, 1.0, 1.0, 1.0, 1.0, 1.0, 1.0, 1.0, 1.0, 1.0, 1.0, 1.0, 1.0, 1.0, 1.0, 1.0, 1.0, 1.0, 1.0, 1.0, 1.0, 1.0, 1.0, 1.0, 1.0, 1.0, 1.0, 1.0, 1.0, 1.0, 1.0, 1.0]
valid_accuracy_list: [0.122, 0.122, 0.072, 0.316, 0.058, 0.122, 0.122, 0.122, 0.114, 0.114, 0.114, 0.114, 0.114, 0.122, 0.156, 0.156, 0.156, 0.304, 0.224, 0.058, 0.058, 0.058, 0.062, 0.076, 0.246, 0.31, 0.314, 0.312, 0.158, 0.16, 0.236, 0.258, 0.246, 0.27, 0.292, 0.312, 0.296, 0.322, 0.366, 0.37, 0.42, 0.398, 0.39, 0.416, 0.412, 0.37, 0.388, 0.434, 0.49, 0.488, 0.506, 0.53, 0.538, 0.56, 0.364, 0.616, 0.514, 0.442, 0.36, 0.51, 0.654, 0.666, 0.674, 0.67, 0.634, 0.576, 0.516, 0.544, 0.596, 0.63, 0.67, 0.688, 0.706, 0.71, 0.702, 0.702, 0.702, 0.7, 0.694, 0.678, 0.686, 0.68, 0.68, 0.678, 0.69, 0.696, 0.702, 0.706, 0.71, 0.712, 0.714, 0.712, 0.712, 0.714, 0.716, 0.716, 0.716, 0.716, 0.716, 0.714, 0.714, 0.714, 0.712, 0.712, 0.712, 0.712, 0.714, 0.716, 0.716, 0.718, 0.718, 0.716, 0.716, 0.716, 0.714, 0.714, 0.714, 0.714, 0.714, 0.714, 0.714, 0.716, 0.716, 0.716, 0.716, 0.714, 0.714, 0.714, 0.712, 0.712, 0.712, 0.71, 0.71, 0.706, 0.708, 0.708, 0.708, 0.706, 0.704, 0.702, 0.702, 0.702, 0.702, 0.702, 0.702, 0.702, 0.702, 0.702, 0.702, 0.702, 0.702, 0.702, 0.702, 0.702, 0.702, 0.702, 0.702, 0.702, 0.702, 0.702, 0.702, 0.704, 0.704, 0.704, 0.704, 0.704, 0.704, 0.704, 0.704, 0.704, 0.704, 0.704, 0.704, 0.704, 0.704, 0.704, 0.704, 0.704, 0.704, 0.704, 0.702, 0.7, 0.7, 0.702, 0.702, 0.702, 0.702, 0.702, 0.702, 0.702, 0.704, 0.704, 0.704, 0.702, 0.702, 0.702, 0.702, 0.702, 0.702, 0.702, 0.702, 0.702, 0.702, 0.702, 0.702, 0.704, 0.704, 0.704, 0.704, 0.704, 0.704, 0.704, 0.704, 0.704, 0.704, 0.706, 0.706, 0.706, 0.706, 0.706, 0.706, 0.706, 0.706, 0.706, 0.706, 0.706, 0.706, 0.706, 0.706, 0.706, 0.706, 0.706, 0.706, 0.706, 0.706, 0.706, 0.706, 0.706, 0.706, 0.706, 0.706, 0.706, 0.706, 0.706, 0.706, 0.706, 0.706, 0.706, 0.706, 0.704, 0.704, 0.704, 0.704, 0.704, 0.704, 0.704, 0.704, 0.704, 0.704, 0.704, 0.704, 0.704, 0.704, 0.704, 0.704, 0.704, 0.704, 0.704, 0.704, 0.704, 0.704, 0.704, 0.704, 0.704, 0.702, 0.702, 0.702, 0.7, 0.7, 0.7, 0.7, 0.7, 0.7, 0.7, 0.7, 0.7, 0.7, 0.7, 0.7, 0.7, 0.7, 0.7, 0.7, 0.7, 0.7, 0.7, 0.7, 0.7, 0.7, 0.7, 0.7, 0.7, 0.7, 0.7, 0.7, 0.7, 0.7, 0.7, 0.7, 0.7, 0.7, 0.7, 0.7, 0.7, 0.7, 0.7, 0.7, 0.7, 0.7, 0.702, 0.702, 0.702, 0.702, 0.702, 0.702, 0.702, 0.702, 0.702, 0.702, 0.702, 0.702, 0.702, 0.702, 0.702, 0.702, 0.702, 0.702, 0.702, 0.702, 0.702, 0.702, 0.702, 0.702, 0.702, 0.702, 0.702, 0.702, 0.702, 0.702, 0.702, 0.702, 0.702, 0.702, 0.702, 0.702, 0.702, 0.702, 0.702, 0.702, 0.702, 0.702, 0.702, 0.702, 0.702, 0.702, 0.702, 0.702, 0.702, 0.7, 0.7, 0.7, 0.7, 0.7, 0.698, 0.698, 0.698, 0.698, 0.698, 0.698, 0.698, 0.698, 0.698, 0.698, 0.698, 0.698, 0.698, 0.698, 0.698, 0.7, 0.7, 0.7, 0.7, 0.7, 0.7, 0.7, 0.7, 0.7, 0.7, 0.7]
test_accuracy_list: [0.13, 0.13, 0.091, 0.319, 0.064, 0.13, 0.13, 0.106, 0.103, 0.103, 0.103, 0.103, 0.103, 0.13, 0.144, 0.144, 0.146, 0.319, 0.253, 0.066, 0.066, 0.066, 0.065, 0.075, 0.26, 0.303, 0.316, 0.314, 0.202, 0.196, 0.266, 0.235, 0.223, 0.264, 0.278, 0.301, 0.321, 0.382, 0.421, 0.42, 0.419, 0.404, 0.381, 0.392, 0.429, 0.427, 0.422, 0.45, 0.489, 0.504, 0.524, 0.559, 0.565, 0.568, 0.38, 0.634, 0.526, 0.433, 0.409, 0.549, 0.67, 0.677, 0.673, 0.684, 0.668, 0.625, 0.558, 0.565, 0.624, 0.651, 0.661, 0.673, 0.678, 0.687, 0.686, 0.688, 0.691, 0.69, 0.683, 0.679, 0.672, 0.677, 0.676, 0.68, 0.688, 0.694, 0.698, 0.697, 0.706, 0.71, 0.71, 0.713, 0.715, 0.713, 0.713, 0.714, 0.714, 0.714, 0.715, 0.714, 0.713, 0.713, 0.712, 0.714, 0.713, 0.713, 0.714, 0.713, 0.713, 0.712, 0.713, 0.712, 0.712, 0.712, 0.711, 0.71, 0.709, 0.71, 0.71, 0.71, 0.709, 0.709, 0.709, 0.709, 0.71, 0.711, 0.71, 0.71, 0.709, 0.708, 0.708, 0.707, 0.706, 0.704, 0.704, 0.704, 0.704, 0.704, 0.704, 0.703, 0.703, 0.703, 0.704, 0.704, 0.704, 0.704, 0.703, 0.703, 0.702, 0.702, 0.702, 0.702, 0.702, 0.702, 0.702, 0.702, 0.703, 0.703, 0.703, 0.703, 0.703, 0.703, 0.703, 0.703, 0.703, 0.704, 0.704, 0.704, 0.704, 0.705, 0.705, 0.705, 0.705, 0.705, 0.705, 0.705, 0.705, 0.704, 0.703, 0.703, 0.703, 0.703, 0.703, 0.703, 0.703, 0.703, 0.703, 0.703, 0.702, 0.702, 0.702, 0.701, 0.701, 0.701, 0.701, 0.701, 0.701, 0.702, 0.702, 0.702, 0.702, 0.702, 0.702, 0.701, 0.7, 0.7, 0.7, 0.7, 0.7, 0.7, 0.7, 0.7, 0.7, 0.699, 0.699, 0.699, 0.699, 0.699, 0.7, 0.7, 0.7, 0.699, 0.698, 0.698, 0.699, 0.699, 0.699, 0.699, 0.698, 0.698, 0.698, 0.698, 0.698, 0.698, 0.698, 0.698, 0.697, 0.697, 0.697, 0.697, 0.698, 0.698, 0.698, 0.698, 0.698, 0.698, 0.698, 0.698, 0.697, 0.698, 0.698, 0.698, 0.698, 0.698, 0.698, 0.698, 0.698, 0.698, 0.698, 0.698, 0.698, 0.698, 0.698, 0.698, 0.698, 0.698, 0.698, 0.698, 0.696, 0.696, 0.696, 0.697, 0.696, 0.696, 0.696, 0.695, 0.695, 0.696, 0.696, 0.696, 0.696, 0.696, 0.696, 0.696, 0.696, 0.696, 0.696, 0.696, 0.696, 0.696, 0.697, 0.697, 0.697, 0.696, 0.696, 0.696, 0.696, 0.696, 0.696, 0.695, 0.695, 0.696, 0.696, 0.696, 0.696, 0.694, 0.695, 0.695, 0.695, 0.695, 0.695, 0.695, 0.695, 0.695, 0.695, 0.695, 0.695, 0.695, 0.695, 0.695, 0.695, 0.695, 0.695, 0.695, 0.695, 0.695, 0.695, 0.695, 0.695, 0.695, 0.695, 0.695, 0.695, 0.695, 0.694, 0.694, 0.694, 0.694, 0.694, 0.694, 0.694, 0.694, 0.694, 0.694, 0.694, 0.694, 0.694, 0.694, 0.694, 0.695, 0.695, 0.695, 0.695, 0.695, 0.695, 0.695, 0.695, 0.695, 0.695, 0.695, 0.695, 0.695, 0.695, 0.695, 0.695, 0.695, 0.695, 0.695, 0.695, 0.695, 0.695, 0.695, 0.695, 0.695, 0.695, 0.695, 0.695, 0.695, 0.695, 0.695, 0.695, 0.695, 0.695, 0.696, 0.696, 0.696, 0.696, 0.696, 0.696, 0.696, 0.696, 0.696, 0.696, 0.696, 0.696, 0.696, 0.696, 0.696, 0.696]
best validation: 0.718
best test: 0.715
num distinct structures: 2365
Experiment run 2
dataset: Cora
num_mp_layers: 3
num_fl_layers: 3
mp_hidden_dim: 3000
fl_hidden_dim: 512
epsilon: 1.118033988749895
optimizer_lr: 0.01
loss_func: CrossEntropyLoss
total_epoch: 400
Epoch: 50, Loss: 0.9381, Train: 65.00%, Valid: 34.80%, Test: 36.60%, Best Valid: 41.80%, Best Test: 44.60%
Epoch: 100, Loss: 0.0000, Train: 100.00%, Valid: 63.80%, Test: 64.10%, Best Valid: 68.60%, Best Test: 66.30%
Epoch: 150, Loss: 0.0000, Train: 100.00%, Valid: 65.40%, Test: 64.90%, Best Valid: 68.60%, Best Test: 66.30%
Epoch: 200, Loss: 0.0000, Train: 100.00%, Valid: 65.20%, Test: 65.00%, Best Valid: 68.60%, Best Test: 66.30%
Epoch: 250, Loss: 0.0000, Train: 100.00%, Valid: 65.20%, Test: 63.90%, Best Valid: 68.60%, Best Test: 66.30%
Epoch: 300, Loss: 0.0000, Train: 100.00%, Valid: 64.20%, Test: 63.20%, Best Valid: 68.60%, Best Test: 66.30%
Epoch: 350, Loss: 0.0000, Train: 100.00%, Valid: 64.20%, Test: 63.40%, Best Valid: 68.60%, Best Test: 66.30%
train_accuracy_list: [0.14285714285714285, 0.14285714285714285, 0.14285714285714285, 0.15, 0.14285714285714285, 0.14285714285714285, 0.14285714285714285, 0.14285714285714285, 0.14285714285714285, 0.14285714285714285, 0.14285714285714285, 0.14285714285714285, 0.19285714285714287, 0.15714285714285714, 0.14285714285714285, 0.14285714285714285, 0.14285714285714285, 0.14285714285714285, 0.14285714285714285, 0.14285714285714285, 0.17142857142857143, 0.16428571428571428, 0.17142857142857143, 0.18571428571428572, 0.17142857142857143, 0.2, 0.35, 0.32142857142857145, 0.32142857142857145, 0.3357142857142857, 0.36428571428571427, 0.2857142857142857, 0.3, 0.38571428571428573, 0.40714285714285714, 0.29285714285714287, 0.4857142857142857, 0.38571428571428573, 0.6714285714285714, 0.6071428571428571, 0.3, 0.6642857142857143, 0.35, 0.5857142857142857, 0.4928571428571429, 0.6642857142857143, 0.6642857142857143, 0.6357142857142857, 0.5714285714285714, 0.65, 0.7928571428571428, 0.7, 0.6928571428571428, 0.7642857142857142, 0.8928571428571429, 0.8857142857142857, 0.8428571428571429, 0.9428571428571428, 0.9428571428571428, 0.9071428571428571, 0.9214285714285714, 0.9857142857142858, 0.9928571428571429, 0.9928571428571429, 1.0, 1.0, 1.0, 1.0, 1.0, 1.0, 1.0, 1.0, 1.0, 1.0, 1.0, 1.0, 1.0, 1.0, 1.0, 1.0, 1.0, 1.0, 1.0, 1.0, 1.0, 1.0, 1.0, 1.0, 1.0, 1.0, 1.0, 1.0, 1.0, 1.0, 1.0, 1.0, 1.0, 1.0, 1.0, 1.0, 1.0, 1.0, 1.0, 1.0, 1.0, 1.0, 1.0, 1.0, 1.0, 1.0, 1.0, 1.0, 1.0, 1.0, 1.0, 1.0, 1.0, 1.0, 1.0, 1.0, 1.0, 1.0, 1.0, 1.0, 1.0, 1.0, 1.0, 1.0, 1.0, 1.0, 1.0, 1.0, 1.0, 1.0, 1.0, 1.0, 1.0, 1.0, 1.0, 1.0, 1.0, 1.0, 1.0, 1.0, 1.0, 1.0, 1.0, 1.0, 1.0, 1.0, 1.0, 1.0, 1.0, 1.0, 1.0, 1.0, 1.0, 1.0, 1.0, 1.0, 1.0, 1.0, 1.0, 1.0, 1.0, 1.0, 1.0, 1.0, 1.0, 1.0, 1.0, 1.0, 1.0, 1.0, 1.0, 1.0, 1.0, 1.0, 1.0, 1.0, 1.0, 1.0, 1.0, 1.0, 1.0, 1.0, 1.0, 1.0, 1.0, 1.0, 1.0, 1.0, 1.0, 1.0, 1.0, 1.0, 1.0, 1.0, 1.0, 1.0, 1.0, 1.0, 1.0, 1.0, 1.0, 1.0, 1.0, 1.0, 1.0, 1.0, 1.0, 1.0, 1.0, 1.0, 1.0, 1.0, 1.0, 1.0, 1.0, 1.0, 1.0, 1.0, 1.0, 1.0, 1.0, 1.0, 1.0, 1.0, 1.0, 1.0, 1.0, 1.0, 1.0, 1.0, 1.0, 1.0, 1.0, 1.0, 1.0, 1.0, 1.0, 1.0, 1.0, 1.0, 1.0, 1.0, 1.0, 1.0, 1.0, 1.0, 1.0, 1.0, 1.0, 1.0, 1.0, 1.0, 1.0, 1.0, 1.0, 1.0, 1.0, 1.0, 1.0, 1.0, 1.0, 1.0, 1.0, 1.0, 1.0, 1.0, 1.0, 1.0, 1.0, 1.0, 1.0, 1.0, 1.0, 1.0, 1.0, 1.0, 1.0, 1.0, 1.0, 1.0, 1.0, 1.0, 1.0, 1.0, 1.0, 1.0, 1.0, 1.0, 1.0, 1.0, 1.0, 1.0, 1.0, 1.0, 1.0, 1.0, 1.0, 1.0, 1.0, 1.0, 1.0, 1.0, 1.0, 1.0, 1.0, 1.0, 1.0, 1.0, 1.0, 1.0, 1.0, 1.0, 1.0, 1.0, 1.0, 1.0, 1.0, 1.0, 1.0, 1.0, 1.0, 1.0, 1.0, 1.0, 1.0, 1.0, 1.0, 1.0, 1.0, 1.0, 1.0, 1.0, 1.0, 1.0, 1.0, 1.0, 1.0, 1.0, 1.0, 1.0, 1.0, 1.0, 1.0, 1.0, 1.0, 1.0, 1.0, 1.0, 1.0, 1.0, 1.0, 1.0, 1.0, 1.0, 1.0, 1.0, 1.0, 1.0, 1.0, 1.0, 1.0, 1.0, 1.0, 1.0, 1.0, 1.0, 1.0, 1.0, 1.0, 1.0, 1.0, 1.0, 1.0, 1.0, 1.0, 1.0, 1.0, 1.0, 1.0, 1.0, 1.0, 1.0, 1.0, 1.0, 1.0, 1.0, 1.0, 1.0, 1.0, 1.0, 1.0, 1.0, 1.0, 1.0, 1.0]
valid_accuracy_list: [0.316, 0.316, 0.122, 0.116, 0.162, 0.162, 0.162, 0.156, 0.156, 0.156, 0.058, 0.058, 0.306, 0.312, 0.072, 0.07, 0.116, 0.114, 0.114, 0.114, 0.124, 0.316, 0.316, 0.324, 0.314, 0.304, 0.262, 0.256, 0.246, 0.288, 0.272, 0.264, 0.262, 0.26, 0.278, 0.278, 0.346, 0.276, 0.368, 0.358, 0.194, 0.418, 0.294, 0.326, 0.206, 0.322, 0.354, 0.368, 0.368, 0.348, 0.364, 0.29, 0.284, 0.348, 0.484, 0.518, 0.524, 0.558, 0.576, 0.548, 0.526, 0.558, 0.61, 0.672, 0.686, 0.652, 0.614, 0.608, 0.616, 0.612, 0.62, 0.626, 0.626, 0.634, 0.64, 0.642, 0.64, 0.638, 0.634, 0.628, 0.626, 0.626, 0.636, 0.648, 0.64, 0.64, 0.642, 0.644, 0.638, 0.638, 0.636, 0.636, 0.634, 0.636, 0.636, 0.636, 0.634, 0.636, 0.636, 0.638, 0.642, 0.644, 0.644, 0.648, 0.65, 0.65, 0.648, 0.648, 0.646, 0.646, 0.648, 0.65, 0.65, 0.65, 0.65, 0.652, 0.652, 0.652, 0.652, 0.65, 0.65, 0.65, 0.65, 0.65, 0.65, 0.65, 0.648, 0.648, 0.65, 0.65, 0.65, 0.65, 0.65, 0.65, 0.648, 0.648, 0.65, 0.65, 0.652, 0.652, 0.652, 0.652, 0.652, 0.652, 0.652, 0.652, 0.652, 0.652, 0.652, 0.654, 0.654, 0.654, 0.654, 0.654, 0.654, 0.654, 0.654, 0.654, 0.654, 0.652, 0.652, 0.652, 0.652, 0.652, 0.652, 0.652, 0.652, 0.652, 0.652, 0.652, 0.652, 0.652, 0.652, 0.652, 0.652, 0.652, 0.652, 0.652, 0.652, 0.652, 0.652, 0.65, 0.65, 0.65, 0.65, 0.65, 0.65, 0.65, 0.65, 0.65, 0.65, 0.65, 0.65, 0.65, 0.65, 0.652, 0.652, 0.652, 0.652, 0.652, 0.652, 0.652, 0.652, 0.652, 0.652, 0.652, 0.652, 0.652, 0.652, 0.652, 0.652, 0.652, 0.652, 0.652, 0.652, 0.652, 0.652, 0.652, 0.652, 0.654, 0.654, 0.652, 0.654, 0.654, 0.654, 0.656, 0.656, 0.656, 0.656, 0.654, 0.654, 0.654, 0.654, 0.654, 0.656, 0.656, 0.656, 0.656, 0.656, 0.656, 0.656, 0.654, 0.654, 0.656, 0.656, 0.656, 0.656, 0.654, 0.652, 0.652, 0.652, 0.652, 0.65, 0.65, 0.65, 0.648, 0.646, 0.646, 0.646, 0.646, 0.646, 0.646, 0.646, 0.646, 0.646, 0.646, 0.646, 0.646, 0.646, 0.646, 0.646, 0.646, 0.646, 0.646, 0.644, 0.644, 0.644, 0.644, 0.644, 0.644, 0.644, 0.644, 0.644, 0.644, 0.644, 0.642, 0.642, 0.642, 0.642, 0.642, 0.642, 0.642, 0.642, 0.642, 0.642, 0.642, 0.642, 0.642, 0.642, 0.642, 0.642, 0.644, 0.644, 0.644, 0.644, 0.644, 0.644, 0.644, 0.644, 0.644, 0.644, 0.644, 0.644, 0.644, 0.644, 0.644, 0.644, 0.644, 0.644, 0.644, 0.644, 0.644, 0.644, 0.644, 0.644, 0.644, 0.644, 0.644, 0.644, 0.644, 0.644, 0.644, 0.642, 0.642, 0.642, 0.642, 0.642, 0.644, 0.644, 0.642, 0.642, 0.644, 0.644, 0.644, 0.642, 0.642, 0.642, 0.642, 0.642, 0.642, 0.642, 0.642, 0.642, 0.642, 0.642, 0.642, 0.642, 0.642, 0.642, 0.642, 0.642, 0.642, 0.642, 0.642, 0.642, 0.642, 0.642, 0.642, 0.642, 0.642, 0.642, 0.642, 0.642, 0.642, 0.642, 0.642, 0.642, 0.642, 0.642, 0.642, 0.642, 0.64, 0.64, 0.642, 0.642, 0.642, 0.642, 0.642, 0.642, 0.642, 0.642, 0.642, 0.642, 0.64, 0.64, 0.64, 0.642, 0.642, 0.64]
test_accuracy_list: [0.319, 0.319, 0.13, 0.104, 0.149, 0.149, 0.149, 0.144, 0.144, 0.144, 0.064, 0.064, 0.32, 0.321, 0.091, 0.091, 0.104, 0.103, 0.103, 0.103, 0.108, 0.325, 0.324, 0.328, 0.322, 0.322, 0.241, 0.241, 0.232, 0.262, 0.254, 0.245, 0.238, 0.277, 0.271, 0.246, 0.309, 0.253, 0.384, 0.391, 0.196, 0.446, 0.284, 0.315, 0.197, 0.383, 0.399, 0.386, 0.368, 0.366, 0.365, 0.289, 0.28, 0.361, 0.49, 0.527, 0.511, 0.569, 0.588, 0.557, 0.528, 0.537, 0.607, 0.658, 0.663, 0.643, 0.61, 0.59, 0.584, 0.578, 0.58, 0.59, 0.61, 0.619, 0.634, 0.634, 0.635, 0.627, 0.629, 0.624, 0.624, 0.625, 0.627, 0.635, 0.639, 0.641, 0.639, 0.64, 0.641, 0.641, 0.639, 0.637, 0.635, 0.634, 0.634, 0.638, 0.638, 0.638, 0.638, 0.641, 0.646, 0.649, 0.651, 0.652, 0.653, 0.654, 0.654, 0.654, 0.654, 0.652, 0.652, 0.65, 0.652, 0.651, 0.651, 0.651, 0.649, 0.648, 0.648, 0.648, 0.648, 0.648, 0.648, 0.648, 0.648, 0.648, 0.649, 0.65, 0.65, 0.65, 0.65, 0.65, 0.652, 0.651, 0.651, 0.651, 0.651, 0.651, 0.65, 0.65, 0.649, 0.649, 0.649, 0.649, 0.649, 0.649, 0.649, 0.649, 0.649, 0.649, 0.649, 0.649, 0.649, 0.649, 0.649, 0.649, 0.649, 0.649, 0.649, 0.649, 0.65, 0.65, 0.649, 0.649, 0.649, 0.649, 0.649, 0.65, 0.65, 0.65, 0.65, 0.65, 0.65, 0.65, 0.65, 0.65, 0.65, 0.65, 0.65, 0.65, 0.65, 0.65, 0.65, 0.65, 0.65, 0.651, 0.651, 0.651, 0.651, 0.651, 0.651, 0.651, 0.651, 0.65, 0.65, 0.65, 0.65, 0.65, 0.65, 0.65, 0.65, 0.65, 0.65, 0.65, 0.65, 0.65, 0.65, 0.65, 0.65, 0.649, 0.649, 0.649, 0.648, 0.648, 0.648, 0.648, 0.648, 0.648, 0.649, 0.649, 0.649, 0.649, 0.649, 0.649, 0.648, 0.648, 0.648, 0.648, 0.648, 0.646, 0.644, 0.644, 0.643, 0.643, 0.643, 0.643, 0.644, 0.643, 0.642, 0.642, 0.642, 0.641, 0.641, 0.64, 0.64, 0.64, 0.639, 0.639, 0.639, 0.639, 0.638, 0.638, 0.638, 0.639, 0.639, 0.639, 0.638, 0.638, 0.638, 0.638, 0.638, 0.638, 0.637, 0.637, 0.637, 0.637, 0.637, 0.637, 0.637, 0.636, 0.636, 0.636, 0.636, 0.636, 0.636, 0.636, 0.635, 0.635, 0.635, 0.634, 0.633, 0.633, 0.633, 0.633, 0.633, 0.633, 0.632, 0.632, 0.633, 0.633, 0.633, 0.633, 0.632, 0.632, 0.632, 0.632, 0.632, 0.632, 0.632, 0.632, 0.632, 0.632, 0.632, 0.632, 0.632, 0.632, 0.632, 0.632, 0.632, 0.633, 0.633, 0.633, 0.633, 0.633, 0.633, 0.633, 0.633, 0.633, 0.633, 0.633, 0.633, 0.633, 0.633, 0.633, 0.633, 0.633, 0.633, 0.634, 0.634, 0.634, 0.634, 0.634, 0.634, 0.634, 0.634, 0.634, 0.635, 0.635, 0.635, 0.635, 0.635, 0.636, 0.636, 0.636, 0.636, 0.636, 0.634, 0.634, 0.634, 0.634, 0.634, 0.634, 0.634, 0.634, 0.634, 0.634, 0.634, 0.634, 0.634, 0.634, 0.633, 0.634, 0.634, 0.634, 0.634, 0.634, 0.634, 0.634, 0.634, 0.634, 0.634, 0.634, 0.634, 0.634, 0.634, 0.634, 0.634, 0.634, 0.634, 0.634, 0.634, 0.633, 0.633, 0.633, 0.633, 0.633, 0.633, 0.633, 0.633, 0.633, 0.633, 0.633, 0.633, 0.633, 0.633, 0.633, 0.633, 0.633, 0.633]
best validation: 0.686
best test: 0.663
num distinct structures: 2365
Experiment run 3
dataset: Cora
num_mp_layers: 3
num_fl_layers: 4
mp_hidden_dim: 3000
fl_hidden_dim: 512
epsilon: 1.118033988749895
optimizer_lr: 0.01
loss_func: CrossEntropyLoss
total_epoch: 400
Epoch: 50, Loss: 0.4042, Train: 96.43%, Valid: 56.80%, Test: 57.30%, Best Valid: 56.80%, Best Test: 57.30%
Epoch: 100, Loss: 0.0000, Train: 100.00%, Valid: 63.00%, Test: 64.30%, Best Valid: 64.40%, Best Test: 65.10%
Epoch: 150, Loss: 0.0000, Train: 100.00%, Valid: 62.00%, Test: 63.60%, Best Valid: 64.40%, Best Test: 65.10%
Epoch: 200, Loss: 0.0000, Train: 100.00%, Valid: 61.20%, Test: 63.40%, Best Valid: 64.40%, Best Test: 65.10%
Epoch: 250, Loss: 0.0000, Train: 100.00%, Valid: 61.20%, Test: 63.30%, Best Valid: 64.40%, Best Test: 65.10%
Epoch: 300, Loss: 0.0000, Train: 100.00%, Valid: 61.00%, Test: 63.20%, Best Valid: 64.40%, Best Test: 65.10%
Epoch: 350, Loss: 0.0000, Train: 100.00%, Valid: 61.20%, Test: 63.30%, Best Valid: 64.40%, Best Test: 65.10%
train_accuracy_list: [0.14285714285714285, 0.14285714285714285, 0.14285714285714285, 0.14285714285714285, 0.14285714285714285, 0.14285714285714285, 0.14285714285714285, 0.14285714285714285, 0.14285714285714285, 0.15, 0.14285714285714285, 0.15, 0.14285714285714285, 0.14285714285714285, 0.14285714285714285, 0.14285714285714285, 0.14285714285714285, 0.14285714285714285, 0.14285714285714285, 0.14285714285714285, 0.14285714285714285, 0.15714285714285714, 0.19285714285714287, 0.14285714285714285, 0.14285714285714285, 0.14285714285714285, 0.15, 0.15714285714285714, 0.17142857142857143, 0.18571428571428572, 0.3142857142857143, 0.2642857142857143, 0.2642857142857143, 0.30714285714285716, 0.40714285714285714, 0.35, 0.37857142857142856, 0.4928571428571429, 0.6857142857142857, 0.6428571428571429, 0.6571428571428571, 0.6357142857142857, 0.7928571428571428, 0.8571428571428571, 0.7571428571428571, 0.9285714285714286, 0.9428571428571428, 0.9, 0.9571428571428572, 0.9642857142857143, 0.9785714285714285, 0.9571428571428572, 0.7928571428571428, 0.9428571428571428, 0.9285714285714286, 0.95, 0.9642857142857143, 0.9857142857142858, 0.9642857142857143, 1.0, 0.9928571428571429, 0.9928571428571429, 0.9928571428571429, 1.0, 1.0, 1.0, 1.0, 1.0, 1.0, 1.0, 1.0, 1.0, 1.0, 1.0, 1.0, 1.0, 1.0, 1.0, 1.0, 1.0, 1.0, 1.0, 1.0, 1.0, 1.0, 1.0, 1.0, 1.0, 1.0, 1.0, 1.0, 1.0, 1.0, 1.0, 1.0, 1.0, 1.0, 1.0, 1.0, 1.0, 1.0, 1.0, 1.0, 1.0, 1.0, 1.0, 1.0, 1.0, 1.0, 1.0, 1.0, 1.0, 1.0, 1.0, 1.0, 1.0, 1.0, 1.0, 1.0, 1.0, 1.0, 1.0, 1.0, 1.0, 1.0, 1.0, 1.0, 1.0, 1.0, 1.0, 1.0, 1.0, 1.0, 1.0, 1.0, 1.0, 1.0, 1.0, 1.0, 1.0, 1.0, 1.0, 1.0, 1.0, 1.0, 1.0, 1.0, 1.0, 1.0, 1.0, 1.0, 1.0, 1.0, 1.0, 1.0, 1.0, 1.0, 1.0, 1.0, 1.0, 1.0, 1.0, 1.0, 1.0, 1.0, 1.0, 1.0, 1.0, 1.0, 1.0, 1.0, 1.0, 1.0, 1.0, 1.0, 1.0, 1.0, 1.0, 1.0, 1.0, 1.0, 1.0, 1.0, 1.0, 1.0, 1.0, 1.0, 1.0, 1.0, 1.0, 1.0, 1.0, 1.0, 1.0, 1.0, 1.0, 1.0, 1.0, 1.0, 1.0, 1.0, 1.0, 1.0, 1.0, 1.0, 1.0, 1.0, 1.0, 1.0, 1.0, 1.0, 1.0, 1.0, 1.0, 1.0, 1.0, 1.0, 1.0, 1.0, 1.0, 1.0, 1.0, 1.0, 1.0, 1.0, 1.0, 1.0, 1.0, 1.0, 1.0, 1.0, 1.0, 1.0, 1.0, 1.0, 1.0, 1.0, 1.0, 1.0, 1.0, 1.0, 1.0, 1.0, 1.0, 1.0, 1.0, 1.0, 1.0, 1.0, 1.0, 1.0, 1.0, 1.0, 1.0, 1.0, 1.0, 1.0, 1.0, 1.0, 1.0, 1.0, 1.0, 1.0, 1.0, 1.0, 1.0, 1.0, 1.0, 1.0, 1.0, 1.0, 1.0, 1.0, 1.0, 1.0, 1.0, 1.0, 1.0, 1.0, 1.0, 1.0, 1.0, 1.0, 1.0, 1.0, 1.0, 1.0, 1.0, 1.0, 1.0, 1.0, 1.0, 1.0, 1.0, 1.0, 1.0, 1.0, 1.0, 1.0, 1.0, 1.0, 1.0, 1.0, 1.0, 1.0, 1.0, 1.0, 1.0, 1.0, 1.0, 1.0, 1.0, 1.0, 1.0, 1.0, 1.0, 1.0, 1.0, 1.0, 1.0, 1.0, 1.0, 1.0, 1.0, 1.0, 1.0, 1.0, 1.0, 1.0, 1.0, 1.0, 1.0, 1.0, 1.0, 1.0, 1.0, 1.0, 1.0, 1.0, 1.0, 1.0, 1.0, 1.0, 1.0, 1.0, 1.0, 1.0, 1.0, 1.0, 1.0, 1.0, 1.0, 1.0, 1.0, 1.0, 1.0, 1.0, 1.0, 1.0, 1.0, 1.0, 1.0, 1.0, 1.0, 1.0, 1.0, 1.0, 1.0, 1.0, 1.0, 1.0, 1.0, 1.0, 1.0, 1.0, 1.0, 1.0, 1.0, 1.0, 1.0, 1.0, 1.0, 1.0, 1.0, 1.0, 1.0, 1.0, 1.0, 1.0, 1.0, 1.0, 1.0, 1.0, 1.0, 1.0, 1.0, 1.0, 1.0, 1.0]
valid_accuracy_list: [0.058, 0.316, 0.122, 0.156, 0.162, 0.162, 0.162, 0.162, 0.162, 0.058, 0.058, 0.164, 0.07, 0.114, 0.114, 0.114, 0.114, 0.114, 0.156, 0.158, 0.158, 0.156, 0.148, 0.058, 0.058, 0.06, 0.058, 0.318, 0.322, 0.316, 0.348, 0.252, 0.208, 0.206, 0.2, 0.196, 0.206, 0.314, 0.458, 0.438, 0.382, 0.476, 0.532, 0.532, 0.502, 0.464, 0.482, 0.526, 0.5, 0.568, 0.604, 0.522, 0.524, 0.466, 0.49, 0.552, 0.596, 0.598, 0.55, 0.602, 0.636, 0.614, 0.618, 0.616, 0.608, 0.612, 0.624, 0.636, 0.642, 0.634, 0.626, 0.624, 0.606, 0.596, 0.596, 0.596, 0.6, 0.6, 0.622, 0.624, 0.634, 0.632, 0.61, 0.61, 0.62, 0.632, 0.64, 0.64, 0.644, 0.642, 0.642, 0.642, 0.63, 0.63, 0.628, 0.628, 0.63, 0.632, 0.63, 0.63, 0.634, 0.634, 0.634, 0.634, 0.63, 0.63, 0.636, 0.64, 0.64, 0.64, 0.636, 0.63, 0.63, 0.624, 0.624, 0.624, 0.62, 0.622, 0.622, 0.622, 0.618, 0.618, 0.618, 0.618, 0.618, 0.616, 0.616, 0.618, 0.62, 0.618, 0.618, 0.62, 0.622, 0.62, 0.62, 0.62, 0.62, 0.618, 0.618, 0.618, 0.618, 0.62, 0.62, 0.62, 0.62, 0.62, 0.62, 0.62, 0.62, 0.62, 0.616, 0.614, 0.614, 0.614, 0.614, 0.614, 0.612, 0.612, 0.612, 0.612, 0.612, 0.612, 0.612, 0.612, 0.612, 0.612, 0.612, 0.612, 0.612, 0.612, 0.612, 0.612, 0.612, 0.612, 0.612, 0.612, 0.612, 0.612, 0.612, 0.612, 0.612, 0.612, 0.612, 0.612, 0.612, 0.612, 0.612, 0.612, 0.612, 0.612, 0.612, 0.612, 0.612, 0.612, 0.612, 0.612, 0.612, 0.612, 0.612, 0.612, 0.612, 0.612, 0.61, 0.61, 0.61, 0.61, 0.61, 0.61, 0.61, 0.61, 0.61, 0.61, 0.61, 0.61, 0.61, 0.61, 0.61, 0.61, 0.61, 0.61, 0.61, 0.61, 0.61, 0.61, 0.61, 0.61, 0.61, 0.61, 0.61, 0.612, 0.612, 0.612, 0.61, 0.61, 0.61, 0.61, 0.61, 0.61, 0.612, 0.612, 0.612, 0.612, 0.612, 0.612, 0.612, 0.612, 0.612, 0.612, 0.612, 0.612, 0.612, 0.612, 0.612, 0.612, 0.612, 0.612, 0.612, 0.612, 0.612, 0.612, 0.612, 0.612, 0.612, 0.612, 0.612, 0.61, 0.61, 0.61, 0.61, 0.61, 0.61, 0.61, 0.61, 0.61, 0.61, 0.61, 0.612, 0.612, 0.612, 0.612, 0.612, 0.612, 0.61, 0.61, 0.61, 0.61, 0.61, 0.61, 0.61, 0.61, 0.61, 0.61, 0.61, 0.61, 0.61, 0.61, 0.61, 0.61, 0.61, 0.61, 0.61, 0.61, 0.61, 0.61, 0.61, 0.61, 0.61, 0.61, 0.61, 0.61, 0.612, 0.612, 0.612, 0.612, 0.612, 0.612, 0.612, 0.612, 0.612, 0.612, 0.612, 0.612, 0.612, 0.612, 0.612, 0.612, 0.612, 0.612, 0.612, 0.612, 0.612, 0.612, 0.612, 0.612, 0.612, 0.612, 0.612, 0.612, 0.612, 0.612, 0.612, 0.612, 0.612, 0.612, 0.612, 0.612, 0.612, 0.612, 0.612, 0.612, 0.612, 0.612, 0.612, 0.612, 0.612, 0.612, 0.612, 0.612, 0.612, 0.612, 0.612, 0.612, 0.612, 0.612, 0.612, 0.612, 0.612, 0.612, 0.612, 0.612, 0.612, 0.612, 0.612, 0.612, 0.612, 0.612, 0.612, 0.612, 0.612, 0.612, 0.612, 0.612, 0.612, 0.612, 0.612, 0.612, 0.612, 0.612, 0.612, 0.612, 0.612, 0.612, 0.612, 0.612, 0.612, 0.612, 0.612, 0.612, 0.612]
test_accuracy_list: [0.064, 0.319, 0.13, 0.144, 0.149, 0.149, 0.149, 0.149, 0.149, 0.064, 0.064, 0.15, 0.091, 0.103, 0.103, 0.103, 0.103, 0.103, 0.144, 0.144, 0.144, 0.147, 0.144, 0.064, 0.064, 0.064, 0.065, 0.32, 0.325, 0.323, 0.331, 0.256, 0.211, 0.21, 0.209, 0.199, 0.224, 0.36, 0.465, 0.458, 0.433, 0.49, 0.555, 0.546, 0.508, 0.517, 0.493, 0.542, 0.535, 0.573, 0.622, 0.544, 0.541, 0.525, 0.49, 0.566, 0.613, 0.619, 0.566, 0.62, 0.643, 0.648, 0.649, 0.644, 0.634, 0.629, 0.64, 0.642, 0.648, 0.65, 0.637, 0.629, 0.618, 0.609, 0.605, 0.604, 0.606, 0.611, 0.619, 0.624, 0.63, 0.636, 0.635, 0.632, 0.64, 0.645, 0.646, 0.647, 0.651, 0.648, 0.649, 0.65, 0.649, 0.648, 0.646, 0.646, 0.646, 0.646, 0.647, 0.643, 0.643, 0.643, 0.643, 0.643, 0.643, 0.645, 0.645, 0.644, 0.641, 0.639, 0.638, 0.636, 0.634, 0.633, 0.634, 0.633, 0.632, 0.633, 0.634, 0.637, 0.636, 0.636, 0.636, 0.635, 0.634, 0.635, 0.636, 0.637, 0.638, 0.641, 0.64, 0.64, 0.641, 0.64, 0.64, 0.64, 0.64, 0.639, 0.638, 0.637, 0.637, 0.637, 0.637, 0.637, 0.637, 0.637, 0.637, 0.636, 0.636, 0.636, 0.635, 0.635, 0.636, 0.636, 0.636, 0.636, 0.636, 0.635, 0.635, 0.634, 0.634, 0.634, 0.634, 0.634, 0.634, 0.634, 0.635, 0.635, 0.635, 0.635, 0.635, 0.635, 0.635, 0.635, 0.635, 0.635, 0.635, 0.635, 0.635, 0.635, 0.635, 0.635, 0.635, 0.634, 0.634, 0.634, 0.634, 0.634, 0.634, 0.634, 0.634, 0.634, 0.634, 0.634, 0.634, 0.634, 0.634, 0.634, 0.634, 0.634, 0.634, 0.634, 0.634, 0.633, 0.633, 0.633, 0.633, 0.633, 0.633, 0.633, 0.633, 0.633, 0.634, 0.634, 0.634, 0.634, 0.634, 0.634, 0.634, 0.634, 0.634, 0.634, 0.634, 0.634, 0.634, 0.634, 0.634, 0.634, 0.634, 0.634, 0.634, 0.634, 0.633, 0.633, 0.633, 0.634, 0.634, 0.634, 0.634, 0.634, 0.634, 0.634, 0.634, 0.633, 0.633, 0.633, 0.633, 0.633, 0.633, 0.633, 0.633, 0.632, 0.632, 0.632, 0.632, 0.632, 0.632, 0.632, 0.632, 0.632, 0.632, 0.632, 0.633, 0.633, 0.633, 0.633, 0.633, 0.633, 0.633, 0.633, 0.633, 0.633, 0.633, 0.633, 0.633, 0.633, 0.633, 0.633, 0.633, 0.633, 0.633, 0.633, 0.633, 0.633, 0.633, 0.633, 0.633, 0.633, 0.633, 0.633, 0.633, 0.633, 0.633, 0.633, 0.633, 0.632, 0.632, 0.632, 0.632, 0.632, 0.632, 0.632, 0.632, 0.632, 0.632, 0.633, 0.633, 0.633, 0.632, 0.632, 0.632, 0.632, 0.632, 0.632, 0.632, 0.632, 0.632, 0.632, 0.632, 0.632, 0.632, 0.632, 0.632, 0.632, 0.632, 0.632, 0.632, 0.632, 0.632, 0.632, 0.632, 0.632, 0.632, 0.632, 0.631, 0.631, 0.631, 0.631, 0.63, 0.63, 0.63, 0.63, 0.631, 0.632, 0.632, 0.632, 0.633, 0.633, 0.633, 0.633, 0.633, 0.633, 0.633, 0.633, 0.633, 0.633, 0.633, 0.633, 0.633, 0.633, 0.633, 0.633, 0.633, 0.633, 0.633, 0.633, 0.633, 0.633, 0.633, 0.633, 0.633, 0.633, 0.633, 0.633, 0.633, 0.633, 0.633, 0.633, 0.633, 0.633, 0.633, 0.633, 0.633, 0.633, 0.633, 0.633, 0.633, 0.633, 0.633, 0.633, 0.633, 0.633, 0.633, 0.633, 0.633, 0.633, 0.633, 0.633, 0.633]
best validation: 0.644
best test: 0.651
num distinct structures: 2365
Experiment run 4
dataset: Cora
num_mp_layers: 3
num_fl_layers: 5
mp_hidden_dim: 3000
fl_hidden_dim: 512
epsilon: 1.118033988749895
optimizer_lr: 0.01
loss_func: CrossEntropyLoss
total_epoch: 400
Epoch: 50, Loss: 0.3867, Train: 95.00%, Valid: 59.20%, Test: 59.00%, Best Valid: 59.20%, Best Test: 59.60%
Epoch: 100, Loss: 0.0000, Train: 100.00%, Valid: 59.60%, Test: 59.90%, Best Valid: 64.60%, Best Test: 62.70%
Epoch: 150, Loss: 0.0000, Train: 100.00%, Valid: 59.60%, Test: 59.40%, Best Valid: 64.60%, Best Test: 62.70%
Epoch: 200, Loss: 0.0000, Train: 100.00%, Valid: 59.40%, Test: 59.70%, Best Valid: 64.60%, Best Test: 62.70%
Epoch: 250, Loss: 0.0000, Train: 100.00%, Valid: 59.20%, Test: 59.90%, Best Valid: 64.60%, Best Test: 62.70%
Epoch: 300, Loss: 0.0000, Train: 100.00%, Valid: 60.40%, Test: 59.60%, Best Valid: 64.60%, Best Test: 62.70%
Epoch: 350, Loss: 0.0000, Train: 100.00%, Valid: 60.00%, Test: 59.50%, Best Valid: 64.60%, Best Test: 62.70%
train_accuracy_list: [0.14285714285714285, 0.14285714285714285, 0.14285714285714285, 0.14285714285714285, 0.17142857142857143, 0.15, 0.14285714285714285, 0.14285714285714285, 0.14285714285714285, 0.21428571428571427, 0.24285714285714285, 0.14285714285714285, 0.15, 0.14285714285714285, 0.14285714285714285, 0.14285714285714285, 0.14285714285714285, 0.14285714285714285, 0.15, 0.17142857142857143, 0.2357142857142857, 0.38571428571428573, 0.2857142857142857, 0.5142857142857142, 0.5071428571428571, 0.4714285714285714, 0.40714285714285714, 0.44285714285714284, 0.42857142857142855, 0.4, 0.35714285714285715, 0.35, 0.5928571428571429, 0.42142857142857143, 0.6714285714285714, 0.6071428571428571, 0.7214285714285714, 0.7428571428571429, 0.6714285714285714, 0.5285714285714286, 0.6642857142857143, 0.85, 0.8142857142857143, 0.8357142857142857, 0.9214285714285714, 0.8785714285714286, 0.8642857142857143, 0.9428571428571428, 0.9214285714285714, 0.95, 0.9785714285714285, 0.9785714285714285, 0.9857142857142858, 0.9857142857142858, 0.9857142857142858, 0.9857142857142858, 0.9857142857142858, 0.9857142857142858, 0.9928571428571429, 0.9928571428571429, 0.9928571428571429, 0.9928571428571429, 1.0, 1.0, 1.0, 1.0, 1.0, 1.0, 1.0, 1.0, 1.0, 1.0, 1.0, 1.0, 1.0, 1.0, 1.0, 1.0, 1.0, 1.0, 1.0, 1.0, 1.0, 1.0, 1.0, 1.0, 1.0, 1.0, 1.0, 1.0, 1.0, 1.0, 1.0, 1.0, 1.0, 1.0, 1.0, 1.0, 1.0, 1.0, 1.0, 1.0, 1.0, 1.0, 1.0, 1.0, 1.0, 1.0, 1.0, 1.0, 1.0, 1.0, 1.0, 1.0, 1.0, 1.0, 1.0, 1.0, 1.0, 1.0, 1.0, 1.0, 1.0, 1.0, 1.0, 1.0, 1.0, 1.0, 1.0, 1.0, 1.0, 1.0, 1.0, 1.0, 1.0, 1.0, 1.0, 1.0, 1.0, 1.0, 1.0, 1.0, 1.0, 1.0, 1.0, 1.0, 1.0, 1.0, 1.0, 1.0, 1.0, 1.0, 1.0, 1.0, 1.0, 1.0, 1.0, 1.0, 1.0, 1.0, 1.0, 1.0, 1.0, 1.0, 1.0, 1.0, 1.0, 1.0, 1.0, 1.0, 1.0, 1.0, 1.0, 1.0, 1.0, 1.0, 1.0, 1.0, 1.0, 1.0, 1.0, 1.0, 1.0, 1.0, 1.0, 1.0, 1.0, 1.0, 1.0, 1.0, 1.0, 1.0, 1.0, 1.0, 1.0, 1.0, 1.0, 1.0, 1.0, 1.0, 1.0, 1.0, 1.0, 1.0, 1.0, 1.0, 1.0, 1.0, 1.0, 1.0, 1.0, 1.0, 1.0, 1.0, 1.0, 1.0, 1.0, 1.0, 1.0, 1.0, 1.0, 1.0, 1.0, 1.0, 1.0, 1.0, 1.0, 1.0, 1.0, 1.0, 1.0, 1.0, 1.0, 1.0, 1.0, 1.0, 1.0, 1.0, 1.0, 1.0, 1.0, 1.0, 1.0, 1.0, 1.0, 1.0, 1.0, 1.0, 1.0, 1.0, 1.0, 1.0, 1.0, 1.0, 1.0, 1.0, 1.0, 1.0, 1.0, 1.0, 1.0, 1.0, 1.0, 1.0, 1.0, 1.0, 1.0, 1.0, 1.0, 1.0, 1.0, 1.0, 1.0, 1.0, 1.0, 1.0, 1.0, 1.0, 1.0, 1.0, 1.0, 1.0, 1.0, 1.0, 1.0, 1.0, 1.0, 1.0, 1.0, 1.0, 1.0, 1.0, 1.0, 1.0, 1.0, 1.0, 1.0, 1.0, 1.0, 1.0, 1.0, 1.0, 1.0, 1.0, 1.0, 1.0, 1.0, 1.0, 1.0, 1.0, 1.0, 1.0, 1.0, 1.0, 1.0, 1.0, 1.0, 1.0, 1.0, 1.0, 1.0, 1.0, 1.0, 1.0, 1.0, 1.0, 1.0, 1.0, 1.0, 1.0, 1.0, 1.0, 1.0, 1.0, 1.0, 1.0, 1.0, 1.0, 1.0, 1.0, 1.0, 1.0, 1.0, 1.0, 1.0, 1.0, 1.0, 1.0, 1.0, 1.0, 1.0, 1.0, 1.0, 1.0, 1.0, 1.0, 1.0, 1.0, 1.0, 1.0, 1.0, 1.0, 1.0, 1.0, 1.0, 1.0, 1.0, 1.0, 1.0, 1.0, 1.0, 1.0, 1.0, 1.0, 1.0, 1.0, 1.0, 1.0, 1.0, 1.0, 1.0, 1.0, 1.0, 1.0, 1.0, 1.0, 1.0, 1.0, 1.0, 1.0, 1.0, 1.0, 1.0, 1.0, 1.0, 1.0, 1.0, 1.0, 1.0]
valid_accuracy_list: [0.162, 0.162, 0.316, 0.122, 0.122, 0.114, 0.114, 0.114, 0.114, 0.114, 0.17, 0.156, 0.162, 0.072, 0.07, 0.316, 0.316, 0.316, 0.314, 0.166, 0.12, 0.23, 0.19, 0.362, 0.36, 0.282, 0.238, 0.236, 0.25, 0.338, 0.292, 0.268, 0.48, 0.374, 0.5, 0.406, 0.496, 0.514, 0.51, 0.398, 0.444, 0.576, 0.576, 0.544, 0.572, 0.57, 0.548, 0.57, 0.582, 0.592, 0.592, 0.634, 0.638, 0.61, 0.608, 0.624, 0.622, 0.622, 0.614, 0.62, 0.596, 0.622, 0.646, 0.642, 0.612, 0.622, 0.626, 0.62, 0.624, 0.624, 0.622, 0.616, 0.616, 0.62, 0.622, 0.626, 0.622, 0.628, 0.616, 0.612, 0.61, 0.614, 0.616, 0.612, 0.612, 0.612, 0.61, 0.614, 0.614, 0.62, 0.618, 0.62, 0.616, 0.616, 0.614, 0.608, 0.602, 0.592, 0.596, 0.596, 0.594, 0.592, 0.592, 0.588, 0.584, 0.584, 0.588, 0.586, 0.588, 0.59, 0.592, 0.596, 0.598, 0.598, 0.596, 0.592, 0.592, 0.592, 0.592, 0.592, 0.59, 0.588, 0.586, 0.586, 0.584, 0.584, 0.588, 0.59, 0.59, 0.59, 0.592, 0.592, 0.594, 0.594, 0.594, 0.592, 0.594, 0.596, 0.596, 0.596, 0.596, 0.596, 0.596, 0.596, 0.596, 0.596, 0.596, 0.596, 0.596, 0.596, 0.596, 0.596, 0.592, 0.592, 0.592, 0.592, 0.592, 0.592, 0.592, 0.592, 0.592, 0.592, 0.592, 0.592, 0.592, 0.594, 0.594, 0.596, 0.596, 0.596, 0.596, 0.596, 0.596, 0.596, 0.596, 0.596, 0.596, 0.594, 0.592, 0.592, 0.592, 0.592, 0.592, 0.59, 0.588, 0.592, 0.592, 0.592, 0.592, 0.592, 0.592, 0.592, 0.592, 0.592, 0.592, 0.592, 0.592, 0.592, 0.594, 0.594, 0.594, 0.594, 0.594, 0.594, 0.592, 0.592, 0.592, 0.592, 0.592, 0.592, 0.592, 0.59, 0.59, 0.592, 0.592, 0.592, 0.594, 0.592, 0.592, 0.592, 0.59, 0.59, 0.59, 0.59, 0.592, 0.592, 0.592, 0.59, 0.59, 0.59, 0.59, 0.59, 0.59, 0.59, 0.59, 0.59, 0.59, 0.59, 0.59, 0.59, 0.59, 0.59, 0.59, 0.592, 0.592, 0.594, 0.594, 0.594, 0.594, 0.592, 0.592, 0.592, 0.594, 0.594, 0.592, 0.592, 0.592, 0.594, 0.594, 0.594, 0.594, 0.594, 0.594, 0.594, 0.594, 0.594, 0.594, 0.594, 0.594, 0.594, 0.594, 0.594, 0.594, 0.594, 0.594, 0.596, 0.596, 0.596, 0.596, 0.598, 0.598, 0.598, 0.598, 0.598, 0.598, 0.598, 0.6, 0.602, 0.602, 0.602, 0.602, 0.602, 0.602, 0.604, 0.604, 0.604, 0.604, 0.602, 0.602, 0.604, 0.602, 0.602, 0.602, 0.602, 0.604, 0.604, 0.602, 0.602, 0.602, 0.602, 0.604, 0.604, 0.604, 0.604, 0.604, 0.604, 0.604, 0.604, 0.602, 0.602, 0.602, 0.602, 0.602, 0.602, 0.602, 0.602, 0.602, 0.602, 0.602, 0.602, 0.602, 0.602, 0.602, 0.602, 0.602, 0.602, 0.602, 0.602, 0.602, 0.602, 0.602, 0.602, 0.602, 0.602, 0.602, 0.602, 0.6, 0.6, 0.6, 0.6, 0.6, 0.6, 0.6, 0.6, 0.6, 0.6, 0.6, 0.6, 0.6, 0.6, 0.596, 0.598, 0.598, 0.598, 0.598, 0.598, 0.598, 0.598, 0.598, 0.598, 0.598, 0.596, 0.596, 0.596, 0.596, 0.596, 0.596, 0.596, 0.596, 0.596, 0.596, 0.596, 0.596, 0.596, 0.596, 0.596, 0.596, 0.596, 0.596, 0.596, 0.596, 0.596, 0.596, 0.596, 0.596, 0.598, 0.598, 0.598, 0.598]
test_accuracy_list: [0.149, 0.149, 0.319, 0.13, 0.131, 0.104, 0.103, 0.103, 0.103, 0.112, 0.162, 0.144, 0.144, 0.091, 0.093, 0.319, 0.319, 0.319, 0.318, 0.156, 0.124, 0.231, 0.177, 0.343, 0.341, 0.275, 0.269, 0.252, 0.262, 0.341, 0.298, 0.296, 0.493, 0.381, 0.519, 0.408, 0.519, 0.554, 0.524, 0.441, 0.479, 0.593, 0.578, 0.567, 0.585, 0.586, 0.567, 0.567, 0.596, 0.59, 0.582, 0.601, 0.598, 0.581, 0.59, 0.602, 0.6, 0.595, 0.616, 0.604, 0.595, 0.614, 0.627, 0.621, 0.607, 0.596, 0.598, 0.6, 0.603, 0.608, 0.608, 0.608, 0.609, 0.612, 0.609, 0.61, 0.612, 0.614, 0.615, 0.611, 0.615, 0.611, 0.612, 0.613, 0.61, 0.611, 0.61, 0.609, 0.61, 0.609, 0.609, 0.61, 0.609, 0.61, 0.61, 0.606, 0.599, 0.598, 0.601, 0.599, 0.604, 0.605, 0.599, 0.589, 0.586, 0.585, 0.584, 0.593, 0.59, 0.594, 0.595, 0.592, 0.592, 0.593, 0.591, 0.592, 0.589, 0.589, 0.588, 0.59, 0.588, 0.587, 0.587, 0.586, 0.586, 0.585, 0.585, 0.587, 0.587, 0.588, 0.591, 0.593, 0.593, 0.594, 0.597, 0.596, 0.595, 0.594, 0.594, 0.593, 0.593, 0.593, 0.593, 0.593, 0.593, 0.593, 0.594, 0.594, 0.594, 0.594, 0.594, 0.593, 0.594, 0.594, 0.594, 0.594, 0.593, 0.593, 0.593, 0.593, 0.593, 0.592, 0.592, 0.592, 0.592, 0.592, 0.592, 0.592, 0.593, 0.593, 0.593, 0.593, 0.593, 0.593, 0.593, 0.593, 0.593, 0.593, 0.593, 0.593, 0.593, 0.593, 0.593, 0.593, 0.593, 0.593, 0.593, 0.593, 0.593, 0.593, 0.593, 0.593, 0.594, 0.595, 0.597, 0.597, 0.597, 0.597, 0.597, 0.597, 0.597, 0.595, 0.595, 0.595, 0.596, 0.596, 0.596, 0.596, 0.597, 0.597, 0.597, 0.597, 0.597, 0.597, 0.597, 0.598, 0.598, 0.598, 0.598, 0.598, 0.598, 0.598, 0.597, 0.597, 0.597, 0.597, 0.596, 0.596, 0.596, 0.596, 0.596, 0.596, 0.596, 0.596, 0.596, 0.596, 0.596, 0.596, 0.596, 0.598, 0.598, 0.599, 0.599, 0.599, 0.599, 0.599, 0.599, 0.599, 0.599, 0.599, 0.599, 0.599, 0.599, 0.599, 0.599, 0.599, 0.599, 0.599, 0.599, 0.599, 0.599, 0.599, 0.599, 0.599, 0.599, 0.599, 0.599, 0.599, 0.599, 0.599, 0.599, 0.599, 0.599, 0.599, 0.599, 0.599, 0.598, 0.598, 0.598, 0.599, 0.599, 0.599, 0.599, 0.598, 0.598, 0.598, 0.598, 0.598, 0.597, 0.597, 0.597, 0.597, 0.597, 0.597, 0.597, 0.597, 0.596, 0.596, 0.596, 0.596, 0.596, 0.596, 0.596, 0.596, 0.596, 0.596, 0.595, 0.595, 0.595, 0.595, 0.595, 0.595, 0.595, 0.595, 0.595, 0.595, 0.595, 0.595, 0.595, 0.595, 0.595, 0.595, 0.595, 0.596, 0.597, 0.597, 0.597, 0.597, 0.595, 0.596, 0.596, 0.596, 0.596, 0.596, 0.596, 0.596, 0.596, 0.595, 0.595, 0.595, 0.595, 0.595, 0.595, 0.595, 0.595, 0.595, 0.595, 0.595, 0.595, 0.595, 0.595, 0.595, 0.595, 0.595, 0.595, 0.594, 0.594, 0.594, 0.594, 0.595, 0.595, 0.595, 0.594, 0.594, 0.594, 0.594, 0.595, 0.595, 0.595, 0.595, 0.594, 0.595, 0.595, 0.594, 0.594, 0.595, 0.595, 0.596, 0.594, 0.595, 0.597, 0.595, 0.596, 0.596, 0.595, 0.595, 0.598, 0.597, 0.595, 0.595, 0.595, 0.596, 0.597, 0.596, 0.595, 0.595, 0.595, 0.595, 0.594]
best validation: 0.646
best test: 0.627
num distinct structures: 2365
Experiment run 5
dataset: Cora
num_mp_layers: 3
num_fl_layers: 6
mp_hidden_dim: 3000
fl_hidden_dim: 512
epsilon: 1.118033988749895
optimizer_lr: 0.01
loss_func: CrossEntropyLoss
total_epoch: 400
Epoch: 50, Loss: 0.5509, Train: 92.14%, Valid: 49.60%, Test: 49.50%, Best Valid: 50.80%, Best Test: 53.20%
Epoch: 100, Loss: 0.0014, Train: 100.00%, Valid: 62.80%, Test: 67.90%, Best Valid: 64.20%, Best Test: 68.70%
Epoch: 150, Loss: 0.0000, Train: 100.00%, Valid: 63.00%, Test: 64.70%, Best Valid: 64.20%, Best Test: 68.70%
Epoch: 200, Loss: 0.0000, Train: 100.00%, Valid: 63.60%, Test: 65.30%, Best Valid: 64.20%, Best Test: 68.70%
Epoch: 250, Loss: 0.0000, Train: 100.00%, Valid: 62.00%, Test: 64.80%, Best Valid: 64.20%, Best Test: 68.70%
Epoch: 300, Loss: 0.0000, Train: 100.00%, Valid: 62.00%, Test: 65.10%, Best Valid: 64.20%, Best Test: 68.70%
Epoch: 350, Loss: 0.0000, Train: 100.00%, Valid: 61.80%, Test: 65.00%, Best Valid: 64.20%, Best Test: 68.70%
train_accuracy_list: [0.14285714285714285, 0.14285714285714285, 0.14285714285714285, 0.14285714285714285, 0.15, 0.14285714285714285, 0.14285714285714285, 0.14285714285714285, 0.14285714285714285, 0.20714285714285716, 0.14285714285714285, 0.14285714285714285, 0.14285714285714285, 0.14285714285714285, 0.14285714285714285, 0.16428571428571428, 0.14285714285714285, 0.14285714285714285, 0.14285714285714285, 0.15, 0.17142857142857143, 0.22142857142857142, 0.15, 0.14285714285714285, 0.18571428571428572, 0.25, 0.2785714285714286, 0.3142857142857143, 0.29285714285714287, 0.22857142857142856, 0.44285714285714284, 0.45, 0.45714285714285713, 0.5, 0.4714285714285714, 0.5142857142857142, 0.4785714285714286, 0.5, 0.8, 0.8, 0.8214285714285714, 0.8, 0.8214285714285714, 0.8, 0.8571428571428571, 0.9214285714285714, 0.9, 0.8928571428571429, 0.8142857142857143, 0.9214285714285714, 0.8928571428571429, 0.8571428571428571, 0.95, 0.9714285714285714, 0.9428571428571428, 0.7714285714285715, 0.5428571428571428, 0.7, 0.5642857142857143, 0.7928571428571428, 0.8142857142857143, 0.7785714285714286, 0.8, 0.85, 0.8928571428571429, 0.8142857142857143, 0.8642857142857143, 0.9357142857142857, 0.9857142857142858, 0.95, 0.9714285714285714, 0.9714285714285714, 0.9785714285714285, 0.9785714285714285, 0.9857142857142858, 0.9857142857142858, 0.9928571428571429, 0.9928571428571429, 1.0, 1.0, 1.0, 1.0, 1.0, 1.0, 1.0, 1.0, 1.0, 1.0, 1.0, 1.0, 1.0, 1.0, 1.0, 1.0, 1.0, 1.0, 1.0, 1.0, 1.0, 1.0, 1.0, 1.0, 1.0, 1.0, 1.0, 1.0, 1.0, 1.0, 1.0, 1.0, 1.0, 1.0, 1.0, 1.0, 1.0, 1.0, 1.0, 1.0, 1.0, 1.0, 1.0, 1.0, 1.0, 1.0, 1.0, 1.0, 1.0, 1.0, 1.0, 1.0, 1.0, 1.0, 1.0, 1.0, 1.0, 1.0, 1.0, 1.0, 1.0, 1.0, 1.0, 1.0, 1.0, 1.0, 1.0, 1.0, 1.0, 1.0, 1.0, 1.0, 1.0, 1.0, 1.0, 1.0, 1.0, 1.0, 1.0, 1.0, 1.0, 1.0, 1.0, 1.0, 1.0, 1.0, 1.0, 1.0, 1.0, 1.0, 1.0, 1.0, 1.0, 1.0, 1.0, 1.0, 1.0, 1.0, 1.0, 1.0, 1.0, 1.0, 1.0, 1.0, 1.0, 1.0, 1.0, 1.0, 1.0, 1.0, 1.0, 1.0, 1.0, 1.0, 1.0, 1.0, 1.0, 1.0, 1.0, 1.0, 1.0, 1.0, 1.0, 1.0, 1.0, 1.0, 1.0, 1.0, 1.0, 1.0, 1.0, 1.0, 1.0, 1.0, 1.0, 1.0, 1.0, 1.0, 1.0, 1.0, 1.0, 1.0, 1.0, 1.0, 1.0, 1.0, 1.0, 1.0, 1.0, 1.0, 1.0, 1.0, 1.0, 1.0, 1.0, 1.0, 1.0, 1.0, 1.0, 1.0, 1.0, 1.0, 1.0, 1.0, 1.0, 1.0, 1.0, 1.0, 1.0, 1.0, 1.0, 1.0, 1.0, 1.0, 1.0, 1.0, 1.0, 1.0, 1.0, 1.0, 1.0, 1.0, 1.0, 1.0, 1.0, 1.0, 1.0, 1.0, 1.0, 1.0, 1.0, 1.0, 1.0, 1.0, 1.0, 1.0, 1.0, 1.0, 1.0, 1.0, 1.0, 1.0, 1.0, 1.0, 1.0, 1.0, 1.0, 1.0, 1.0, 1.0, 1.0, 1.0, 1.0, 1.0, 1.0, 1.0, 1.0, 1.0, 1.0, 1.0, 1.0, 1.0, 1.0, 1.0, 1.0, 1.0, 1.0, 1.0, 1.0, 1.0, 1.0, 1.0, 1.0, 1.0, 1.0, 1.0, 1.0, 1.0, 1.0, 1.0, 1.0, 1.0, 1.0, 1.0, 1.0, 1.0, 1.0, 1.0, 1.0, 1.0, 1.0, 1.0, 1.0, 1.0, 1.0, 1.0, 1.0, 1.0, 1.0, 1.0, 1.0, 1.0, 1.0, 1.0, 1.0, 1.0, 1.0, 1.0, 1.0, 1.0, 1.0, 1.0, 1.0, 1.0, 1.0, 1.0, 1.0, 1.0, 1.0, 1.0, 1.0, 1.0, 1.0, 1.0, 1.0, 1.0, 1.0, 1.0, 1.0, 1.0, 1.0, 1.0, 1.0, 1.0, 1.0, 1.0, 1.0, 1.0, 1.0, 1.0, 1.0, 1.0, 1.0, 1.0, 1.0, 1.0, 1.0, 1.0, 1.0, 1.0, 1.0, 1.0, 1.0, 1.0, 1.0, 1.0, 1.0, 1.0, 1.0, 1.0, 1.0]
valid_accuracy_list: [0.316, 0.316, 0.072, 0.058, 0.114, 0.114, 0.114, 0.114, 0.114, 0.14, 0.122, 0.114, 0.162, 0.162, 0.162, 0.156, 0.156, 0.156, 0.158, 0.072, 0.08, 0.15, 0.122, 0.122, 0.126, 0.26, 0.33, 0.366, 0.406, 0.186, 0.396, 0.35, 0.262, 0.314, 0.4, 0.406, 0.346, 0.336, 0.45, 0.442, 0.486, 0.484, 0.508, 0.506, 0.486, 0.49, 0.486, 0.506, 0.468, 0.496, 0.468, 0.43, 0.512, 0.516, 0.516, 0.436, 0.388, 0.37, 0.34, 0.434, 0.386, 0.434, 0.528, 0.636, 0.634, 0.574, 0.6, 0.626, 0.604, 0.584, 0.586, 0.606, 0.63, 0.642, 0.626, 0.62, 0.616, 0.604, 0.598, 0.59, 0.594, 0.604, 0.614, 0.626, 0.62, 0.62, 0.612, 0.604, 0.608, 0.618, 0.62, 0.624, 0.63, 0.632, 0.632, 0.63, 0.632, 0.636, 0.63, 0.628, 0.63, 0.63, 0.636, 0.636, 0.636, 0.626, 0.626, 0.618, 0.62, 0.618, 0.626, 0.626, 0.628, 0.628, 0.62, 0.622, 0.622, 0.626, 0.624, 0.626, 0.63, 0.632, 0.632, 0.636, 0.638, 0.636, 0.632, 0.634, 0.63, 0.63, 0.634, 0.632, 0.63, 0.632, 0.63, 0.63, 0.63, 0.63, 0.63, 0.63, 0.63, 0.63, 0.63, 0.63, 0.632, 0.632, 0.634, 0.63, 0.63, 0.63, 0.63, 0.63, 0.628, 0.628, 0.626, 0.626, 0.626, 0.626, 0.628, 0.628, 0.626, 0.626, 0.626, 0.626, 0.626, 0.626, 0.628, 0.63, 0.63, 0.63, 0.63, 0.632, 0.632, 0.63, 0.63, 0.63, 0.63, 0.628, 0.628, 0.628, 0.628, 0.628, 0.628, 0.628, 0.626, 0.628, 0.628, 0.628, 0.628, 0.628, 0.628, 0.628, 0.632, 0.632, 0.632, 0.636, 0.636, 0.634, 0.636, 0.636, 0.634, 0.634, 0.634, 0.632, 0.632, 0.632, 0.634, 0.634, 0.632, 0.63, 0.628, 0.628, 0.628, 0.628, 0.628, 0.628, 0.628, 0.628, 0.628, 0.626, 0.626, 0.626, 0.626, 0.622, 0.62, 0.62, 0.62, 0.62, 0.62, 0.62, 0.62, 0.62, 0.62, 0.618, 0.618, 0.62, 0.62, 0.62, 0.62, 0.62, 0.62, 0.62, 0.62, 0.62, 0.62, 0.62, 0.62, 0.62, 0.62, 0.62, 0.62, 0.62, 0.62, 0.62, 0.62, 0.62, 0.62, 0.62, 0.62, 0.62, 0.62, 0.62, 0.62, 0.62, 0.62, 0.62, 0.62, 0.62, 0.62, 0.62, 0.62, 0.62, 0.622, 0.622, 0.622, 0.622, 0.622, 0.62, 0.62, 0.62, 0.62, 0.622, 0.622, 0.622, 0.622, 0.622, 0.622, 0.622, 0.622, 0.622, 0.622, 0.622, 0.622, 0.62, 0.62, 0.62, 0.62, 0.62, 0.62, 0.62, 0.622, 0.62, 0.62, 0.62, 0.62, 0.62, 0.62, 0.62, 0.62, 0.62, 0.62, 0.62, 0.62, 0.62, 0.62, 0.62, 0.62, 0.62, 0.62, 0.62, 0.62, 0.62, 0.62, 0.62, 0.62, 0.62, 0.62, 0.62, 0.62, 0.62, 0.62, 0.62, 0.62, 0.62, 0.62, 0.62, 0.62, 0.62, 0.62, 0.62, 0.62, 0.62, 0.62, 0.62, 0.62, 0.62, 0.62, 0.618, 0.618, 0.618, 0.618, 0.618, 0.616, 0.618, 0.618, 0.618, 0.62, 0.622, 0.624, 0.626, 0.626, 0.628, 0.628, 0.626, 0.626, 0.626, 0.624, 0.622, 0.62, 0.622, 0.622, 0.62, 0.62, 0.62, 0.62, 0.624, 0.626, 0.626, 0.626, 0.626, 0.626, 0.626, 0.624, 0.624, 0.626, 0.622, 0.618, 0.618, 0.62, 0.622, 0.622, 0.624, 0.624, 0.624, 0.624, 0.626, 0.628, 0.626, 0.624]
test_accuracy_list: [0.319, 0.319, 0.091, 0.064, 0.104, 0.104, 0.104, 0.103, 0.103, 0.151, 0.13, 0.103, 0.149, 0.148, 0.148, 0.15, 0.144, 0.144, 0.144, 0.092, 0.097, 0.183, 0.13, 0.13, 0.146, 0.311, 0.373, 0.397, 0.419, 0.192, 0.42, 0.378, 0.266, 0.31, 0.398, 0.42, 0.34, 0.324, 0.45, 0.51, 0.525, 0.476, 0.528, 0.53, 0.497, 0.515, 0.532, 0.527, 0.529, 0.495, 0.515, 0.513, 0.529, 0.576, 0.566, 0.423, 0.428, 0.348, 0.332, 0.413, 0.425, 0.494, 0.602, 0.656, 0.646, 0.588, 0.601, 0.638, 0.63, 0.625, 0.635, 0.646, 0.651, 0.631, 0.619, 0.633, 0.641, 0.638, 0.629, 0.627, 0.631, 0.633, 0.639, 0.646, 0.649, 0.653, 0.651, 0.66, 0.668, 0.673, 0.671, 0.678, 0.672, 0.681, 0.682, 0.68, 0.685, 0.687, 0.68, 0.679, 0.675, 0.675, 0.674, 0.668, 0.671, 0.667, 0.663, 0.66, 0.654, 0.649, 0.646, 0.642, 0.642, 0.64, 0.641, 0.645, 0.647, 0.647, 0.646, 0.647, 0.65, 0.648, 0.652, 0.652, 0.653, 0.654, 0.655, 0.66, 0.657, 0.657, 0.657, 0.658, 0.653, 0.651, 0.65, 0.65, 0.65, 0.651, 0.652, 0.655, 0.654, 0.654, 0.655, 0.653, 0.652, 0.651, 0.65, 0.649, 0.648, 0.647, 0.646, 0.646, 0.645, 0.643, 0.643, 0.644, 0.645, 0.644, 0.644, 0.643, 0.641, 0.642, 0.642, 0.643, 0.643, 0.643, 0.642, 0.642, 0.644, 0.642, 0.643, 0.644, 0.645, 0.645, 0.644, 0.644, 0.642, 0.642, 0.642, 0.643, 0.642, 0.642, 0.642, 0.641, 0.641, 0.643, 0.643, 0.644, 0.644, 0.644, 0.644, 0.645, 0.645, 0.646, 0.648, 0.647, 0.648, 0.65, 0.651, 0.653, 0.651, 0.653, 0.652, 0.652, 0.653, 0.652, 0.649, 0.653, 0.653, 0.652, 0.649, 0.65, 0.651, 0.652, 0.652, 0.652, 0.653, 0.651, 0.651, 0.651, 0.649, 0.648, 0.649, 0.65, 0.651, 0.651, 0.651, 0.65, 0.648, 0.648, 0.648, 0.647, 0.648, 0.649, 0.649, 0.649, 0.649, 0.649, 0.648, 0.648, 0.647, 0.647, 0.647, 0.649, 0.649, 0.649, 0.649, 0.648, 0.648, 0.648, 0.648, 0.648, 0.648, 0.647, 0.647, 0.647, 0.648, 0.648, 0.648, 0.648, 0.647, 0.647, 0.647, 0.647, 0.647, 0.647, 0.647, 0.648, 0.648, 0.648, 0.647, 0.647, 0.647, 0.647, 0.647, 0.649, 0.65, 0.65, 0.65, 0.65, 0.649, 0.648, 0.647, 0.647, 0.647, 0.647, 0.647, 0.647, 0.647, 0.648, 0.648, 0.65, 0.65, 0.65, 0.65, 0.65, 0.65, 0.65, 0.65, 0.651, 0.651, 0.651, 0.651, 0.651, 0.65, 0.651, 0.651, 0.651, 0.651, 0.652, 0.652, 0.652, 0.652, 0.652, 0.651, 0.651, 0.651, 0.651, 0.651, 0.651, 0.651, 0.651, 0.651, 0.651, 0.651, 0.651, 0.651, 0.651, 0.651, 0.651, 0.651, 0.652, 0.652, 0.653, 0.653, 0.652, 0.652, 0.652, 0.652, 0.651, 0.651, 0.651, 0.651, 0.651, 0.651, 0.651, 0.65, 0.65, 0.65, 0.65, 0.65, 0.65, 0.65, 0.65, 0.65, 0.651, 0.652, 0.653, 0.653, 0.654, 0.654, 0.655, 0.654, 0.654, 0.654, 0.651, 0.65, 0.649, 0.65, 0.651, 0.651, 0.651, 0.652, 0.652, 0.651, 0.651, 0.654, 0.653, 0.653, 0.653, 0.653, 0.652, 0.653, 0.653, 0.652, 0.651, 0.65, 0.649, 0.647, 0.649, 0.651, 0.653, 0.654, 0.655, 0.656, 0.655, 0.656, 0.655, 0.655]
best validation: 0.642
best test: 0.687
End abalation study
