/Users/yifanguan/gnn_research/GraphLearning/venv/bin/python main.py --mp_width
Begin abalation study
num distinct structures: 2365
Experiment run 0
dataset: Cora
num_mp_layers: 3
num_fl_layers: 2
mp_hidden_dim: 250
fl_hidden_dim: 512
epsilon: 1.118033988749895
optimizer_lr: 0.01
loss_func: CrossEntropyLoss
total_epoch: 400
Epoch: 50, Loss: 1.8527, Train: 49.29%, Valid: 25.40%, Test: 23.30%, Best Valid: 32.60%, Best Test: 34.50%
Epoch: 100, Loss: 0.8162, Train: 81.43%, Valid: 51.60%, Test: 52.70%, Best Valid: 51.60%, Best Test: 52.70%
Epoch: 150, Loss: 0.0690, Train: 100.00%, Valid: 53.20%, Test: 55.80%, Best Valid: 54.60%, Best Test: 56.00%
Epoch: 200, Loss: 0.0116, Train: 100.00%, Valid: 52.20%, Test: 56.40%, Best Valid: 54.60%, Best Test: 56.60%
Epoch: 250, Loss: 0.0050, Train: 100.00%, Valid: 52.60%, Test: 57.10%, Best Valid: 54.60%, Best Test: 57.10%
Epoch: 300, Loss: 0.0030, Train: 100.00%, Valid: 52.60%, Test: 56.90%, Best Valid: 54.60%, Best Test: 57.10%
Epoch: 350, Loss: 0.0020, Train: 100.00%, Valid: 52.40%, Test: 57.00%, Best Valid: 54.60%, Best Test: 57.10%
train_accuracy_list: [0.14285714285714285, 0.14285714285714285, 0.14285714285714285, 0.14285714285714285, 0.14285714285714285, 0.14285714285714285, 0.14285714285714285, 0.14285714285714285, 0.14285714285714285, 0.14285714285714285, 0.14285714285714285, 0.14285714285714285, 0.14285714285714285, 0.14285714285714285, 0.15714285714285714, 0.16428571428571428, 0.14285714285714285, 0.15, 0.14285714285714285, 0.14285714285714285, 0.14285714285714285, 0.14285714285714285, 0.14285714285714285, 0.14285714285714285, 0.15, 0.2714285714285714, 0.21428571428571427, 0.18571428571428572, 0.17857142857142858, 0.18571428571428572, 0.19285714285714287, 0.18571428571428572, 0.18571428571428572, 0.21428571428571427, 0.3357142857142857, 0.29285714285714287, 0.3142857142857143, 0.30714285714285716, 0.20714285714285716, 0.17857142857142858, 0.17857142857142858, 0.22857142857142856, 0.32857142857142857, 0.29285714285714287, 0.2642857142857143, 0.3357142857142857, 0.4142857142857143, 0.4857142857142857, 0.5357142857142857, 0.4928571428571429, 0.4857142857142857, 0.4928571428571429, 0.4714285714285714, 0.5, 0.5714285714285714, 0.6214285714285714, 0.6142857142857143, 0.5928571428571429, 0.5785714285714286, 0.5428571428571428, 0.5071428571428571, 0.5142857142857142, 0.5142857142857142, 0.5, 0.5214285714285715, 0.55, 0.5714285714285714, 0.5857142857142857, 0.5714285714285714, 0.5785714285714286, 0.5857142857142857, 0.5714285714285714, 0.5642857142857143, 0.5642857142857143, 0.5642857142857143, 0.5785714285714286, 0.5857142857142857, 0.6071428571428571, 0.6142857142857143, 0.6214285714285714, 0.6285714285714286, 0.6428571428571429, 0.6357142857142857, 0.65, 0.6428571428571429, 0.6571428571428571, 0.6642857142857143, 0.6785714285714286, 0.7071428571428572, 0.7, 0.7214285714285714, 0.7357142857142858, 0.7714285714285715, 0.7285714285714285, 0.7571428571428571, 0.75, 0.8, 0.7928571428571428, 0.7642857142857142, 0.8142857142857143, 0.8071428571428572, 0.7928571428571428, 0.8214285714285714, 0.8357142857142857, 0.8214285714285714, 0.8428571428571429, 0.85, 0.8285714285714286, 0.8571428571428571, 0.8714285714285714, 0.8642857142857143, 0.8714285714285714, 0.8714285714285714, 0.8857142857142857, 0.8857142857142857, 0.8857142857142857, 0.9071428571428571, 0.9214285714285714, 0.9285714285714286, 0.9214285714285714, 0.9357142857142857, 0.9428571428571428, 0.9214285714285714, 0.9428571428571428, 0.9428571428571428, 0.9428571428571428, 0.95, 0.95, 0.95, 0.9642857142857143, 0.9642857142857143, 0.9642857142857143, 0.9714285714285714, 0.9714285714285714, 0.9714285714285714, 0.9714285714285714, 0.9714285714285714, 0.9714285714285714, 0.9785714285714285, 0.9785714285714285, 0.9785714285714285, 0.9785714285714285, 0.9928571428571429, 0.9928571428571429, 1.0, 1.0, 1.0, 1.0, 1.0, 1.0, 1.0, 1.0, 1.0, 1.0, 1.0, 1.0, 1.0, 1.0, 1.0, 1.0, 1.0, 1.0, 1.0, 1.0, 1.0, 1.0, 1.0, 1.0, 1.0, 1.0, 1.0, 1.0, 1.0, 1.0, 1.0, 1.0, 1.0, 1.0, 1.0, 1.0, 1.0, 1.0, 1.0, 1.0, 1.0, 1.0, 1.0, 1.0, 1.0, 1.0, 1.0, 1.0, 1.0, 1.0, 1.0, 1.0, 1.0, 1.0, 1.0, 1.0, 1.0, 1.0, 1.0, 1.0, 1.0, 1.0, 1.0, 1.0, 1.0, 1.0, 1.0, 1.0, 1.0, 1.0, 1.0, 1.0, 1.0, 1.0, 1.0, 1.0, 1.0, 1.0, 1.0, 1.0, 1.0, 1.0, 1.0, 1.0, 1.0, 1.0, 1.0, 1.0, 1.0, 1.0, 1.0, 1.0, 1.0, 1.0, 1.0, 1.0, 1.0, 1.0, 1.0, 1.0, 1.0, 1.0, 1.0, 1.0, 1.0, 1.0, 1.0, 1.0, 1.0, 1.0, 1.0, 1.0, 1.0, 1.0, 1.0, 1.0, 1.0, 1.0, 1.0, 1.0, 1.0, 1.0, 1.0, 1.0, 1.0, 1.0, 1.0, 1.0, 1.0, 1.0, 1.0, 1.0, 1.0, 1.0, 1.0, 1.0, 1.0, 1.0, 1.0, 1.0, 1.0, 1.0, 1.0, 1.0, 1.0, 1.0, 1.0, 1.0, 1.0, 1.0, 1.0, 1.0, 1.0, 1.0, 1.0, 1.0, 1.0, 1.0, 1.0, 1.0, 1.0, 1.0, 1.0, 1.0, 1.0, 1.0, 1.0, 1.0, 1.0, 1.0, 1.0, 1.0, 1.0, 1.0, 1.0, 1.0, 1.0, 1.0, 1.0, 1.0, 1.0, 1.0, 1.0, 1.0, 1.0, 1.0, 1.0, 1.0, 1.0, 1.0, 1.0, 1.0, 1.0, 1.0, 1.0, 1.0, 1.0, 1.0, 1.0, 1.0, 1.0, 1.0, 1.0, 1.0, 1.0, 1.0, 1.0, 1.0, 1.0, 1.0, 1.0, 1.0, 1.0, 1.0, 1.0, 1.0, 1.0, 1.0, 1.0, 1.0, 1.0, 1.0, 1.0, 1.0, 1.0, 1.0, 1.0, 1.0, 1.0, 1.0, 1.0, 1.0, 1.0, 1.0, 1.0, 1.0, 1.0, 1.0, 1.0, 1.0, 1.0, 1.0, 1.0, 1.0, 1.0, 1.0, 1.0, 1.0, 1.0, 1.0, 1.0, 1.0, 1.0, 1.0, 1.0]
valid_accuracy_list: [0.316, 0.316, 0.316, 0.122, 0.162, 0.156, 0.122, 0.058, 0.162, 0.316, 0.072, 0.156, 0.122, 0.122, 0.06, 0.142, 0.316, 0.314, 0.162, 0.162, 0.162, 0.162, 0.162, 0.162, 0.162, 0.282, 0.172, 0.164, 0.164, 0.164, 0.164, 0.166, 0.176, 0.186, 0.236, 0.15, 0.17, 0.326, 0.312, 0.316, 0.314, 0.322, 0.322, 0.208, 0.208, 0.218, 0.238, 0.244, 0.268, 0.254, 0.248, 0.244, 0.246, 0.26, 0.292, 0.328, 0.342, 0.296, 0.268, 0.232, 0.23, 0.224, 0.224, 0.238, 0.262, 0.272, 0.262, 0.272, 0.284, 0.292, 0.298, 0.302, 0.3, 0.31, 0.304, 0.306, 0.312, 0.334, 0.344, 0.37, 0.392, 0.404, 0.412, 0.41, 0.426, 0.422, 0.43, 0.442, 0.46, 0.472, 0.466, 0.482, 0.494, 0.486, 0.494, 0.47, 0.514, 0.506, 0.492, 0.516, 0.518, 0.502, 0.528, 0.52, 0.518, 0.532, 0.536, 0.514, 0.528, 0.534, 0.528, 0.528, 0.536, 0.53, 0.52, 0.528, 0.53, 0.526, 0.522, 0.524, 0.524, 0.526, 0.524, 0.524, 0.528, 0.524, 0.528, 0.53, 0.53, 0.53, 0.534, 0.534, 0.538, 0.538, 0.54, 0.54, 0.546, 0.542, 0.54, 0.538, 0.538, 0.536, 0.53, 0.532, 0.53, 0.532, 0.528, 0.532, 0.534, 0.532, 0.53, 0.534, 0.526, 0.526, 0.528, 0.528, 0.528, 0.528, 0.53, 0.524, 0.524, 0.528, 0.528, 0.528, 0.528, 0.528, 0.528, 0.526, 0.528, 0.522, 0.522, 0.522, 0.52, 0.52, 0.52, 0.522, 0.52, 0.52, 0.52, 0.52, 0.52, 0.52, 0.52, 0.522, 0.524, 0.524, 0.524, 0.524, 0.524, 0.524, 0.524, 0.524, 0.524, 0.524, 0.524, 0.522, 0.522, 0.524, 0.524, 0.522, 0.522, 0.524, 0.526, 0.526, 0.526, 0.524, 0.524, 0.524, 0.524, 0.524, 0.524, 0.526, 0.526, 0.526, 0.526, 0.526, 0.528, 0.526, 0.526, 0.528, 0.528, 0.528, 0.528, 0.528, 0.528, 0.528, 0.528, 0.528, 0.528, 0.528, 0.528, 0.528, 0.528, 0.528, 0.528, 0.528, 0.528, 0.528, 0.528, 0.528, 0.528, 0.528, 0.528, 0.528, 0.528, 0.528, 0.528, 0.528, 0.528, 0.526, 0.526, 0.524, 0.524, 0.524, 0.524, 0.524, 0.524, 0.524, 0.524, 0.524, 0.524, 0.524, 0.522, 0.522, 0.522, 0.522, 0.522, 0.522, 0.522, 0.524, 0.522, 0.522, 0.522, 0.522, 0.524, 0.524, 0.524, 0.524, 0.524, 0.524, 0.522, 0.522, 0.524, 0.524, 0.524, 0.524, 0.524, 0.524, 0.524, 0.524, 0.524, 0.524, 0.524, 0.524, 0.524, 0.524, 0.524, 0.524, 0.524, 0.526, 0.526, 0.524, 0.522, 0.522, 0.522, 0.522, 0.522, 0.522, 0.522, 0.524, 0.524, 0.524, 0.524, 0.524, 0.524, 0.524, 0.524, 0.524, 0.524, 0.524, 0.524, 0.524, 0.524, 0.524, 0.524, 0.524, 0.524, 0.524, 0.524, 0.524, 0.524, 0.524, 0.524, 0.524, 0.524, 0.524, 0.524, 0.524, 0.524, 0.524, 0.524, 0.524, 0.524, 0.524, 0.524, 0.524, 0.524, 0.524, 0.524, 0.524, 0.524, 0.524, 0.524, 0.524, 0.524, 0.524, 0.524, 0.524, 0.524, 0.524, 0.524, 0.524, 0.524, 0.524, 0.524, 0.524, 0.524, 0.524, 0.524, 0.524, 0.524, 0.524, 0.524, 0.524, 0.524, 0.524, 0.524, 0.524, 0.524, 0.524, 0.524, 0.524, 0.524, 0.524, 0.524, 0.524, 0.524, 0.524, 0.524, 0.524, 0.524, 0.524, 0.524, 0.524, 0.524, 0.524, 0.524, 0.524, 0.524]
test_accuracy_list: [0.319, 0.319, 0.319, 0.13, 0.149, 0.144, 0.13, 0.064, 0.149, 0.319, 0.091, 0.144, 0.13, 0.13, 0.064, 0.134, 0.319, 0.319, 0.149, 0.149, 0.149, 0.149, 0.149, 0.149, 0.149, 0.249, 0.156, 0.153, 0.15, 0.156, 0.156, 0.157, 0.157, 0.166, 0.207, 0.147, 0.163, 0.34, 0.325, 0.318, 0.32, 0.325, 0.345, 0.195, 0.19, 0.198, 0.209, 0.231, 0.248, 0.233, 0.236, 0.227, 0.23, 0.247, 0.296, 0.362, 0.353, 0.32, 0.293, 0.239, 0.219, 0.206, 0.215, 0.222, 0.234, 0.252, 0.266, 0.276, 0.283, 0.283, 0.277, 0.289, 0.29, 0.291, 0.284, 0.28, 0.289, 0.304, 0.327, 0.342, 0.347, 0.358, 0.377, 0.391, 0.401, 0.413, 0.423, 0.444, 0.45, 0.456, 0.458, 0.47, 0.478, 0.491, 0.495, 0.495, 0.509, 0.507, 0.506, 0.527, 0.534, 0.517, 0.538, 0.54, 0.534, 0.54, 0.549, 0.54, 0.547, 0.556, 0.545, 0.56, 0.555, 0.543, 0.556, 0.556, 0.545, 0.551, 0.547, 0.537, 0.542, 0.541, 0.541, 0.548, 0.542, 0.544, 0.555, 0.546, 0.545, 0.555, 0.546, 0.55, 0.554, 0.555, 0.554, 0.554, 0.555, 0.555, 0.551, 0.556, 0.551, 0.55, 0.557, 0.555, 0.553, 0.555, 0.557, 0.554, 0.554, 0.558, 0.555, 0.557, 0.554, 0.557, 0.558, 0.559, 0.559, 0.559, 0.558, 0.559, 0.557, 0.56, 0.559, 0.559, 0.559, 0.56, 0.559, 0.563, 0.565, 0.564, 0.562, 0.559, 0.56, 0.561, 0.562, 0.56, 0.56, 0.56, 0.561, 0.561, 0.561, 0.562, 0.562, 0.561, 0.562, 0.562, 0.563, 0.564, 0.565, 0.565, 0.564, 0.564, 0.564, 0.565, 0.565, 0.564, 0.565, 0.566, 0.564, 0.564, 0.565, 0.567, 0.567, 0.569, 0.568, 0.57, 0.569, 0.568, 0.567, 0.567, 0.567, 0.567, 0.568, 0.568, 0.568, 0.569, 0.569, 0.568, 0.569, 0.569, 0.568, 0.568, 0.568, 0.568, 0.569, 0.569, 0.569, 0.569, 0.568, 0.568, 0.569, 0.569, 0.57, 0.57, 0.57, 0.57, 0.571, 0.57, 0.569, 0.569, 0.57, 0.57, 0.571, 0.571, 0.571, 0.571, 0.571, 0.571, 0.571, 0.571, 0.571, 0.571, 0.571, 0.571, 0.571, 0.571, 0.571, 0.57, 0.57, 0.57, 0.57, 0.57, 0.57, 0.57, 0.57, 0.57, 0.569, 0.569, 0.569, 0.568, 0.568, 0.568, 0.568, 0.568, 0.568, 0.568, 0.569, 0.57, 0.569, 0.568, 0.568, 0.568, 0.569, 0.569, 0.569, 0.569, 0.569, 0.569, 0.569, 0.569, 0.569, 0.569, 0.569, 0.569, 0.569, 0.569, 0.569, 0.569, 0.569, 0.569, 0.569, 0.569, 0.569, 0.571, 0.571, 0.571, 0.571, 0.571, 0.571, 0.571, 0.571, 0.571, 0.571, 0.571, 0.571, 0.571, 0.571, 0.571, 0.571, 0.571, 0.571, 0.571, 0.571, 0.571, 0.571, 0.571, 0.571, 0.571, 0.571, 0.571, 0.571, 0.571, 0.571, 0.571, 0.571, 0.571, 0.571, 0.571, 0.571, 0.571, 0.57, 0.57, 0.57, 0.57, 0.57, 0.57, 0.571, 0.571, 0.571, 0.57, 0.57, 0.57, 0.57, 0.571, 0.571, 0.571, 0.571, 0.571, 0.571, 0.571, 0.572, 0.572, 0.572, 0.572, 0.572, 0.572, 0.572, 0.572, 0.572, 0.572, 0.572, 0.572, 0.572, 0.572, 0.572, 0.572, 0.572, 0.572, 0.572, 0.572, 0.572, 0.572, 0.571, 0.571, 0.571, 0.571, 0.57, 0.57, 0.57, 0.57, 0.57, 0.57, 0.57, 0.57, 0.57, 0.57, 0.57, 0.57, 0.57]
best validation: 0.546
best test: 0.572
num distinct structures: 2365
Experiment run 1
dataset: Cora
num_mp_layers: 3
num_fl_layers: 2
mp_hidden_dim: 500
fl_hidden_dim: 512
epsilon: 1.118033988749895
optimizer_lr: 0.01
loss_func: CrossEntropyLoss
total_epoch: 400
Epoch: 50, Loss: 1.8264, Train: 48.57%, Valid: 39.20%, Test: 37.00%, Best Valid: 39.20%, Best Test: 37.00%
Epoch: 100, Loss: 0.7859, Train: 84.29%, Valid: 56.20%, Test: 51.70%, Best Valid: 56.20%, Best Test: 51.80%
Epoch: 150, Loss: 0.0644, Train: 100.00%, Valid: 60.20%, Test: 62.20%, Best Valid: 61.60%, Best Test: 62.20%
Epoch: 200, Loss: 0.0129, Train: 100.00%, Valid: 62.20%, Test: 63.00%, Best Valid: 62.40%, Best Test: 63.20%
Epoch: 250, Loss: 0.0057, Train: 100.00%, Valid: 60.60%, Test: 63.20%, Best Valid: 62.40%, Best Test: 63.30%
Epoch: 300, Loss: 0.0033, Train: 100.00%, Valid: 61.20%, Test: 63.10%, Best Valid: 62.40%, Best Test: 63.30%
Epoch: 350, Loss: 0.0022, Train: 100.00%, Valid: 61.60%, Test: 63.20%, Best Valid: 62.40%, Best Test: 63.30%
train_accuracy_list: [0.14285714285714285, 0.14285714285714285, 0.14285714285714285, 0.14285714285714285, 0.14285714285714285, 0.14285714285714285, 0.14285714285714285, 0.14285714285714285, 0.14285714285714285, 0.14285714285714285, 0.14285714285714285, 0.14285714285714285, 0.14285714285714285, 0.14285714285714285, 0.14285714285714285, 0.2571428571428571, 0.22857142857142856, 0.20714285714285716, 0.17857142857142858, 0.15714285714285714, 0.15, 0.15, 0.15, 0.15, 0.15, 0.15714285714285714, 0.15714285714285714, 0.2571428571428571, 0.18571428571428572, 0.14285714285714285, 0.17142857142857143, 0.2, 0.2714285714285714, 0.20714285714285716, 0.18571428571428572, 0.18571428571428572, 0.18571428571428572, 0.24285714285714285, 0.40714285714285714, 0.32142857142857145, 0.2785714285714286, 0.29285714285714287, 0.32142857142857145, 0.37857142857142856, 0.4, 0.4, 0.42857142857142855, 0.44285714285714284, 0.44285714285714284, 0.4857142857142857, 0.5571428571428572, 0.55, 0.5642857142857143, 0.6071428571428571, 0.6, 0.6428571428571429, 0.6142857142857143, 0.5642857142857143, 0.6, 0.6785714285714286, 0.75, 0.7642857142857142, 0.75, 0.75, 0.7642857142857142, 0.7857142857142857, 0.7642857142857142, 0.7428571428571429, 0.7214285714285714, 0.7142857142857143, 0.7214285714285714, 0.75, 0.7571428571428571, 0.7642857142857142, 0.7642857142857142, 0.7428571428571429, 0.7428571428571429, 0.7571428571428571, 0.7357142857142858, 0.7285714285714285, 0.75, 0.7571428571428571, 0.75, 0.7642857142857142, 0.7642857142857142, 0.75, 0.7571428571428571, 0.7857142857142857, 0.7857142857142857, 0.8071428571428572, 0.8071428571428572, 0.8, 0.7928571428571428, 0.8, 0.7928571428571428, 0.8142857142857143, 0.8214285714285714, 0.8214285714285714, 0.8428571428571429, 0.8428571428571429, 0.8428571428571429, 0.8714285714285714, 0.8857142857142857, 0.8785714285714286, 0.8857142857142857, 0.8857142857142857, 0.8928571428571429, 0.8857142857142857, 0.9071428571428571, 0.8928571428571429, 0.9, 0.8928571428571429, 0.9142857142857143, 0.9071428571428571, 0.9214285714285714, 0.9214285714285714, 0.9285714285714286, 0.9285714285714286, 0.9285714285714286, 0.9285714285714286, 0.9428571428571428, 0.9571428571428572, 0.9357142857142857, 0.9571428571428572, 0.9571428571428572, 0.9642857142857143, 0.9571428571428572, 0.9642857142857143, 0.9642857142857143, 0.9642857142857143, 0.9642857142857143, 0.9714285714285714, 0.9928571428571429, 0.9785714285714285, 0.9928571428571429, 0.9928571428571429, 1.0, 1.0, 1.0, 1.0, 1.0, 1.0, 1.0, 1.0, 1.0, 1.0, 1.0, 1.0, 1.0, 1.0, 1.0, 1.0, 1.0, 1.0, 1.0, 1.0, 1.0, 1.0, 1.0, 1.0, 1.0, 1.0, 1.0, 1.0, 1.0, 1.0, 1.0, 1.0, 1.0, 1.0, 1.0, 1.0, 1.0, 1.0, 1.0, 1.0, 1.0, 1.0, 1.0, 1.0, 1.0, 1.0, 1.0, 1.0, 1.0, 1.0, 1.0, 1.0, 1.0, 1.0, 1.0, 1.0, 1.0, 1.0, 1.0, 1.0, 1.0, 1.0, 1.0, 1.0, 1.0, 1.0, 1.0, 1.0, 1.0, 1.0, 1.0, 1.0, 1.0, 1.0, 1.0, 1.0, 1.0, 1.0, 1.0, 1.0, 1.0, 1.0, 1.0, 1.0, 1.0, 1.0, 1.0, 1.0, 1.0, 1.0, 1.0, 1.0, 1.0, 1.0, 1.0, 1.0, 1.0, 1.0, 1.0, 1.0, 1.0, 1.0, 1.0, 1.0, 1.0, 1.0, 1.0, 1.0, 1.0, 1.0, 1.0, 1.0, 1.0, 1.0, 1.0, 1.0, 1.0, 1.0, 1.0, 1.0, 1.0, 1.0, 1.0, 1.0, 1.0, 1.0, 1.0, 1.0, 1.0, 1.0, 1.0, 1.0, 1.0, 1.0, 1.0, 1.0, 1.0, 1.0, 1.0, 1.0, 1.0, 1.0, 1.0, 1.0, 1.0, 1.0, 1.0, 1.0, 1.0, 1.0, 1.0, 1.0, 1.0, 1.0, 1.0, 1.0, 1.0, 1.0, 1.0, 1.0, 1.0, 1.0, 1.0, 1.0, 1.0, 1.0, 1.0, 1.0, 1.0, 1.0, 1.0, 1.0, 1.0, 1.0, 1.0, 1.0, 1.0, 1.0, 1.0, 1.0, 1.0, 1.0, 1.0, 1.0, 1.0, 1.0, 1.0, 1.0, 1.0, 1.0, 1.0, 1.0, 1.0, 1.0, 1.0, 1.0, 1.0, 1.0, 1.0, 1.0, 1.0, 1.0, 1.0, 1.0, 1.0, 1.0, 1.0, 1.0, 1.0, 1.0, 1.0, 1.0, 1.0, 1.0, 1.0, 1.0, 1.0, 1.0, 1.0, 1.0, 1.0, 1.0, 1.0, 1.0, 1.0, 1.0, 1.0, 1.0, 1.0, 1.0, 1.0, 1.0, 1.0, 1.0, 1.0, 1.0, 1.0, 1.0, 1.0, 1.0, 1.0, 1.0, 1.0, 1.0, 1.0, 1.0, 1.0, 1.0, 1.0, 1.0, 1.0, 1.0, 1.0, 1.0, 1.0, 1.0, 1.0, 1.0, 1.0, 1.0, 1.0, 1.0, 1.0]
valid_accuracy_list: [0.122, 0.156, 0.156, 0.316, 0.122, 0.072, 0.156, 0.162, 0.058, 0.114, 0.122, 0.072, 0.072, 0.316, 0.316, 0.248, 0.192, 0.176, 0.162, 0.158, 0.158, 0.156, 0.156, 0.156, 0.156, 0.158, 0.16, 0.184, 0.344, 0.316, 0.322, 0.328, 0.172, 0.102, 0.082, 0.076, 0.076, 0.08, 0.152, 0.152, 0.156, 0.176, 0.202, 0.272, 0.288, 0.28, 0.3, 0.358, 0.372, 0.392, 0.36, 0.306, 0.278, 0.292, 0.296, 0.296, 0.266, 0.252, 0.276, 0.362, 0.432, 0.47, 0.496, 0.522, 0.502, 0.47, 0.444, 0.418, 0.396, 0.398, 0.398, 0.44, 0.46, 0.474, 0.482, 0.478, 0.478, 0.494, 0.494, 0.496, 0.496, 0.498, 0.504, 0.518, 0.52, 0.516, 0.52, 0.524, 0.524, 0.516, 0.522, 0.518, 0.524, 0.532, 0.524, 0.542, 0.548, 0.55, 0.552, 0.562, 0.576, 0.576, 0.586, 0.578, 0.582, 0.586, 0.582, 0.6, 0.588, 0.598, 0.588, 0.6, 0.59, 0.6, 0.594, 0.614, 0.606, 0.598, 0.616, 0.598, 0.614, 0.606, 0.608, 0.61, 0.606, 0.61, 0.6, 0.602, 0.608, 0.612, 0.596, 0.594, 0.606, 0.6, 0.596, 0.602, 0.594, 0.6, 0.606, 0.596, 0.598, 0.604, 0.602, 0.604, 0.604, 0.604, 0.596, 0.604, 0.612, 0.602, 0.6, 0.608, 0.606, 0.602, 0.606, 0.612, 0.606, 0.606, 0.612, 0.608, 0.61, 0.61, 0.61, 0.612, 0.61, 0.608, 0.61, 0.61, 0.614, 0.612, 0.612, 0.612, 0.612, 0.614, 0.614, 0.614, 0.614, 0.616, 0.616, 0.616, 0.616, 0.616, 0.616, 0.618, 0.62, 0.62, 0.62, 0.62, 0.622, 0.624, 0.624, 0.624, 0.622, 0.62, 0.624, 0.622, 0.622, 0.622, 0.622, 0.622, 0.622, 0.622, 0.622, 0.622, 0.62, 0.62, 0.62, 0.618, 0.62, 0.62, 0.62, 0.62, 0.618, 0.618, 0.618, 0.618, 0.618, 0.618, 0.618, 0.616, 0.616, 0.616, 0.618, 0.618, 0.618, 0.612, 0.612, 0.612, 0.614, 0.614, 0.612, 0.612, 0.61, 0.61, 0.608, 0.61, 0.608, 0.608, 0.608, 0.608, 0.608, 0.608, 0.608, 0.606, 0.606, 0.606, 0.606, 0.606, 0.606, 0.606, 0.606, 0.606, 0.606, 0.608, 0.608, 0.608, 0.608, 0.608, 0.608, 0.608, 0.608, 0.608, 0.608, 0.608, 0.608, 0.608, 0.608, 0.608, 0.608, 0.608, 0.608, 0.608, 0.608, 0.608, 0.608, 0.61, 0.61, 0.61, 0.61, 0.61, 0.61, 0.61, 0.61, 0.61, 0.61, 0.61, 0.61, 0.61, 0.61, 0.61, 0.61, 0.61, 0.61, 0.61, 0.61, 0.61, 0.61, 0.61, 0.612, 0.612, 0.612, 0.612, 0.612, 0.612, 0.61, 0.614, 0.614, 0.614, 0.614, 0.614, 0.614, 0.614, 0.614, 0.614, 0.614, 0.614, 0.614, 0.614, 0.614, 0.614, 0.614, 0.614, 0.614, 0.614, 0.614, 0.614, 0.614, 0.614, 0.614, 0.614, 0.614, 0.614, 0.614, 0.614, 0.614, 0.614, 0.614, 0.614, 0.614, 0.614, 0.614, 0.614, 0.614, 0.616, 0.614, 0.614, 0.614, 0.614, 0.614, 0.616, 0.616, 0.614, 0.614, 0.614, 0.614, 0.614, 0.614, 0.614, 0.614, 0.614, 0.614, 0.614, 0.614, 0.614, 0.614, 0.618, 0.618, 0.618, 0.616, 0.616, 0.616, 0.618, 0.618, 0.618, 0.618, 0.618, 0.618, 0.618, 0.618, 0.618, 0.618, 0.618, 0.618, 0.618, 0.618, 0.618, 0.618, 0.618, 0.618, 0.618, 0.618, 0.618, 0.618, 0.618, 0.618, 0.618, 0.618, 0.618, 0.618]
test_accuracy_list: [0.13, 0.144, 0.144, 0.319, 0.13, 0.091, 0.144, 0.149, 0.064, 0.103, 0.13, 0.091, 0.091, 0.319, 0.319, 0.214, 0.178, 0.166, 0.156, 0.151, 0.147, 0.147, 0.147, 0.147, 0.147, 0.148, 0.153, 0.168, 0.344, 0.319, 0.32, 0.316, 0.196, 0.121, 0.101, 0.097, 0.097, 0.111, 0.147, 0.13, 0.145, 0.167, 0.195, 0.252, 0.255, 0.234, 0.277, 0.332, 0.358, 0.37, 0.382, 0.313, 0.294, 0.284, 0.29, 0.291, 0.244, 0.234, 0.247, 0.314, 0.385, 0.456, 0.485, 0.482, 0.482, 0.456, 0.413, 0.384, 0.37, 0.377, 0.398, 0.422, 0.457, 0.475, 0.48, 0.48, 0.485, 0.493, 0.481, 0.477, 0.483, 0.489, 0.488, 0.491, 0.501, 0.507, 0.508, 0.503, 0.506, 0.507, 0.513, 0.507, 0.507, 0.508, 0.509, 0.514, 0.518, 0.517, 0.517, 0.517, 0.533, 0.538, 0.547, 0.549, 0.551, 0.553, 0.552, 0.563, 0.56, 0.571, 0.562, 0.585, 0.561, 0.594, 0.569, 0.602, 0.59, 0.587, 0.606, 0.593, 0.601, 0.6, 0.601, 0.607, 0.604, 0.609, 0.611, 0.612, 0.614, 0.617, 0.613, 0.614, 0.617, 0.618, 0.615, 0.615, 0.616, 0.617, 0.617, 0.615, 0.615, 0.615, 0.613, 0.616, 0.615, 0.616, 0.616, 0.619, 0.622, 0.622, 0.623, 0.624, 0.622, 0.623, 0.619, 0.622, 0.616, 0.616, 0.618, 0.617, 0.614, 0.615, 0.618, 0.62, 0.616, 0.618, 0.619, 0.62, 0.619, 0.62, 0.623, 0.623, 0.621, 0.621, 0.621, 0.621, 0.621, 0.622, 0.62, 0.621, 0.622, 0.623, 0.623, 0.622, 0.623, 0.625, 0.623, 0.621, 0.625, 0.627, 0.626, 0.626, 0.626, 0.626, 0.63, 0.632, 0.63, 0.629, 0.63, 0.63, 0.632, 0.633, 0.631, 0.632, 0.633, 0.632, 0.631, 0.631, 0.631, 0.632, 0.632, 0.632, 0.631, 0.63, 0.629, 0.63, 0.63, 0.63, 0.63, 0.628, 0.63, 0.63, 0.631, 0.63, 0.63, 0.63, 0.63, 0.633, 0.632, 0.632, 0.631, 0.63, 0.631, 0.632, 0.632, 0.633, 0.632, 0.632, 0.63, 0.63, 0.631, 0.631, 0.63, 0.63, 0.63, 0.63, 0.631, 0.629, 0.631, 0.632, 0.631, 0.631, 0.63, 0.63, 0.63, 0.631, 0.63, 0.629, 0.629, 0.629, 0.63, 0.631, 0.631, 0.63, 0.63, 0.629, 0.63, 0.629, 0.629, 0.629, 0.628, 0.629, 0.63, 0.63, 0.63, 0.632, 0.631, 0.631, 0.632, 0.632, 0.631, 0.631, 0.631, 0.631, 0.631, 0.631, 0.631, 0.631, 0.631, 0.631, 0.631, 0.631, 0.631, 0.631, 0.631, 0.631, 0.631, 0.631, 0.631, 0.631, 0.631, 0.631, 0.631, 0.631, 0.631, 0.632, 0.632, 0.632, 0.632, 0.632, 0.632, 0.632, 0.631, 0.631, 0.631, 0.631, 0.631, 0.632, 0.632, 0.632, 0.632, 0.632, 0.632, 0.632, 0.632, 0.632, 0.632, 0.632, 0.632, 0.632, 0.632, 0.632, 0.632, 0.632, 0.632, 0.632, 0.632, 0.632, 0.632, 0.632, 0.632, 0.631, 0.631, 0.632, 0.632, 0.632, 0.632, 0.631, 0.631, 0.632, 0.632, 0.632, 0.632, 0.631, 0.631, 0.632, 0.632, 0.632, 0.631, 0.631, 0.631, 0.632, 0.633, 0.633, 0.632, 0.631, 0.631, 0.631, 0.632, 0.632, 0.632, 0.631, 0.631, 0.631, 0.631, 0.631, 0.631, 0.631, 0.631, 0.631, 0.631, 0.631, 0.631, 0.631, 0.631, 0.631, 0.631, 0.631, 0.631, 0.631, 0.631, 0.631, 0.631, 0.631, 0.631, 0.631, 0.631, 0.631, 0.631]
best validation: 0.624
best test: 0.633
num distinct structures: 2365
Experiment run 2
dataset: Cora
num_mp_layers: 3
num_fl_layers: 2
mp_hidden_dim: 750
fl_hidden_dim: 512
epsilon: 1.118033988749895
optimizer_lr: 0.01
loss_func: CrossEntropyLoss
total_epoch: 400
Epoch: 50, Loss: 1.8146, Train: 45.71%, Valid: 17.80%, Test: 17.60%, Best Valid: 37.40%, Best Test: 36.00%
Epoch: 100, Loss: 0.8181, Train: 85.00%, Valid: 57.60%, Test: 61.90%, Best Valid: 57.60%, Best Test: 61.90%
Epoch: 150, Loss: 0.0882, Train: 100.00%, Valid: 64.00%, Test: 64.80%, Best Valid: 64.40%, Best Test: 65.50%
Epoch: 200, Loss: 0.0127, Train: 100.00%, Valid: 63.20%, Test: 64.60%, Best Valid: 64.40%, Best Test: 65.80%
Epoch: 250, Loss: 0.0053, Train: 100.00%, Valid: 62.60%, Test: 64.30%, Best Valid: 64.40%, Best Test: 65.80%
Epoch: 300, Loss: 0.0031, Train: 100.00%, Valid: 61.80%, Test: 63.60%, Best Valid: 64.40%, Best Test: 65.80%
Epoch: 350, Loss: 0.0021, Train: 100.00%, Valid: 62.20%, Test: 63.70%, Best Valid: 64.40%, Best Test: 65.80%
train_accuracy_list: [0.14285714285714285, 0.14285714285714285, 0.14285714285714285, 0.25, 0.14285714285714285, 0.14285714285714285, 0.14285714285714285, 0.14285714285714285, 0.14285714285714285, 0.24285714285714285, 0.14285714285714285, 0.14285714285714285, 0.14285714285714285, 0.14285714285714285, 0.14285714285714285, 0.14285714285714285, 0.15714285714285714, 0.17857142857142858, 0.21428571428571427, 0.14285714285714285, 0.14285714285714285, 0.15, 0.15, 0.17142857142857143, 0.16428571428571428, 0.14285714285714285, 0.15, 0.17142857142857143, 0.32142857142857145, 0.37142857142857144, 0.21428571428571427, 0.15, 0.15, 0.15, 0.15, 0.32142857142857145, 0.2642857142857143, 0.22857142857142856, 0.24285714285714285, 0.24285714285714285, 0.2714285714285714, 0.3, 0.5357142857142857, 0.5071428571428571, 0.4642857142857143, 0.4642857142857143, 0.45714285714285713, 0.45714285714285713, 0.42857142857142855, 0.45714285714285713, 0.6285714285714286, 0.5928571428571429, 0.5428571428571428, 0.5214285714285715, 0.5285714285714286, 0.6642857142857143, 0.7642857142857142, 0.8, 0.7214285714285714, 0.65, 0.6785714285714286, 0.6857142857142857, 0.75, 0.8071428571428572, 0.8071428571428572, 0.7928571428571428, 0.8071428571428572, 0.7928571428571428, 0.8214285714285714, 0.8142857142857143, 0.8071428571428572, 0.8, 0.8, 0.8, 0.8142857142857143, 0.8214285714285714, 0.8285714285714286, 0.8142857142857143, 0.8214285714285714, 0.8214285714285714, 0.8214285714285714, 0.8214285714285714, 0.8214285714285714, 0.8214285714285714, 0.8214285714285714, 0.8285714285714286, 0.8285714285714286, 0.8285714285714286, 0.8285714285714286, 0.8285714285714286, 0.8285714285714286, 0.8357142857142857, 0.8428571428571429, 0.8285714285714286, 0.8285714285714286, 0.8357142857142857, 0.8357142857142857, 0.8428571428571429, 0.8428571428571429, 0.85, 0.8571428571428571, 0.8571428571428571, 0.8642857142857143, 0.8714285714285714, 0.8714285714285714, 0.8714285714285714, 0.8714285714285714, 0.8785714285714286, 0.8714285714285714, 0.8857142857142857, 0.8928571428571429, 0.8928571428571429, 0.8928571428571429, 0.8928571428571429, 0.8928571428571429, 0.8928571428571429, 0.9, 0.9071428571428571, 0.9214285714285714, 0.9357142857142857, 0.9428571428571428, 0.9428571428571428, 0.95, 0.95, 0.9571428571428572, 0.9571428571428572, 0.9571428571428572, 0.9571428571428572, 0.9571428571428572, 0.9571428571428572, 0.9571428571428572, 0.9571428571428572, 0.9571428571428572, 0.9571428571428572, 0.9714285714285714, 0.9714285714285714, 0.9785714285714285, 0.9785714285714285, 0.9785714285714285, 0.9857142857142858, 0.9928571428571429, 0.9928571428571429, 0.9928571428571429, 0.9928571428571429, 0.9928571428571429, 0.9928571428571429, 0.9928571428571429, 1.0, 1.0, 1.0, 1.0, 1.0, 1.0, 1.0, 1.0, 1.0, 1.0, 1.0, 1.0, 1.0, 1.0, 1.0, 1.0, 1.0, 1.0, 1.0, 1.0, 1.0, 1.0, 1.0, 1.0, 1.0, 1.0, 1.0, 1.0, 1.0, 1.0, 1.0, 1.0, 1.0, 1.0, 1.0, 1.0, 1.0, 1.0, 1.0, 1.0, 1.0, 1.0, 1.0, 1.0, 1.0, 1.0, 1.0, 1.0, 1.0, 1.0, 1.0, 1.0, 1.0, 1.0, 1.0, 1.0, 1.0, 1.0, 1.0, 1.0, 1.0, 1.0, 1.0, 1.0, 1.0, 1.0, 1.0, 1.0, 1.0, 1.0, 1.0, 1.0, 1.0, 1.0, 1.0, 1.0, 1.0, 1.0, 1.0, 1.0, 1.0, 1.0, 1.0, 1.0, 1.0, 1.0, 1.0, 1.0, 1.0, 1.0, 1.0, 1.0, 1.0, 1.0, 1.0, 1.0, 1.0, 1.0, 1.0, 1.0, 1.0, 1.0, 1.0, 1.0, 1.0, 1.0, 1.0, 1.0, 1.0, 1.0, 1.0, 1.0, 1.0, 1.0, 1.0, 1.0, 1.0, 1.0, 1.0, 1.0, 1.0, 1.0, 1.0, 1.0, 1.0, 1.0, 1.0, 1.0, 1.0, 1.0, 1.0, 1.0, 1.0, 1.0, 1.0, 1.0, 1.0, 1.0, 1.0, 1.0, 1.0, 1.0, 1.0, 1.0, 1.0, 1.0, 1.0, 1.0, 1.0, 1.0, 1.0, 1.0, 1.0, 1.0, 1.0, 1.0, 1.0, 1.0, 1.0, 1.0, 1.0, 1.0, 1.0, 1.0, 1.0, 1.0, 1.0, 1.0, 1.0, 1.0, 1.0, 1.0, 1.0, 1.0, 1.0, 1.0, 1.0, 1.0, 1.0, 1.0, 1.0, 1.0, 1.0, 1.0, 1.0, 1.0, 1.0, 1.0, 1.0, 1.0, 1.0, 1.0, 1.0, 1.0, 1.0, 1.0, 1.0, 1.0, 1.0, 1.0, 1.0, 1.0, 1.0, 1.0, 1.0, 1.0, 1.0, 1.0, 1.0, 1.0, 1.0, 1.0, 1.0, 1.0, 1.0, 1.0, 1.0, 1.0, 1.0, 1.0, 1.0, 1.0, 1.0, 1.0, 1.0, 1.0, 1.0, 1.0, 1.0, 1.0, 1.0, 1.0, 1.0, 1.0, 1.0, 1.0, 1.0, 1.0, 1.0, 1.0, 1.0, 1.0, 1.0, 1.0, 1.0, 1.0, 1.0, 1.0, 1.0, 1.0, 1.0, 1.0]
valid_accuracy_list: [0.122, 0.122, 0.122, 0.176, 0.114, 0.072, 0.122, 0.162, 0.316, 0.182, 0.058, 0.058, 0.114, 0.114, 0.114, 0.114, 0.116, 0.126, 0.146, 0.13, 0.122, 0.122, 0.122, 0.124, 0.172, 0.164, 0.166, 0.168, 0.196, 0.184, 0.07, 0.062, 0.06, 0.06, 0.06, 0.128, 0.146, 0.144, 0.156, 0.156, 0.154, 0.19, 0.374, 0.344, 0.284, 0.266, 0.27, 0.244, 0.184, 0.178, 0.24, 0.308, 0.23, 0.226, 0.256, 0.368, 0.478, 0.5, 0.414, 0.376, 0.376, 0.382, 0.418, 0.464, 0.484, 0.488, 0.488, 0.488, 0.502, 0.512, 0.5, 0.506, 0.494, 0.504, 0.522, 0.542, 0.544, 0.552, 0.55, 0.544, 0.532, 0.53, 0.528, 0.524, 0.544, 0.552, 0.556, 0.556, 0.552, 0.546, 0.548, 0.552, 0.55, 0.552, 0.554, 0.552, 0.556, 0.564, 0.57, 0.576, 0.58, 0.576, 0.574, 0.574, 0.572, 0.582, 0.588, 0.584, 0.586, 0.59, 0.594, 0.594, 0.6, 0.602, 0.6, 0.598, 0.602, 0.612, 0.616, 0.62, 0.62, 0.622, 0.626, 0.626, 0.628, 0.628, 0.628, 0.628, 0.63, 0.626, 0.628, 0.632, 0.632, 0.628, 0.634, 0.632, 0.632, 0.63, 0.63, 0.628, 0.632, 0.636, 0.638, 0.64, 0.64, 0.64, 0.642, 0.644, 0.642, 0.64, 0.642, 0.644, 0.644, 0.642, 0.64, 0.642, 0.642, 0.642, 0.64, 0.64, 0.638, 0.638, 0.642, 0.642, 0.64, 0.642, 0.642, 0.644, 0.644, 0.642, 0.64, 0.64, 0.64, 0.64, 0.642, 0.642, 0.64, 0.64, 0.64, 0.64, 0.64, 0.64, 0.64, 0.638, 0.638, 0.636, 0.636, 0.636, 0.638, 0.634, 0.634, 0.634, 0.634, 0.634, 0.634, 0.634, 0.634, 0.632, 0.632, 0.632, 0.632, 0.632, 0.632, 0.632, 0.632, 0.632, 0.632, 0.634, 0.632, 0.632, 0.632, 0.632, 0.632, 0.632, 0.632, 0.632, 0.632, 0.632, 0.632, 0.632, 0.632, 0.632, 0.632, 0.632, 0.632, 0.632, 0.63, 0.63, 0.63, 0.63, 0.63, 0.628, 0.628, 0.628, 0.628, 0.628, 0.624, 0.624, 0.624, 0.626, 0.626, 0.626, 0.626, 0.624, 0.624, 0.624, 0.624, 0.624, 0.624, 0.626, 0.624, 0.624, 0.624, 0.624, 0.624, 0.624, 0.624, 0.624, 0.624, 0.622, 0.622, 0.622, 0.62, 0.62, 0.62, 0.62, 0.62, 0.62, 0.62, 0.62, 0.62, 0.62, 0.62, 0.62, 0.62, 0.62, 0.62, 0.62, 0.62, 0.62, 0.62, 0.62, 0.62, 0.62, 0.62, 0.62, 0.618, 0.618, 0.618, 0.618, 0.618, 0.618, 0.618, 0.618, 0.618, 0.618, 0.618, 0.618, 0.618, 0.618, 0.618, 0.618, 0.618, 0.618, 0.618, 0.618, 0.618, 0.618, 0.618, 0.618, 0.618, 0.618, 0.618, 0.618, 0.618, 0.618, 0.618, 0.618, 0.618, 0.618, 0.618, 0.618, 0.618, 0.618, 0.618, 0.618, 0.618, 0.618, 0.618, 0.618, 0.618, 0.618, 0.618, 0.618, 0.618, 0.618, 0.618, 0.618, 0.618, 0.618, 0.618, 0.62, 0.62, 0.62, 0.622, 0.622, 0.622, 0.622, 0.622, 0.622, 0.622, 0.62, 0.62, 0.62, 0.622, 0.622, 0.622, 0.622, 0.622, 0.622, 0.622, 0.622, 0.622, 0.622, 0.622, 0.622, 0.622, 0.622, 0.622, 0.622, 0.622, 0.622, 0.622, 0.622, 0.622, 0.622, 0.622, 0.622, 0.622, 0.622, 0.622, 0.622, 0.622, 0.622, 0.622, 0.622, 0.62, 0.62, 0.62, 0.62, 0.62, 0.62, 0.62, 0.62, 0.62, 0.62, 0.62, 0.62, 0.62]
test_accuracy_list: [0.13, 0.13, 0.13, 0.168, 0.103, 0.091, 0.13, 0.149, 0.319, 0.168, 0.064, 0.064, 0.103, 0.103, 0.103, 0.103, 0.104, 0.113, 0.135, 0.133, 0.13, 0.13, 0.132, 0.136, 0.153, 0.149, 0.149, 0.149, 0.207, 0.191, 0.077, 0.065, 0.065, 0.065, 0.065, 0.12, 0.139, 0.143, 0.148, 0.164, 0.17, 0.196, 0.36, 0.342, 0.277, 0.245, 0.249, 0.236, 0.169, 0.176, 0.253, 0.296, 0.242, 0.231, 0.259, 0.352, 0.48, 0.466, 0.39, 0.359, 0.359, 0.38, 0.419, 0.46, 0.493, 0.508, 0.487, 0.486, 0.499, 0.498, 0.496, 0.481, 0.473, 0.486, 0.519, 0.542, 0.561, 0.569, 0.566, 0.559, 0.556, 0.549, 0.545, 0.554, 0.562, 0.571, 0.583, 0.591, 0.592, 0.595, 0.592, 0.587, 0.592, 0.595, 0.596, 0.602, 0.605, 0.612, 0.616, 0.619, 0.624, 0.625, 0.625, 0.628, 0.63, 0.63, 0.63, 0.63, 0.629, 0.632, 0.628, 0.628, 0.63, 0.628, 0.635, 0.637, 0.639, 0.642, 0.642, 0.645, 0.649, 0.651, 0.651, 0.649, 0.65, 0.652, 0.655, 0.648, 0.649, 0.651, 0.652, 0.652, 0.653, 0.648, 0.648, 0.644, 0.647, 0.647, 0.648, 0.65, 0.651, 0.647, 0.646, 0.648, 0.648, 0.649, 0.649, 0.649, 0.646, 0.648, 0.651, 0.65, 0.651, 0.651, 0.655, 0.651, 0.653, 0.656, 0.657, 0.656, 0.657, 0.655, 0.654, 0.656, 0.658, 0.658, 0.655, 0.656, 0.654, 0.654, 0.653, 0.653, 0.653, 0.653, 0.653, 0.651, 0.651, 0.651, 0.65, 0.649, 0.648, 0.648, 0.647, 0.647, 0.647, 0.647, 0.647, 0.647, 0.647, 0.647, 0.647, 0.647, 0.647, 0.646, 0.645, 0.645, 0.644, 0.644, 0.645, 0.646, 0.646, 0.644, 0.645, 0.645, 0.645, 0.645, 0.645, 0.645, 0.644, 0.644, 0.643, 0.643, 0.643, 0.643, 0.643, 0.642, 0.643, 0.644, 0.644, 0.644, 0.644, 0.644, 0.644, 0.644, 0.644, 0.644, 0.644, 0.644, 0.645, 0.645, 0.645, 0.645, 0.645, 0.645, 0.645, 0.644, 0.644, 0.644, 0.643, 0.643, 0.643, 0.644, 0.644, 0.644, 0.644, 0.644, 0.644, 0.644, 0.644, 0.643, 0.642, 0.642, 0.641, 0.641, 0.64, 0.639, 0.639, 0.64, 0.639, 0.639, 0.639, 0.637, 0.637, 0.637, 0.637, 0.636, 0.636, 0.636, 0.635, 0.635, 0.635, 0.635, 0.635, 0.635, 0.635, 0.634, 0.634, 0.635, 0.635, 0.635, 0.635, 0.636, 0.636, 0.636, 0.636, 0.636, 0.636, 0.636, 0.636, 0.636, 0.636, 0.636, 0.636, 0.636, 0.636, 0.636, 0.636, 0.636, 0.636, 0.636, 0.636, 0.636, 0.636, 0.636, 0.636, 0.636, 0.636, 0.636, 0.636, 0.636, 0.636, 0.636, 0.636, 0.636, 0.636, 0.636, 0.636, 0.636, 0.636, 0.636, 0.636, 0.636, 0.636, 0.636, 0.636, 0.636, 0.636, 0.637, 0.636, 0.636, 0.636, 0.636, 0.636, 0.636, 0.636, 0.636, 0.636, 0.636, 0.636, 0.636, 0.636, 0.636, 0.637, 0.637, 0.637, 0.637, 0.637, 0.637, 0.637, 0.637, 0.637, 0.637, 0.637, 0.637, 0.637, 0.637, 0.637, 0.636, 0.636, 0.636, 0.635, 0.635, 0.635, 0.635, 0.635, 0.635, 0.634, 0.633, 0.633, 0.633, 0.633, 0.633, 0.633, 0.633, 0.633, 0.633, 0.633, 0.633, 0.633, 0.633, 0.633, 0.633, 0.633, 0.633, 0.633, 0.633, 0.633, 0.633, 0.633, 0.633, 0.633, 0.633, 0.633, 0.633, 0.633, 0.633, 0.633, 0.633, 0.633]
best validation: 0.644
best test: 0.658
num distinct structures: 2365
Experiment run 3
dataset: Cora
num_mp_layers: 3
num_fl_layers: 2
mp_hidden_dim: 1000
fl_hidden_dim: 512
epsilon: 1.118033988749895
optimizer_lr: 0.01
loss_func: CrossEntropyLoss
total_epoch: 400
Epoch: 50, Loss: 1.7777, Train: 65.71%, Valid: 39.40%, Test: 39.20%, Best Valid: 40.60%, Best Test: 40.00%
Epoch: 100, Loss: 0.7881, Train: 90.71%, Valid: 66.80%, Test: 66.50%, Best Valid: 66.80%, Best Test: 66.50%
Epoch: 150, Loss: 0.1809, Train: 97.14%, Valid: 65.80%, Test: 68.70%, Best Valid: 67.40%, Best Test: 68.90%
Epoch: 200, Loss: 0.0674, Train: 100.00%, Valid: 65.40%, Test: 66.40%, Best Valid: 67.40%, Best Test: 68.90%
Epoch: 250, Loss: 0.0335, Train: 100.00%, Valid: 66.60%, Test: 65.70%, Best Valid: 67.40%, Best Test: 68.90%
Epoch: 300, Loss: 0.0196, Train: 100.00%, Valid: 65.20%, Test: 65.70%, Best Valid: 67.40%, Best Test: 68.90%
Epoch: 350, Loss: 0.0127, Train: 100.00%, Valid: 64.20%, Test: 65.60%, Best Valid: 67.40%, Best Test: 68.90%
train_accuracy_list: [0.2357142857142857, 0.14285714285714285, 0.14285714285714285, 0.14285714285714285, 0.14285714285714285, 0.14285714285714285, 0.14285714285714285, 0.14285714285714285, 0.14285714285714285, 0.14285714285714285, 0.14285714285714285, 0.14285714285714285, 0.14285714285714285, 0.14285714285714285, 0.14285714285714285, 0.14285714285714285, 0.2357142857142857, 0.15, 0.15714285714285714, 0.15, 0.15, 0.15, 0.15, 0.15, 0.15714285714285714, 0.15714285714285714, 0.18571428571428572, 0.19285714285714287, 0.36428571428571427, 0.35, 0.40714285714285714, 0.40714285714285714, 0.37142857142857144, 0.37857142857142856, 0.35, 0.32857142857142857, 0.32857142857142857, 0.3357142857142857, 0.5142857142857142, 0.3, 0.24285714285714285, 0.22142857142857142, 0.25, 0.30714285714285716, 0.4928571428571429, 0.6428571428571429, 0.6142857142857143, 0.6, 0.6071428571428571, 0.6571428571428571, 0.6785714285714286, 0.65, 0.6214285714285714, 0.6428571428571429, 0.6857142857142857, 0.7428571428571429, 0.75, 0.7142857142857143, 0.6714285714285714, 0.6928571428571428, 0.7285714285714285, 0.7285714285714285, 0.7428571428571429, 0.7571428571428571, 0.7571428571428571, 0.7785714285714286, 0.7857142857142857, 0.7714285714285715, 0.7714285714285715, 0.7714285714285715, 0.7928571428571428, 0.7928571428571428, 0.8142857142857143, 0.8142857142857143, 0.8071428571428572, 0.8071428571428572, 0.8071428571428572, 0.8142857142857143, 0.8285714285714286, 0.8357142857142857, 0.8357142857142857, 0.8428571428571429, 0.8428571428571429, 0.8428571428571429, 0.85, 0.85, 0.8642857142857143, 0.8714285714285714, 0.8857142857142857, 0.8857142857142857, 0.9071428571428571, 0.9071428571428571, 0.9071428571428571, 0.9071428571428571, 0.9071428571428571, 0.9214285714285714, 0.9214285714285714, 0.9071428571428571, 0.9071428571428571, 0.9071428571428571, 0.9142857142857143, 0.9071428571428571, 0.9071428571428571, 0.9071428571428571, 0.9071428571428571, 0.9214285714285714, 0.9142857142857143, 0.9142857142857143, 0.9214285714285714, 0.9214285714285714, 0.9214285714285714, 0.9214285714285714, 0.9285714285714286, 0.9285714285714286, 0.9285714285714286, 0.9285714285714286, 0.9285714285714286, 0.9357142857142857, 0.95, 0.95, 0.9571428571428572, 0.9571428571428572, 0.9571428571428572, 0.9642857142857143, 0.9714285714285714, 0.9642857142857143, 0.9642857142857143, 0.9714285714285714, 0.9714285714285714, 0.9714285714285714, 0.9714285714285714, 0.9714285714285714, 0.9714285714285714, 0.9714285714285714, 0.9714285714285714, 0.9714285714285714, 0.9714285714285714, 0.9714285714285714, 0.9714285714285714, 0.9714285714285714, 0.9714285714285714, 0.9714285714285714, 0.9714285714285714, 0.9714285714285714, 0.9714285714285714, 0.9714285714285714, 0.9714285714285714, 0.9714285714285714, 0.9714285714285714, 0.9714285714285714, 0.9714285714285714, 0.9714285714285714, 0.9785714285714285, 0.9857142857142858, 0.9928571428571429, 0.9928571428571429, 0.9928571428571429, 0.9928571428571429, 0.9928571428571429, 0.9928571428571429, 0.9928571428571429, 0.9928571428571429, 0.9928571428571429, 0.9928571428571429, 0.9928571428571429, 0.9928571428571429, 0.9928571428571429, 0.9928571428571429, 0.9928571428571429, 0.9928571428571429, 0.9928571428571429, 0.9928571428571429, 0.9928571428571429, 0.9928571428571429, 0.9928571428571429, 0.9928571428571429, 0.9928571428571429, 0.9928571428571429, 0.9928571428571429, 0.9928571428571429, 0.9928571428571429, 0.9928571428571429, 0.9928571428571429, 0.9928571428571429, 0.9928571428571429, 0.9928571428571429, 0.9928571428571429, 1.0, 1.0, 1.0, 1.0, 1.0, 1.0, 1.0, 1.0, 1.0, 1.0, 1.0, 1.0, 1.0, 1.0, 1.0, 1.0, 1.0, 1.0, 1.0, 1.0, 1.0, 1.0, 1.0, 1.0, 1.0, 1.0, 1.0, 1.0, 1.0, 1.0, 1.0, 1.0, 1.0, 1.0, 1.0, 1.0, 1.0, 1.0, 1.0, 1.0, 1.0, 1.0, 1.0, 1.0, 1.0, 1.0, 1.0, 1.0, 1.0, 1.0, 1.0, 1.0, 1.0, 1.0, 1.0, 1.0, 1.0, 1.0, 1.0, 1.0, 1.0, 1.0, 1.0, 1.0, 1.0, 1.0, 1.0, 1.0, 1.0, 1.0, 1.0, 1.0, 1.0, 1.0, 1.0, 1.0, 1.0, 1.0, 1.0, 1.0, 1.0, 1.0, 1.0, 1.0, 1.0, 1.0, 1.0, 1.0, 1.0, 1.0, 1.0, 1.0, 1.0, 1.0, 1.0, 1.0, 1.0, 1.0, 1.0, 1.0, 1.0, 1.0, 1.0, 1.0, 1.0, 1.0, 1.0, 1.0, 1.0, 1.0, 1.0, 1.0, 1.0, 1.0, 1.0, 1.0, 1.0, 1.0, 1.0, 1.0, 1.0, 1.0, 1.0, 1.0, 1.0, 1.0, 1.0, 1.0, 1.0, 1.0, 1.0, 1.0, 1.0, 1.0, 1.0, 1.0, 1.0, 1.0, 1.0, 1.0, 1.0, 1.0, 1.0, 1.0, 1.0, 1.0, 1.0, 1.0, 1.0, 1.0, 1.0, 1.0, 1.0, 1.0, 1.0, 1.0, 1.0, 1.0, 1.0, 1.0, 1.0, 1.0, 1.0, 1.0, 1.0, 1.0, 1.0, 1.0, 1.0, 1.0, 1.0, 1.0, 1.0, 1.0, 1.0, 1.0, 1.0, 1.0, 1.0, 1.0, 1.0, 1.0, 1.0, 1.0, 1.0, 1.0, 1.0, 1.0, 1.0, 1.0, 1.0, 1.0, 1.0, 1.0, 1.0, 1.0, 1.0, 1.0, 1.0, 1.0, 1.0, 1.0, 1.0, 1.0, 1.0, 1.0, 1.0, 1.0, 1.0, 1.0, 1.0, 1.0]
valid_accuracy_list: [0.162, 0.122, 0.122, 0.058, 0.162, 0.072, 0.058, 0.316, 0.162, 0.122, 0.072, 0.156, 0.316, 0.114, 0.162, 0.162, 0.122, 0.064, 0.06, 0.058, 0.058, 0.058, 0.058, 0.058, 0.06, 0.064, 0.07, 0.088, 0.19, 0.208, 0.282, 0.23, 0.242, 0.378, 0.406, 0.386, 0.37, 0.356, 0.352, 0.116, 0.09, 0.086, 0.084, 0.124, 0.27, 0.352, 0.34, 0.35, 0.362, 0.394, 0.446, 0.436, 0.454, 0.452, 0.448, 0.456, 0.434, 0.4, 0.376, 0.388, 0.406, 0.41, 0.42, 0.436, 0.45, 0.474, 0.51, 0.514, 0.52, 0.516, 0.514, 0.524, 0.534, 0.516, 0.502, 0.494, 0.498, 0.512, 0.532, 0.564, 0.568, 0.578, 0.592, 0.6, 0.612, 0.618, 0.614, 0.622, 0.62, 0.622, 0.63, 0.626, 0.628, 0.628, 0.638, 0.632, 0.632, 0.654, 0.662, 0.668, 0.668, 0.668, 0.668, 0.668, 0.672, 0.674, 0.672, 0.668, 0.668, 0.67, 0.67, 0.668, 0.666, 0.664, 0.662, 0.66, 0.662, 0.664, 0.664, 0.668, 0.666, 0.67, 0.664, 0.664, 0.674, 0.662, 0.662, 0.674, 0.662, 0.664, 0.67, 0.664, 0.66, 0.664, 0.666, 0.658, 0.666, 0.666, 0.66, 0.662, 0.656, 0.658, 0.66, 0.654, 0.654, 0.654, 0.654, 0.66, 0.658, 0.658, 0.66, 0.66, 0.66, 0.662, 0.66, 0.658, 0.658, 0.658, 0.658, 0.656, 0.66, 0.662, 0.658, 0.66, 0.664, 0.66, 0.66, 0.66, 0.66, 0.66, 0.66, 0.664, 0.66, 0.662, 0.664, 0.664, 0.66, 0.666, 0.662, 0.658, 0.662, 0.662, 0.662, 0.662, 0.66, 0.664, 0.66, 0.66, 0.658, 0.662, 0.66, 0.66, 0.66, 0.66, 0.66, 0.658, 0.658, 0.656, 0.656, 0.654, 0.654, 0.654, 0.656, 0.654, 0.66, 0.662, 0.658, 0.658, 0.66, 0.66, 0.66, 0.66, 0.66, 0.66, 0.66, 0.66, 0.66, 0.666, 0.662, 0.666, 0.666, 0.666, 0.666, 0.666, 0.666, 0.666, 0.666, 0.666, 0.666, 0.666, 0.666, 0.666, 0.666, 0.666, 0.666, 0.666, 0.666, 0.664, 0.668, 0.668, 0.664, 0.668, 0.666, 0.666, 0.668, 0.666, 0.666, 0.666, 0.666, 0.666, 0.664, 0.664, 0.664, 0.664, 0.664, 0.664, 0.664, 0.664, 0.664, 0.664, 0.664, 0.664, 0.664, 0.664, 0.664, 0.664, 0.664, 0.662, 0.664, 0.664, 0.662, 0.66, 0.66, 0.66, 0.66, 0.66, 0.658, 0.66, 0.66, 0.658, 0.66, 0.656, 0.66, 0.658, 0.658, 0.658, 0.656, 0.658, 0.658, 0.656, 0.656, 0.656, 0.656, 0.652, 0.654, 0.656, 0.65, 0.65, 0.65, 0.652, 0.65, 0.65, 0.648, 0.65, 0.648, 0.648, 0.648, 0.646, 0.648, 0.648, 0.648, 0.648, 0.646, 0.644, 0.646, 0.646, 0.644, 0.644, 0.644, 0.646, 0.646, 0.644, 0.648, 0.644, 0.644, 0.646, 0.646, 0.646, 0.644, 0.644, 0.644, 0.644, 0.644, 0.644, 0.644, 0.642, 0.644, 0.644, 0.644, 0.644, 0.644, 0.644, 0.646, 0.646, 0.644, 0.644, 0.642, 0.642, 0.642, 0.642, 0.644, 0.642, 0.642, 0.642, 0.644, 0.644, 0.642, 0.642, 0.644, 0.644, 0.642, 0.642, 0.644, 0.644, 0.64, 0.64, 0.64, 0.644, 0.644, 0.64, 0.64, 0.64, 0.642, 0.642, 0.64, 0.638, 0.638, 0.644, 0.642, 0.638, 0.638, 0.642, 0.642, 0.642, 0.638, 0.638, 0.642, 0.64, 0.64, 0.638, 0.638, 0.64, 0.64, 0.638, 0.636, 0.638, 0.64, 0.64, 0.638]
test_accuracy_list: [0.166, 0.13, 0.13, 0.064, 0.149, 0.091, 0.064, 0.319, 0.149, 0.13, 0.091, 0.144, 0.319, 0.103, 0.149, 0.149, 0.142, 0.064, 0.064, 0.065, 0.064, 0.064, 0.064, 0.064, 0.065, 0.065, 0.076, 0.101, 0.207, 0.209, 0.266, 0.227, 0.263, 0.383, 0.4, 0.39, 0.378, 0.38, 0.398, 0.127, 0.109, 0.094, 0.099, 0.137, 0.258, 0.334, 0.314, 0.316, 0.343, 0.392, 0.451, 0.465, 0.462, 0.467, 0.481, 0.474, 0.427, 0.394, 0.391, 0.383, 0.387, 0.403, 0.417, 0.441, 0.461, 0.494, 0.514, 0.521, 0.535, 0.541, 0.544, 0.553, 0.556, 0.55, 0.531, 0.532, 0.53, 0.538, 0.555, 0.567, 0.593, 0.601, 0.609, 0.617, 0.615, 0.62, 0.625, 0.628, 0.63, 0.639, 0.632, 0.634, 0.636, 0.638, 0.64, 0.643, 0.647, 0.656, 0.66, 0.665, 0.67, 0.67, 0.672, 0.671, 0.673, 0.671, 0.677, 0.68, 0.682, 0.682, 0.682, 0.68, 0.684, 0.682, 0.683, 0.682, 0.682, 0.685, 0.681, 0.686, 0.681, 0.688, 0.685, 0.685, 0.687, 0.682, 0.682, 0.686, 0.684, 0.681, 0.686, 0.682, 0.681, 0.683, 0.682, 0.682, 0.684, 0.684, 0.684, 0.683, 0.686, 0.688, 0.684, 0.689, 0.687, 0.683, 0.685, 0.686, 0.688, 0.687, 0.686, 0.687, 0.684, 0.684, 0.684, 0.682, 0.681, 0.684, 0.682, 0.683, 0.683, 0.683, 0.683, 0.68, 0.679, 0.68, 0.678, 0.676, 0.674, 0.673, 0.675, 0.674, 0.671, 0.672, 0.671, 0.673, 0.672, 0.673, 0.673, 0.672, 0.673, 0.673, 0.67, 0.672, 0.671, 0.668, 0.667, 0.667, 0.667, 0.664, 0.664, 0.664, 0.663, 0.662, 0.662, 0.666, 0.662, 0.662, 0.664, 0.664, 0.666, 0.663, 0.664, 0.665, 0.663, 0.663, 0.664, 0.664, 0.665, 0.663, 0.664, 0.663, 0.663, 0.664, 0.664, 0.663, 0.663, 0.662, 0.663, 0.663, 0.662, 0.663, 0.663, 0.661, 0.661, 0.66, 0.66, 0.66, 0.66, 0.66, 0.659, 0.66, 0.66, 0.66, 0.66, 0.66, 0.66, 0.66, 0.66, 0.66, 0.659, 0.66, 0.659, 0.659, 0.659, 0.658, 0.658, 0.658, 0.657, 0.657, 0.657, 0.656, 0.656, 0.657, 0.656, 0.655, 0.655, 0.655, 0.655, 0.655, 0.656, 0.655, 0.657, 0.657, 0.657, 0.656, 0.657, 0.657, 0.657, 0.657, 0.657, 0.656, 0.655, 0.654, 0.655, 0.655, 0.654, 0.655, 0.655, 0.655, 0.654, 0.654, 0.656, 0.656, 0.655, 0.655, 0.655, 0.655, 0.655, 0.655, 0.655, 0.655, 0.655, 0.655, 0.655, 0.656, 0.655, 0.655, 0.655, 0.657, 0.656, 0.654, 0.656, 0.658, 0.658, 0.654, 0.655, 0.658, 0.66, 0.658, 0.655, 0.658, 0.66, 0.659, 0.657, 0.656, 0.658, 0.66, 0.66, 0.656, 0.656, 0.659, 0.659, 0.657, 0.656, 0.655, 0.658, 0.657, 0.655, 0.653, 0.657, 0.657, 0.656, 0.656, 0.655, 0.655, 0.655, 0.655, 0.655, 0.655, 0.655, 0.655, 0.655, 0.655, 0.655, 0.655, 0.656, 0.656, 0.656, 0.656, 0.656, 0.656, 0.656, 0.656, 0.656, 0.656, 0.656, 0.656, 0.656, 0.656, 0.656, 0.656, 0.656, 0.655, 0.656, 0.655, 0.654, 0.654, 0.654, 0.654, 0.654, 0.653, 0.653, 0.653, 0.653, 0.653, 0.653, 0.653, 0.653, 0.654, 0.654, 0.654, 0.654, 0.654, 0.655, 0.655, 0.654, 0.654, 0.655, 0.655, 0.655, 0.655, 0.655, 0.655, 0.655, 0.655, 0.655, 0.655, 0.655]
best validation: 0.674
best test: 0.689
num distinct structures: 2365
Experiment run 4
dataset: Cora
num_mp_layers: 3
num_fl_layers: 2
mp_hidden_dim: 2000
fl_hidden_dim: 512
epsilon: 1.118033988749895
optimizer_lr: 0.01
loss_func: CrossEntropyLoss
total_epoch: 400
Epoch: 50, Loss: 1.7044, Train: 70.71%, Valid: 42.80%, Test: 40.20%, Best Valid: 42.80%, Best Test: 40.20%
Epoch: 100, Loss: 0.6089, Train: 94.29%, Valid: 73.20%, Test: 75.40%, Best Valid: 73.20%, Best Test: 75.70%
Epoch: 150, Loss: 0.1468, Train: 97.86%, Valid: 74.20%, Test: 76.50%, Best Valid: 74.80%, Best Test: 76.90%
Epoch: 200, Loss: 0.0589, Train: 100.00%, Valid: 73.20%, Test: 75.10%, Best Valid: 74.80%, Best Test: 76.90%
Epoch: 250, Loss: 0.0289, Train: 100.00%, Valid: 73.20%, Test: 73.50%, Best Valid: 74.80%, Best Test: 76.90%
Epoch: 300, Loss: 0.0164, Train: 100.00%, Valid: 72.20%, Test: 73.10%, Best Valid: 74.80%, Best Test: 76.90%
Epoch: 350, Loss: 0.0105, Train: 100.00%, Valid: 71.80%, Test: 72.60%, Best Valid: 74.80%, Best Test: 76.90%
train_accuracy_list: [0.19285714285714287, 0.14285714285714285, 0.14285714285714285, 0.14285714285714285, 0.14285714285714285, 0.14285714285714285, 0.14285714285714285, 0.14285714285714285, 0.14285714285714285, 0.14285714285714285, 0.14285714285714285, 0.14285714285714285, 0.14285714285714285, 0.14285714285714285, 0.14285714285714285, 0.14285714285714285, 0.14285714285714285, 0.14285714285714285, 0.14285714285714285, 0.14285714285714285, 0.14285714285714285, 0.14285714285714285, 0.14285714285714285, 0.14285714285714285, 0.18571428571428572, 0.5285714285714286, 0.4928571428571429, 0.44285714285714284, 0.3357142857142857, 0.2714285714285714, 0.2357142857142857, 0.2357142857142857, 0.3357142857142857, 0.20714285714285716, 0.16428571428571428, 0.15714285714285714, 0.17142857142857143, 0.2571428571428571, 0.36428571428571427, 0.37142857142857144, 0.32142857142857145, 0.3, 0.36428571428571427, 0.4714285714285714, 0.5071428571428571, 0.5928571428571429, 0.6071428571428571, 0.6357142857142857, 0.6928571428571428, 0.7071428571428572, 0.7142857142857143, 0.7, 0.7142857142857143, 0.7571428571428571, 0.7714285714285715, 0.8071428571428572, 0.8285714285714286, 0.8071428571428572, 0.8142857142857143, 0.8285714285714286, 0.8357142857142857, 0.8214285714285714, 0.8357142857142857, 0.8214285714285714, 0.8071428571428572, 0.8071428571428572, 0.8071428571428572, 0.8, 0.8071428571428572, 0.8142857142857143, 0.8142857142857143, 0.8285714285714286, 0.8142857142857143, 0.8357142857142857, 0.8428571428571429, 0.85, 0.8571428571428571, 0.8857142857142857, 0.8857142857142857, 0.8928571428571429, 0.8928571428571429, 0.8857142857142857, 0.8785714285714286, 0.8857142857142857, 0.8857142857142857, 0.8857142857142857, 0.8928571428571429, 0.9, 0.9, 0.9, 0.9071428571428571, 0.9214285714285714, 0.9285714285714286, 0.9285714285714286, 0.9357142857142857, 0.9285714285714286, 0.9285714285714286, 0.9357142857142857, 0.9428571428571428, 0.9428571428571428, 0.95, 0.95, 0.95, 0.95, 0.95, 0.95, 0.95, 0.95, 0.95, 0.95, 0.95, 0.9571428571428572, 0.9571428571428572, 0.9571428571428572, 0.9571428571428572, 0.9571428571428572, 0.9571428571428572, 0.9571428571428572, 0.9571428571428572, 0.9642857142857143, 0.9642857142857143, 0.9714285714285714, 0.9785714285714285, 0.9785714285714285, 0.9785714285714285, 0.9785714285714285, 0.9785714285714285, 0.9785714285714285, 0.9785714285714285, 0.9785714285714285, 0.9785714285714285, 0.9785714285714285, 0.9785714285714285, 0.9785714285714285, 0.9785714285714285, 0.9785714285714285, 0.9785714285714285, 0.9785714285714285, 0.9785714285714285, 0.9785714285714285, 0.9785714285714285, 0.9785714285714285, 0.9785714285714285, 0.9785714285714285, 0.9785714285714285, 0.9785714285714285, 0.9785714285714285, 0.9785714285714285, 0.9785714285714285, 0.9785714285714285, 0.9785714285714285, 0.9785714285714285, 0.9857142857142858, 0.9857142857142858, 0.9857142857142858, 0.9857142857142858, 0.9928571428571429, 0.9928571428571429, 0.9928571428571429, 0.9928571428571429, 0.9928571428571429, 0.9928571428571429, 0.9928571428571429, 0.9928571428571429, 0.9928571428571429, 0.9928571428571429, 0.9928571428571429, 0.9928571428571429, 1.0, 1.0, 1.0, 1.0, 1.0, 1.0, 1.0, 1.0, 1.0, 1.0, 1.0, 1.0, 1.0, 1.0, 1.0, 1.0, 1.0, 1.0, 1.0, 1.0, 1.0, 1.0, 1.0, 1.0, 1.0, 1.0, 1.0, 1.0, 1.0, 1.0, 1.0, 1.0, 1.0, 1.0, 1.0, 1.0, 1.0, 1.0, 1.0, 1.0, 1.0, 1.0, 1.0, 1.0, 1.0, 1.0, 1.0, 1.0, 1.0, 1.0, 1.0, 1.0, 1.0, 1.0, 1.0, 1.0, 1.0, 1.0, 1.0, 1.0, 1.0, 1.0, 1.0, 1.0, 1.0, 1.0, 1.0, 1.0, 1.0, 1.0, 1.0, 1.0, 1.0, 1.0, 1.0, 1.0, 1.0, 1.0, 1.0, 1.0, 1.0, 1.0, 1.0, 1.0, 1.0, 1.0, 1.0, 1.0, 1.0, 1.0, 1.0, 1.0, 1.0, 1.0, 1.0, 1.0, 1.0, 1.0, 1.0, 1.0, 1.0, 1.0, 1.0, 1.0, 1.0, 1.0, 1.0, 1.0, 1.0, 1.0, 1.0, 1.0, 1.0, 1.0, 1.0, 1.0, 1.0, 1.0, 1.0, 1.0, 1.0, 1.0, 1.0, 1.0, 1.0, 1.0, 1.0, 1.0, 1.0, 1.0, 1.0, 1.0, 1.0, 1.0, 1.0, 1.0, 1.0, 1.0, 1.0, 1.0, 1.0, 1.0, 1.0, 1.0, 1.0, 1.0, 1.0, 1.0, 1.0, 1.0, 1.0, 1.0, 1.0, 1.0, 1.0, 1.0, 1.0, 1.0, 1.0, 1.0, 1.0, 1.0, 1.0, 1.0, 1.0, 1.0, 1.0, 1.0, 1.0, 1.0, 1.0, 1.0, 1.0, 1.0, 1.0, 1.0, 1.0, 1.0, 1.0, 1.0, 1.0, 1.0, 1.0, 1.0, 1.0, 1.0, 1.0, 1.0, 1.0, 1.0, 1.0, 1.0, 1.0, 1.0, 1.0, 1.0, 1.0, 1.0, 1.0, 1.0, 1.0, 1.0, 1.0, 1.0, 1.0, 1.0, 1.0, 1.0, 1.0, 1.0, 1.0, 1.0, 1.0, 1.0, 1.0, 1.0, 1.0, 1.0, 1.0, 1.0, 1.0, 1.0, 1.0, 1.0, 1.0, 1.0, 1.0, 1.0, 1.0, 1.0, 1.0]
valid_accuracy_list: [0.318, 0.162, 0.162, 0.122, 0.316, 0.162, 0.122, 0.156, 0.058, 0.072, 0.162, 0.316, 0.316, 0.316, 0.122, 0.122, 0.122, 0.122, 0.122, 0.122, 0.122, 0.122, 0.122, 0.122, 0.124, 0.222, 0.19, 0.258, 0.23, 0.214, 0.204, 0.198, 0.308, 0.33, 0.318, 0.32, 0.322, 0.344, 0.372, 0.28, 0.14, 0.152, 0.182, 0.204, 0.25, 0.298, 0.328, 0.352, 0.4, 0.428, 0.46, 0.456, 0.464, 0.512, 0.566, 0.59, 0.592, 0.59, 0.572, 0.56, 0.562, 0.574, 0.59, 0.592, 0.582, 0.584, 0.574, 0.572, 0.566, 0.568, 0.568, 0.584, 0.602, 0.61, 0.628, 0.642, 0.656, 0.656, 0.662, 0.662, 0.658, 0.656, 0.652, 0.662, 0.662, 0.676, 0.682, 0.684, 0.676, 0.698, 0.702, 0.712, 0.718, 0.72, 0.728, 0.73, 0.73, 0.732, 0.732, 0.732, 0.734, 0.736, 0.734, 0.738, 0.736, 0.738, 0.736, 0.736, 0.732, 0.732, 0.732, 0.73, 0.73, 0.726, 0.726, 0.724, 0.726, 0.728, 0.728, 0.728, 0.732, 0.732, 0.732, 0.734, 0.738, 0.738, 0.74, 0.74, 0.74, 0.742, 0.742, 0.746, 0.746, 0.744, 0.742, 0.742, 0.744, 0.744, 0.742, 0.746, 0.74, 0.742, 0.744, 0.746, 0.748, 0.746, 0.744, 0.744, 0.742, 0.742, 0.744, 0.746, 0.746, 0.748, 0.748, 0.748, 0.748, 0.746, 0.746, 0.746, 0.746, 0.748, 0.748, 0.746, 0.746, 0.748, 0.748, 0.748, 0.746, 0.744, 0.742, 0.742, 0.742, 0.742, 0.74, 0.738, 0.738, 0.738, 0.738, 0.738, 0.738, 0.742, 0.742, 0.742, 0.74, 0.74, 0.738, 0.736, 0.734, 0.734, 0.734, 0.734, 0.734, 0.734, 0.734, 0.734, 0.734, 0.734, 0.734, 0.732, 0.73, 0.732, 0.73, 0.73, 0.73, 0.73, 0.73, 0.73, 0.734, 0.734, 0.732, 0.734, 0.734, 0.734, 0.734, 0.734, 0.734, 0.736, 0.736, 0.734, 0.734, 0.734, 0.734, 0.734, 0.734, 0.732, 0.732, 0.736, 0.736, 0.738, 0.738, 0.736, 0.736, 0.736, 0.736, 0.736, 0.736, 0.736, 0.734, 0.734, 0.734, 0.734, 0.734, 0.734, 0.732, 0.732, 0.732, 0.732, 0.732, 0.732, 0.732, 0.73, 0.73, 0.73, 0.73, 0.73, 0.73, 0.73, 0.73, 0.73, 0.73, 0.73, 0.728, 0.728, 0.728, 0.726, 0.726, 0.726, 0.724, 0.724, 0.724, 0.728, 0.728, 0.726, 0.726, 0.724, 0.726, 0.724, 0.724, 0.724, 0.724, 0.724, 0.724, 0.722, 0.722, 0.724, 0.724, 0.722, 0.722, 0.722, 0.722, 0.722, 0.722, 0.722, 0.722, 0.722, 0.722, 0.722, 0.722, 0.722, 0.722, 0.722, 0.722, 0.722, 0.722, 0.724, 0.722, 0.722, 0.722, 0.722, 0.722, 0.722, 0.722, 0.722, 0.722, 0.722, 0.722, 0.722, 0.722, 0.722, 0.722, 0.722, 0.722, 0.722, 0.722, 0.722, 0.722, 0.722, 0.722, 0.722, 0.722, 0.722, 0.722, 0.722, 0.722, 0.722, 0.72, 0.72, 0.72, 0.718, 0.72, 0.72, 0.718, 0.718, 0.718, 0.718, 0.718, 0.718, 0.718, 0.718, 0.718, 0.718, 0.718, 0.718, 0.718, 0.718, 0.718, 0.718, 0.718, 0.718, 0.718, 0.718, 0.718, 0.718, 0.718, 0.718, 0.718, 0.718, 0.718, 0.718, 0.718, 0.72, 0.718, 0.718, 0.718, 0.72, 0.72, 0.718, 0.72, 0.718, 0.72, 0.72, 0.718, 0.718, 0.718, 0.72, 0.72, 0.72, 0.72, 0.722, 0.72, 0.722, 0.72, 0.72, 0.72, 0.722, 0.722, 0.718, 0.718]
test_accuracy_list: [0.331, 0.149, 0.149, 0.13, 0.319, 0.149, 0.13, 0.144, 0.064, 0.091, 0.149, 0.319, 0.319, 0.319, 0.13, 0.13, 0.13, 0.13, 0.13, 0.13, 0.13, 0.13, 0.13, 0.13, 0.134, 0.259, 0.207, 0.234, 0.215, 0.193, 0.176, 0.179, 0.308, 0.338, 0.322, 0.322, 0.324, 0.339, 0.4, 0.305, 0.161, 0.163, 0.192, 0.227, 0.256, 0.296, 0.318, 0.327, 0.366, 0.402, 0.419, 0.411, 0.425, 0.471, 0.527, 0.577, 0.615, 0.602, 0.593, 0.583, 0.578, 0.58, 0.596, 0.6, 0.599, 0.572, 0.555, 0.543, 0.541, 0.549, 0.552, 0.567, 0.587, 0.603, 0.63, 0.651, 0.665, 0.671, 0.675, 0.672, 0.668, 0.667, 0.663, 0.674, 0.679, 0.689, 0.702, 0.71, 0.71, 0.72, 0.724, 0.73, 0.734, 0.74, 0.745, 0.75, 0.751, 0.755, 0.757, 0.754, 0.756, 0.754, 0.754, 0.759, 0.761, 0.761, 0.76, 0.76, 0.76, 0.761, 0.763, 0.766, 0.761, 0.763, 0.764, 0.766, 0.768, 0.769, 0.767, 0.768, 0.765, 0.766, 0.767, 0.766, 0.766, 0.766, 0.766, 0.766, 0.764, 0.761, 0.762, 0.762, 0.764, 0.761, 0.762, 0.761, 0.763, 0.763, 0.763, 0.763, 0.763, 0.764, 0.765, 0.766, 0.767, 0.767, 0.766, 0.766, 0.766, 0.765, 0.766, 0.766, 0.763, 0.762, 0.761, 0.76, 0.76, 0.76, 0.761, 0.762, 0.763, 0.763, 0.763, 0.763, 0.763, 0.762, 0.762, 0.762, 0.761, 0.759, 0.759, 0.759, 0.758, 0.757, 0.756, 0.756, 0.757, 0.756, 0.756, 0.756, 0.756, 0.757, 0.757, 0.758, 0.759, 0.758, 0.757, 0.757, 0.757, 0.757, 0.757, 0.759, 0.759, 0.759, 0.759, 0.758, 0.758, 0.753, 0.752, 0.751, 0.749, 0.749, 0.749, 0.747, 0.747, 0.747, 0.748, 0.748, 0.749, 0.749, 0.749, 0.748, 0.747, 0.745, 0.744, 0.744, 0.744, 0.741, 0.741, 0.74, 0.739, 0.739, 0.738, 0.737, 0.736, 0.735, 0.735, 0.735, 0.736, 0.736, 0.736, 0.736, 0.736, 0.736, 0.736, 0.735, 0.736, 0.736, 0.736, 0.736, 0.737, 0.737, 0.737, 0.737, 0.737, 0.736, 0.736, 0.735, 0.735, 0.735, 0.735, 0.735, 0.735, 0.735, 0.735, 0.735, 0.735, 0.735, 0.735, 0.735, 0.735, 0.735, 0.734, 0.734, 0.734, 0.734, 0.733, 0.733, 0.733, 0.732, 0.731, 0.732, 0.732, 0.732, 0.732, 0.731, 0.73, 0.731, 0.733, 0.733, 0.731, 0.729, 0.73, 0.733, 0.733, 0.73, 0.729, 0.731, 0.731, 0.73, 0.732, 0.734, 0.732, 0.728, 0.73, 0.733, 0.732, 0.73, 0.73, 0.731, 0.732, 0.731, 0.728, 0.729, 0.732, 0.73, 0.731, 0.73, 0.729, 0.731, 0.729, 0.73, 0.732, 0.73, 0.732, 0.731, 0.731, 0.731, 0.731, 0.731, 0.731, 0.73, 0.729, 0.731, 0.731, 0.729, 0.729, 0.729, 0.729, 0.728, 0.729, 0.729, 0.729, 0.729, 0.729, 0.729, 0.728, 0.729, 0.729, 0.729, 0.728, 0.728, 0.729, 0.729, 0.728, 0.727, 0.728, 0.728, 0.727, 0.726, 0.726, 0.727, 0.727, 0.726, 0.727, 0.726, 0.729, 0.729, 0.728, 0.727, 0.728, 0.729, 0.727, 0.727, 0.728, 0.728, 0.727, 0.728, 0.73, 0.729, 0.728, 0.727, 0.729, 0.729, 0.727, 0.726, 0.727, 0.729, 0.729, 0.728, 0.727, 0.727, 0.728, 0.729, 0.728, 0.727, 0.727, 0.728, 0.728, 0.727, 0.727, 0.728, 0.728, 0.727, 0.727, 0.728, 0.728, 0.727, 0.727]
best validation: 0.748
best test: 0.769
num distinct structures: 2365
Experiment run 5
dataset: Cora
num_mp_layers: 3
num_fl_layers: 2
mp_hidden_dim: 4000
fl_hidden_dim: 512
epsilon: 1.118033988749895
optimizer_lr: 0.01
loss_func: CrossEntropyLoss
total_epoch: 400
Epoch: 50, Loss: 1.5842, Train: 82.14%, Valid: 51.40%, Test: 49.80%, Best Valid: 51.40%, Best Test: 49.80%
Epoch: 100, Loss: 0.4892, Train: 96.43%, Valid: 76.20%, Test: 76.20%, Best Valid: 76.20%, Best Test: 76.20%
Epoch: 150, Loss: 0.1323, Train: 100.00%, Valid: 78.80%, Test: 78.30%, Best Valid: 79.00%, Best Test: 78.50%
Epoch: 200, Loss: 0.0542, Train: 100.00%, Valid: 78.20%, Test: 78.40%, Best Valid: 79.00%, Best Test: 79.10%
Epoch: 250, Loss: 0.0285, Train: 100.00%, Valid: 78.80%, Test: 78.30%, Best Valid: 79.00%, Best Test: 79.10%
Epoch: 300, Loss: 0.0174, Train: 100.00%, Valid: 78.60%, Test: 78.40%, Best Valid: 79.00%, Best Test: 79.10%
Epoch: 350, Loss: 0.0117, Train: 100.00%, Valid: 78.60%, Test: 78.20%, Best Valid: 79.00%, Best Test: 79.10%
train_accuracy_list: [0.14285714285714285, 0.14285714285714285, 0.14285714285714285, 0.34285714285714286, 0.14285714285714285, 0.14285714285714285, 0.14285714285714285, 0.14285714285714285, 0.14285714285714285, 0.14285714285714285, 0.14285714285714285, 0.14285714285714285, 0.14285714285714285, 0.14285714285714285, 0.2714285714285714, 0.24285714285714285, 0.15714285714285714, 0.15, 0.15, 0.15714285714285714, 0.2, 0.2571428571428571, 0.2571428571428571, 0.20714285714285716, 0.24285714285714285, 0.2857142857142857, 0.2642857142857143, 0.2857142857142857, 0.44285714285714284, 0.36428571428571427, 0.25, 0.32142857142857145, 0.4, 0.34285714285714286, 0.34285714285714286, 0.42142857142857143, 0.45714285714285713, 0.5285714285714286, 0.5785714285714286, 0.6357142857142857, 0.6214285714285714, 0.6642857142857143, 0.6571428571428571, 0.6357142857142857, 0.6571428571428571, 0.6642857142857143, 0.7214285714285714, 0.7642857142857142, 0.8, 0.8214285714285714, 0.8142857142857143, 0.8, 0.8071428571428572, 0.8, 0.8071428571428572, 0.8214285714285714, 0.8357142857142857, 0.8571428571428571, 0.8571428571428571, 0.8642857142857143, 0.85, 0.85, 0.8357142857142857, 0.8214285714285714, 0.8214285714285714, 0.8214285714285714, 0.8214285714285714, 0.8214285714285714, 0.8285714285714286, 0.85, 0.85, 0.8571428571428571, 0.8642857142857143, 0.8642857142857143, 0.8642857142857143, 0.8642857142857143, 0.8642857142857143, 0.8642857142857143, 0.8785714285714286, 0.8857142857142857, 0.8928571428571429, 0.8928571428571429, 0.8928571428571429, 0.8928571428571429, 0.9071428571428571, 0.9071428571428571, 0.9071428571428571, 0.9071428571428571, 0.9142857142857143, 0.9214285714285714, 0.9214285714285714, 0.9285714285714286, 0.9357142857142857, 0.9428571428571428, 0.95, 0.95, 0.9571428571428572, 0.9642857142857143, 0.9642857142857143, 0.9642857142857143, 0.9642857142857143, 0.9642857142857143, 0.9785714285714285, 0.9785714285714285, 0.9785714285714285, 0.9785714285714285, 0.9785714285714285, 0.9785714285714285, 0.9785714285714285, 0.9785714285714285, 0.9785714285714285, 0.9785714285714285, 0.9785714285714285, 0.9785714285714285, 0.9857142857142858, 0.9857142857142858, 0.9857142857142858, 0.9857142857142858, 0.9857142857142858, 0.9857142857142858, 0.9857142857142858, 0.9857142857142858, 0.9857142857142858, 0.9857142857142858, 0.9928571428571429, 0.9928571428571429, 0.9928571428571429, 0.9928571428571429, 0.9928571428571429, 0.9928571428571429, 0.9928571428571429, 0.9928571428571429, 0.9928571428571429, 0.9928571428571429, 0.9928571428571429, 0.9928571428571429, 1.0, 1.0, 1.0, 1.0, 1.0, 1.0, 1.0, 1.0, 1.0, 1.0, 1.0, 1.0, 1.0, 1.0, 1.0, 1.0, 1.0, 1.0, 1.0, 1.0, 1.0, 1.0, 1.0, 1.0, 1.0, 1.0, 1.0, 1.0, 1.0, 1.0, 1.0, 1.0, 1.0, 1.0, 1.0, 1.0, 1.0, 1.0, 1.0, 1.0, 1.0, 1.0, 1.0, 1.0, 1.0, 1.0, 1.0, 1.0, 1.0, 1.0, 1.0, 1.0, 1.0, 1.0, 1.0, 1.0, 1.0, 1.0, 1.0, 1.0, 1.0, 1.0, 1.0, 1.0, 1.0, 1.0, 1.0, 1.0, 1.0, 1.0, 1.0, 1.0, 1.0, 1.0, 1.0, 1.0, 1.0, 1.0, 1.0, 1.0, 1.0, 1.0, 1.0, 1.0, 1.0, 1.0, 1.0, 1.0, 1.0, 1.0, 1.0, 1.0, 1.0, 1.0, 1.0, 1.0, 1.0, 1.0, 1.0, 1.0, 1.0, 1.0, 1.0, 1.0, 1.0, 1.0, 1.0, 1.0, 1.0, 1.0, 1.0, 1.0, 1.0, 1.0, 1.0, 1.0, 1.0, 1.0, 1.0, 1.0, 1.0, 1.0, 1.0, 1.0, 1.0, 1.0, 1.0, 1.0, 1.0, 1.0, 1.0, 1.0, 1.0, 1.0, 1.0, 1.0, 1.0, 1.0, 1.0, 1.0, 1.0, 1.0, 1.0, 1.0, 1.0, 1.0, 1.0, 1.0, 1.0, 1.0, 1.0, 1.0, 1.0, 1.0, 1.0, 1.0, 1.0, 1.0, 1.0, 1.0, 1.0, 1.0, 1.0, 1.0, 1.0, 1.0, 1.0, 1.0, 1.0, 1.0, 1.0, 1.0, 1.0, 1.0, 1.0, 1.0, 1.0, 1.0, 1.0, 1.0, 1.0, 1.0, 1.0, 1.0, 1.0, 1.0, 1.0, 1.0, 1.0, 1.0, 1.0, 1.0, 1.0, 1.0, 1.0, 1.0, 1.0, 1.0, 1.0, 1.0, 1.0, 1.0, 1.0, 1.0, 1.0, 1.0, 1.0, 1.0, 1.0, 1.0, 1.0, 1.0, 1.0, 1.0, 1.0, 1.0, 1.0, 1.0, 1.0, 1.0, 1.0, 1.0, 1.0, 1.0, 1.0, 1.0, 1.0, 1.0, 1.0, 1.0, 1.0, 1.0, 1.0, 1.0, 1.0, 1.0, 1.0, 1.0, 1.0, 1.0, 1.0, 1.0, 1.0, 1.0, 1.0, 1.0, 1.0, 1.0, 1.0, 1.0, 1.0, 1.0, 1.0, 1.0, 1.0, 1.0, 1.0, 1.0, 1.0, 1.0, 1.0, 1.0, 1.0]
valid_accuracy_list: [0.122, 0.122, 0.122, 0.162, 0.162, 0.156, 0.06, 0.114, 0.122, 0.316, 0.072, 0.162, 0.162, 0.162, 0.258, 0.202, 0.158, 0.156, 0.156, 0.158, 0.164, 0.18, 0.194, 0.146, 0.16, 0.17, 0.166, 0.17, 0.242, 0.374, 0.324, 0.332, 0.408, 0.216, 0.24, 0.294, 0.34, 0.34, 0.35, 0.344, 0.346, 0.38, 0.362, 0.358, 0.36, 0.368, 0.414, 0.48, 0.498, 0.514, 0.52, 0.532, 0.574, 0.6, 0.614, 0.612, 0.614, 0.598, 0.59, 0.574, 0.564, 0.562, 0.548, 0.55, 0.554, 0.566, 0.592, 0.608, 0.626, 0.632, 0.632, 0.64, 0.64, 0.646, 0.654, 0.652, 0.652, 0.66, 0.668, 0.682, 0.688, 0.692, 0.702, 0.71, 0.722, 0.724, 0.73, 0.736, 0.742, 0.742, 0.744, 0.744, 0.746, 0.752, 0.754, 0.754, 0.756, 0.76, 0.762, 0.762, 0.762, 0.762, 0.766, 0.766, 0.768, 0.768, 0.77, 0.77, 0.764, 0.762, 0.766, 0.768, 0.772, 0.772, 0.772, 0.77, 0.772, 0.772, 0.772, 0.772, 0.776, 0.778, 0.778, 0.776, 0.776, 0.776, 0.78, 0.782, 0.782, 0.782, 0.782, 0.782, 0.784, 0.784, 0.784, 0.784, 0.784, 0.784, 0.786, 0.786, 0.786, 0.788, 0.788, 0.788, 0.788, 0.79, 0.788, 0.788, 0.788, 0.788, 0.788, 0.786, 0.786, 0.786, 0.786, 0.786, 0.786, 0.786, 0.786, 0.786, 0.786, 0.788, 0.788, 0.786, 0.788, 0.788, 0.79, 0.79, 0.79, 0.79, 0.788, 0.788, 0.788, 0.788, 0.788, 0.788, 0.788, 0.788, 0.788, 0.788, 0.788, 0.788, 0.788, 0.788, 0.788, 0.788, 0.786, 0.786, 0.786, 0.786, 0.786, 0.786, 0.786, 0.786, 0.786, 0.786, 0.786, 0.784, 0.782, 0.782, 0.782, 0.782, 0.782, 0.782, 0.782, 0.782, 0.782, 0.782, 0.782, 0.782, 0.784, 0.784, 0.784, 0.784, 0.784, 0.782, 0.782, 0.782, 0.782, 0.782, 0.782, 0.782, 0.78, 0.78, 0.78, 0.782, 0.782, 0.784, 0.784, 0.784, 0.784, 0.784, 0.784, 0.784, 0.784, 0.784, 0.784, 0.784, 0.784, 0.786, 0.786, 0.786, 0.786, 0.786, 0.786, 0.786, 0.788, 0.788, 0.788, 0.788, 0.788, 0.788, 0.788, 0.788, 0.788, 0.788, 0.788, 0.788, 0.788, 0.788, 0.788, 0.788, 0.788, 0.788, 0.788, 0.788, 0.788, 0.788, 0.788, 0.788, 0.788, 0.788, 0.788, 0.788, 0.788, 0.788, 0.788, 0.788, 0.788, 0.788, 0.788, 0.788, 0.788, 0.788, 0.788, 0.788, 0.788, 0.788, 0.788, 0.786, 0.786, 0.786, 0.786, 0.786, 0.786, 0.786, 0.786, 0.786, 0.786, 0.786, 0.786, 0.786, 0.786, 0.786, 0.786, 0.786, 0.786, 0.786, 0.786, 0.786, 0.786, 0.786, 0.786, 0.786, 0.786, 0.786, 0.786, 0.786, 0.786, 0.786, 0.786, 0.786, 0.786, 0.786, 0.786, 0.786, 0.786, 0.786, 0.786, 0.786, 0.786, 0.788, 0.788, 0.788, 0.788, 0.788, 0.788, 0.788, 0.788, 0.786, 0.786, 0.786, 0.786, 0.786, 0.786, 0.786, 0.786, 0.786, 0.786, 0.786, 0.786, 0.786, 0.786, 0.786, 0.786, 0.786, 0.784, 0.784, 0.784, 0.784, 0.784, 0.784, 0.784, 0.784, 0.784, 0.782, 0.782, 0.782, 0.782, 0.782, 0.782, 0.782, 0.782, 0.782, 0.782, 0.782, 0.782, 0.782, 0.782, 0.782, 0.782, 0.782, 0.782, 0.782, 0.782, 0.782, 0.782, 0.782, 0.782, 0.782, 0.782, 0.782, 0.782, 0.782, 0.782, 0.782, 0.782, 0.782, 0.782]
test_accuracy_list: [0.13, 0.13, 0.13, 0.168, 0.149, 0.144, 0.064, 0.103, 0.13, 0.319, 0.091, 0.149, 0.149, 0.149, 0.226, 0.195, 0.151, 0.147, 0.146, 0.145, 0.151, 0.172, 0.181, 0.152, 0.166, 0.176, 0.162, 0.171, 0.267, 0.365, 0.332, 0.345, 0.423, 0.197, 0.21, 0.256, 0.296, 0.291, 0.298, 0.302, 0.321, 0.353, 0.364, 0.356, 0.331, 0.345, 0.381, 0.438, 0.478, 0.498, 0.502, 0.521, 0.555, 0.585, 0.605, 0.61, 0.616, 0.604, 0.579, 0.557, 0.542, 0.531, 0.527, 0.537, 0.548, 0.567, 0.595, 0.624, 0.645, 0.659, 0.668, 0.673, 0.681, 0.682, 0.67, 0.667, 0.666, 0.679, 0.694, 0.703, 0.707, 0.706, 0.714, 0.716, 0.721, 0.727, 0.735, 0.737, 0.737, 0.733, 0.737, 0.742, 0.745, 0.747, 0.751, 0.754, 0.759, 0.76, 0.759, 0.762, 0.76, 0.762, 0.763, 0.764, 0.764, 0.764, 0.765, 0.765, 0.764, 0.763, 0.766, 0.769, 0.771, 0.771, 0.772, 0.773, 0.776, 0.776, 0.779, 0.78, 0.78, 0.781, 0.781, 0.78, 0.78, 0.78, 0.783, 0.783, 0.784, 0.783, 0.784, 0.783, 0.785, 0.785, 0.785, 0.784, 0.785, 0.784, 0.784, 0.784, 0.783, 0.785, 0.783, 0.783, 0.782, 0.783, 0.784, 0.783, 0.783, 0.783, 0.783, 0.783, 0.783, 0.783, 0.783, 0.783, 0.786, 0.786, 0.785, 0.784, 0.784, 0.784, 0.786, 0.79, 0.791, 0.791, 0.791, 0.79, 0.79, 0.79, 0.79, 0.789, 0.789, 0.789, 0.789, 0.789, 0.789, 0.787, 0.788, 0.788, 0.788, 0.788, 0.788, 0.788, 0.788, 0.788, 0.788, 0.787, 0.787, 0.787, 0.787, 0.787, 0.786, 0.786, 0.786, 0.785, 0.785, 0.784, 0.784, 0.784, 0.784, 0.784, 0.784, 0.784, 0.783, 0.783, 0.781, 0.781, 0.781, 0.781, 0.781, 0.781, 0.781, 0.782, 0.782, 0.782, 0.782, 0.782, 0.782, 0.782, 0.782, 0.782, 0.782, 0.783, 0.784, 0.784, 0.784, 0.784, 0.784, 0.784, 0.784, 0.784, 0.783, 0.783, 0.782, 0.782, 0.782, 0.782, 0.782, 0.782, 0.782, 0.782, 0.782, 0.782, 0.783, 0.783, 0.783, 0.783, 0.783, 0.783, 0.783, 0.783, 0.783, 0.782, 0.782, 0.782, 0.782, 0.782, 0.782, 0.783, 0.783, 0.783, 0.783, 0.783, 0.783, 0.783, 0.783, 0.783, 0.783, 0.783, 0.783, 0.783, 0.783, 0.784, 0.784, 0.784, 0.784, 0.784, 0.784, 0.783, 0.783, 0.783, 0.783, 0.783, 0.783, 0.783, 0.783, 0.784, 0.784, 0.784, 0.784, 0.784, 0.784, 0.784, 0.784, 0.784, 0.784, 0.784, 0.784, 0.784, 0.784, 0.784, 0.784, 0.784, 0.784, 0.784, 0.784, 0.783, 0.783, 0.783, 0.783, 0.783, 0.783, 0.783, 0.783, 0.783, 0.783, 0.783, 0.783, 0.783, 0.784, 0.784, 0.783, 0.783, 0.782, 0.782, 0.782, 0.782, 0.782, 0.782, 0.782, 0.783, 0.783, 0.783, 0.783, 0.783, 0.783, 0.783, 0.783, 0.783, 0.783, 0.783, 0.783, 0.783, 0.783, 0.783, 0.783, 0.783, 0.782, 0.782, 0.782, 0.782, 0.782, 0.782, 0.782, 0.782, 0.782, 0.782, 0.782, 0.782, 0.782, 0.782, 0.781, 0.781, 0.78, 0.78, 0.78, 0.78, 0.78, 0.78, 0.78, 0.78, 0.78, 0.78, 0.78, 0.78, 0.78, 0.78, 0.78, 0.78, 0.779, 0.779, 0.779, 0.779, 0.779, 0.779, 0.778, 0.778, 0.778, 0.778, 0.778, 0.778, 0.778, 0.778, 0.778, 0.778, 0.778, 0.778, 0.778]
best validation: 0.79
best test: 0.791
num distinct structures: 2365
Experiment run 6
dataset: Cora
num_mp_layers: 3
num_fl_layers: 2
mp_hidden_dim: 8000
fl_hidden_dim: 512
epsilon: 1.118033988749895
optimizer_lr: 0.01
loss_func: CrossEntropyLoss
total_epoch: 400
Epoch: 50, Loss: 1.4193, Train: 82.86%, Valid: 60.80%, Test: 60.60%, Best Valid: 61.40%, Best Test: 64.00%
Epoch: 100, Loss: 0.2854, Train: 97.14%, Valid: 78.20%, Test: 79.70%, Best Valid: 78.20%, Best Test: 79.80%
Epoch: 150, Loss: 0.0739, Train: 100.00%, Valid: 76.60%, Test: 79.00%, Best Valid: 78.20%, Best Test: 79.80%
Epoch: 200, Loss: 0.0311, Train: 100.00%, Valid: 77.60%, Test: 79.00%, Best Valid: 78.20%, Best Test: 79.80%
Epoch: 250, Loss: 0.0170, Train: 100.00%, Valid: 78.20%, Test: 78.90%, Best Valid: 78.40%, Best Test: 79.80%
Epoch: 300, Loss: 0.0107, Train: 100.00%, Valid: 78.00%, Test: 78.90%, Best Valid: 78.60%, Best Test: 79.80%
Epoch: 350, Loss: 0.0074, Train: 100.00%, Valid: 77.60%, Test: 78.60%, Best Valid: 78.60%, Best Test: 79.80%
train_accuracy_list: [0.14285714285714285, 0.14285714285714285, 0.14285714285714285, 0.14285714285714285, 0.14285714285714285, 0.17857142857142858, 0.14285714285714285, 0.14285714285714285, 0.14285714285714285, 0.14285714285714285, 0.22857142857142856, 0.2571428571428571, 0.32142857142857145, 0.2642857142857143, 0.22142857142857142, 0.22142857142857142, 0.24285714285714285, 0.29285714285714287, 0.32142857142857145, 0.4142857142857143, 0.2642857142857143, 0.16428571428571428, 0.2, 0.42142857142857143, 0.37857142857142856, 0.3142857142857143, 0.34285714285714286, 0.36428571428571427, 0.45714285714285713, 0.5642857142857143, 0.36428571428571427, 0.32142857142857145, 0.32142857142857145, 0.32857142857142857, 0.34285714285714286, 0.4857142857142857, 0.7785714285714286, 0.8428571428571429, 0.6857142857142857, 0.6285714285714286, 0.7, 0.8, 0.8571428571428571, 0.8714285714285714, 0.8428571428571429, 0.7785714285714286, 0.7714285714285715, 0.7857142857142857, 0.8142857142857143, 0.8285714285714286, 0.8571428571428571, 0.8785714285714286, 0.8857142857142857, 0.8857142857142857, 0.8857142857142857, 0.8785714285714286, 0.8785714285714286, 0.8785714285714286, 0.8857142857142857, 0.8857142857142857, 0.8857142857142857, 0.8857142857142857, 0.9071428571428571, 0.9, 0.9, 0.9071428571428571, 0.9, 0.9, 0.8928571428571429, 0.9142857142857143, 0.9142857142857143, 0.9214285714285714, 0.9214285714285714, 0.9285714285714286, 0.9285714285714286, 0.9214285714285714, 0.9214285714285714, 0.9285714285714286, 0.9285714285714286, 0.9285714285714286, 0.9357142857142857, 0.9428571428571428, 0.9571428571428572, 0.9571428571428572, 0.9571428571428572, 0.9571428571428572, 0.9571428571428572, 0.9571428571428572, 0.95, 0.95, 0.9571428571428572, 0.9714285714285714, 0.9785714285714285, 0.9714285714285714, 0.9714285714285714, 0.9714285714285714, 0.9714285714285714, 0.9714285714285714, 0.9714285714285714, 0.9714285714285714, 0.9785714285714285, 0.9785714285714285, 0.9857142857142858, 0.9928571428571429, 0.9928571428571429, 0.9928571428571429, 0.9928571428571429, 0.9928571428571429, 0.9928571428571429, 0.9928571428571429, 0.9928571428571429, 0.9928571428571429, 0.9928571428571429, 0.9928571428571429, 0.9928571428571429, 0.9928571428571429, 0.9928571428571429, 0.9928571428571429, 0.9928571428571429, 0.9928571428571429, 1.0, 1.0, 1.0, 1.0, 1.0, 1.0, 1.0, 1.0, 1.0, 1.0, 1.0, 1.0, 1.0, 1.0, 1.0, 1.0, 1.0, 1.0, 1.0, 1.0, 1.0, 1.0, 1.0, 1.0, 1.0, 1.0, 1.0, 1.0, 1.0, 1.0, 1.0, 1.0, 1.0, 1.0, 1.0, 1.0, 1.0, 1.0, 1.0, 1.0, 1.0, 1.0, 1.0, 1.0, 1.0, 1.0, 1.0, 1.0, 1.0, 1.0, 1.0, 1.0, 1.0, 1.0, 1.0, 1.0, 1.0, 1.0, 1.0, 1.0, 1.0, 1.0, 1.0, 1.0, 1.0, 1.0, 1.0, 1.0, 1.0, 1.0, 1.0, 1.0, 1.0, 1.0, 1.0, 1.0, 1.0, 1.0, 1.0, 1.0, 1.0, 1.0, 1.0, 1.0, 1.0, 1.0, 1.0, 1.0, 1.0, 1.0, 1.0, 1.0, 1.0, 1.0, 1.0, 1.0, 1.0, 1.0, 1.0, 1.0, 1.0, 1.0, 1.0, 1.0, 1.0, 1.0, 1.0, 1.0, 1.0, 1.0, 1.0, 1.0, 1.0, 1.0, 1.0, 1.0, 1.0, 1.0, 1.0, 1.0, 1.0, 1.0, 1.0, 1.0, 1.0, 1.0, 1.0, 1.0, 1.0, 1.0, 1.0, 1.0, 1.0, 1.0, 1.0, 1.0, 1.0, 1.0, 1.0, 1.0, 1.0, 1.0, 1.0, 1.0, 1.0, 1.0, 1.0, 1.0, 1.0, 1.0, 1.0, 1.0, 1.0, 1.0, 1.0, 1.0, 1.0, 1.0, 1.0, 1.0, 1.0, 1.0, 1.0, 1.0, 1.0, 1.0, 1.0, 1.0, 1.0, 1.0, 1.0, 1.0, 1.0, 1.0, 1.0, 1.0, 1.0, 1.0, 1.0, 1.0, 1.0, 1.0, 1.0, 1.0, 1.0, 1.0, 1.0, 1.0, 1.0, 1.0, 1.0, 1.0, 1.0, 1.0, 1.0, 1.0, 1.0, 1.0, 1.0, 1.0, 1.0, 1.0, 1.0, 1.0, 1.0, 1.0, 1.0, 1.0, 1.0, 1.0, 1.0, 1.0, 1.0, 1.0, 1.0, 1.0, 1.0, 1.0, 1.0, 1.0, 1.0, 1.0, 1.0, 1.0, 1.0, 1.0, 1.0, 1.0, 1.0, 1.0, 1.0, 1.0, 1.0, 1.0, 1.0, 1.0, 1.0, 1.0, 1.0, 1.0, 1.0, 1.0, 1.0, 1.0, 1.0, 1.0, 1.0, 1.0, 1.0, 1.0, 1.0, 1.0, 1.0, 1.0, 1.0, 1.0, 1.0, 1.0, 1.0, 1.0, 1.0, 1.0, 1.0, 1.0, 1.0, 1.0, 1.0, 1.0, 1.0, 1.0, 1.0, 1.0, 1.0, 1.0, 1.0, 1.0, 1.0, 1.0, 1.0]
valid_accuracy_list: [0.072, 0.072, 0.316, 0.114, 0.072, 0.124, 0.058, 0.316, 0.156, 0.156, 0.17, 0.238, 0.252, 0.186, 0.156, 0.154, 0.16, 0.192, 0.244, 0.252, 0.09, 0.064, 0.072, 0.27, 0.378, 0.428, 0.394, 0.246, 0.312, 0.418, 0.29, 0.264, 0.242, 0.234, 0.238, 0.26, 0.5, 0.502, 0.41, 0.398, 0.45, 0.532, 0.606, 0.614, 0.546, 0.484, 0.452, 0.462, 0.502, 0.608, 0.676, 0.7, 0.696, 0.696, 0.7, 0.702, 0.692, 0.668, 0.656, 0.66, 0.668, 0.682, 0.7, 0.716, 0.718, 0.72, 0.728, 0.73, 0.74, 0.734, 0.734, 0.738, 0.742, 0.744, 0.748, 0.762, 0.764, 0.758, 0.76, 0.772, 0.768, 0.768, 0.766, 0.764, 0.764, 0.77, 0.778, 0.778, 0.778, 0.778, 0.776, 0.778, 0.78, 0.782, 0.782, 0.782, 0.782, 0.782, 0.782, 0.782, 0.782, 0.782, 0.78, 0.778, 0.78, 0.78, 0.778, 0.778, 0.778, 0.778, 0.778, 0.778, 0.778, 0.776, 0.776, 0.776, 0.774, 0.774, 0.774, 0.772, 0.772, 0.772, 0.772, 0.772, 0.774, 0.774, 0.774, 0.772, 0.772, 0.772, 0.772, 0.77, 0.768, 0.766, 0.766, 0.764, 0.764, 0.764, 0.762, 0.762, 0.762, 0.764, 0.764, 0.764, 0.764, 0.764, 0.766, 0.768, 0.768, 0.766, 0.766, 0.766, 0.766, 0.764, 0.764, 0.764, 0.766, 0.766, 0.766, 0.768, 0.768, 0.768, 0.768, 0.768, 0.768, 0.768, 0.768, 0.768, 0.77, 0.768, 0.768, 0.768, 0.77, 0.77, 0.77, 0.77, 0.774, 0.774, 0.774, 0.774, 0.776, 0.778, 0.776, 0.776, 0.776, 0.776, 0.776, 0.778, 0.778, 0.776, 0.776, 0.776, 0.776, 0.776, 0.776, 0.776, 0.776, 0.776, 0.776, 0.776, 0.776, 0.776, 0.776, 0.776, 0.776, 0.776, 0.776, 0.776, 0.776, 0.776, 0.776, 0.776, 0.776, 0.776, 0.776, 0.774, 0.774, 0.774, 0.774, 0.774, 0.774, 0.774, 0.774, 0.774, 0.774, 0.776, 0.776, 0.776, 0.778, 0.782, 0.782, 0.782, 0.782, 0.782, 0.784, 0.784, 0.784, 0.784, 0.784, 0.784, 0.784, 0.784, 0.782, 0.782, 0.782, 0.782, 0.782, 0.782, 0.782, 0.782, 0.782, 0.782, 0.782, 0.782, 0.782, 0.782, 0.784, 0.786, 0.786, 0.786, 0.786, 0.786, 0.786, 0.784, 0.784, 0.784, 0.784, 0.784, 0.784, 0.784, 0.784, 0.784, 0.784, 0.784, 0.784, 0.784, 0.784, 0.784, 0.784, 0.784, 0.784, 0.784, 0.784, 0.784, 0.782, 0.782, 0.782, 0.782, 0.782, 0.782, 0.782, 0.782, 0.782, 0.782, 0.78, 0.78, 0.78, 0.78, 0.78, 0.78, 0.78, 0.78, 0.78, 0.78, 0.78, 0.78, 0.78, 0.78, 0.78, 0.78, 0.78, 0.78, 0.778, 0.778, 0.778, 0.778, 0.778, 0.778, 0.778, 0.778, 0.778, 0.778, 0.778, 0.778, 0.778, 0.778, 0.778, 0.778, 0.776, 0.776, 0.776, 0.776, 0.776, 0.776, 0.776, 0.776, 0.776, 0.776, 0.776, 0.776, 0.776, 0.776, 0.776, 0.776, 0.776, 0.776, 0.776, 0.776, 0.776, 0.776, 0.776, 0.776, 0.776, 0.776, 0.776, 0.776, 0.776, 0.776, 0.776, 0.776, 0.776, 0.776, 0.776, 0.776, 0.776, 0.776, 0.776, 0.776, 0.776, 0.776, 0.776, 0.776, 0.776, 0.776, 0.776, 0.774, 0.774, 0.774, 0.774, 0.774, 0.774, 0.774, 0.774, 0.774, 0.774, 0.774, 0.774, 0.774, 0.774, 0.774, 0.774, 0.774, 0.774, 0.774, 0.774, 0.774, 0.774, 0.774, 0.774]
test_accuracy_list: [0.091, 0.091, 0.319, 0.103, 0.091, 0.138, 0.064, 0.319, 0.144, 0.144, 0.171, 0.23, 0.223, 0.17, 0.146, 0.145, 0.149, 0.179, 0.217, 0.269, 0.096, 0.067, 0.073, 0.321, 0.382, 0.419, 0.392, 0.264, 0.272, 0.404, 0.277, 0.246, 0.222, 0.209, 0.216, 0.244, 0.503, 0.554, 0.453, 0.456, 0.486, 0.546, 0.625, 0.64, 0.546, 0.485, 0.449, 0.456, 0.519, 0.606, 0.685, 0.715, 0.712, 0.707, 0.708, 0.712, 0.718, 0.706, 0.702, 0.693, 0.694, 0.704, 0.714, 0.727, 0.738, 0.739, 0.731, 0.736, 0.746, 0.748, 0.745, 0.746, 0.75, 0.757, 0.759, 0.765, 0.771, 0.77, 0.771, 0.772, 0.77, 0.77, 0.771, 0.772, 0.777, 0.778, 0.778, 0.777, 0.783, 0.786, 0.79, 0.788, 0.79, 0.789, 0.793, 0.795, 0.794, 0.798, 0.797, 0.797, 0.797, 0.798, 0.798, 0.796, 0.794, 0.795, 0.797, 0.797, 0.795, 0.795, 0.796, 0.794, 0.792, 0.792, 0.791, 0.792, 0.792, 0.793, 0.793, 0.794, 0.795, 0.794, 0.793, 0.794, 0.793, 0.791, 0.791, 0.791, 0.791, 0.792, 0.791, 0.791, 0.791, 0.791, 0.791, 0.791, 0.79, 0.79, 0.788, 0.788, 0.788, 0.789, 0.789, 0.789, 0.789, 0.789, 0.789, 0.79, 0.789, 0.79, 0.79, 0.791, 0.79, 0.79, 0.79, 0.79, 0.79, 0.79, 0.79, 0.789, 0.789, 0.789, 0.789, 0.789, 0.788, 0.789, 0.789, 0.788, 0.789, 0.789, 0.789, 0.789, 0.789, 0.788, 0.788, 0.788, 0.788, 0.788, 0.788, 0.788, 0.788, 0.789, 0.789, 0.789, 0.789, 0.789, 0.789, 0.789, 0.79, 0.79, 0.79, 0.791, 0.791, 0.791, 0.791, 0.791, 0.79, 0.79, 0.79, 0.79, 0.789, 0.789, 0.789, 0.789, 0.789, 0.788, 0.788, 0.787, 0.787, 0.787, 0.787, 0.786, 0.786, 0.786, 0.786, 0.786, 0.787, 0.787, 0.787, 0.787, 0.787, 0.787, 0.787, 0.786, 0.786, 0.787, 0.787, 0.787, 0.787, 0.786, 0.786, 0.786, 0.786, 0.786, 0.787, 0.787, 0.787, 0.787, 0.788, 0.788, 0.788, 0.789, 0.789, 0.789, 0.789, 0.789, 0.789, 0.789, 0.789, 0.789, 0.789, 0.789, 0.79, 0.79, 0.791, 0.791, 0.791, 0.791, 0.791, 0.79, 0.79, 0.79, 0.79, 0.79, 0.791, 0.791, 0.791, 0.791, 0.791, 0.791, 0.791, 0.791, 0.791, 0.791, 0.791, 0.791, 0.791, 0.791, 0.791, 0.791, 0.791, 0.791, 0.791, 0.791, 0.791, 0.79, 0.79, 0.79, 0.79, 0.79, 0.79, 0.79, 0.79, 0.79, 0.789, 0.789, 0.789, 0.789, 0.789, 0.789, 0.789, 0.789, 0.789, 0.789, 0.789, 0.789, 0.789, 0.789, 0.789, 0.789, 0.789, 0.789, 0.789, 0.789, 0.789, 0.789, 0.789, 0.789, 0.789, 0.789, 0.789, 0.789, 0.789, 0.789, 0.789, 0.789, 0.789, 0.789, 0.789, 0.789, 0.789, 0.789, 0.788, 0.788, 0.788, 0.788, 0.788, 0.788, 0.788, 0.788, 0.788, 0.788, 0.788, 0.788, 0.788, 0.787, 0.786, 0.786, 0.786, 0.786, 0.786, 0.786, 0.786, 0.786, 0.786, 0.786, 0.786, 0.786, 0.786, 0.786, 0.786, 0.786, 0.786, 0.786, 0.786, 0.786, 0.786, 0.786, 0.786, 0.786, 0.786, 0.786, 0.786, 0.786, 0.786, 0.786, 0.786, 0.786, 0.786, 0.786, 0.786, 0.786, 0.786, 0.786, 0.786, 0.786, 0.786, 0.786, 0.786, 0.786, 0.786, 0.786, 0.786, 0.786, 0.787, 0.787, 0.787, 0.787, 0.787]
best validation: 0.786
best test: 0.798
End abalation study
