/Users/yifanguan/gnn_research/GraphLearning/venv/bin/python main.py --mp_width --train_mp
Begin abalation study
num distinct structures: 2365
Experiment run 0
dataset: Cora
num_mp_layers: 3
num_fl_layers: 2
mp_hidden_dim: 250
fl_hidden_dim: 512
epsilon: 1.118033988749895
optimizer_lr: 0.01
loss_func: CrossEntropyLoss
total_epoch: 400
Epoch: 50, Loss: 1.4394, Train: 46.43%, Valid: 29.80%, Test: 31.50%, Best Valid: 43.00%, Best Test: 43.80%
Epoch: 100, Loss: 0.0001, Train: 100.00%, Valid: 69.80%, Test: 66.60%, Best Valid: 70.20%, Best Test: 69.50%
Epoch: 150, Loss: 0.0000, Train: 100.00%, Valid: 69.40%, Test: 66.10%, Best Valid: 70.20%, Best Test: 69.50%
Epoch: 200, Loss: 0.0000, Train: 100.00%, Valid: 70.20%, Test: 66.60%, Best Valid: 70.20%, Best Test: 69.50%
Epoch: 250, Loss: 0.0000, Train: 100.00%, Valid: 70.20%, Test: 66.60%, Best Valid: 70.20%, Best Test: 69.50%
Epoch: 300, Loss: 0.0000, Train: 100.00%, Valid: 70.20%, Test: 67.00%, Best Valid: 70.40%, Best Test: 69.50%
Epoch: 350, Loss: 0.0000, Train: 100.00%, Valid: 70.40%, Test: 67.10%, Best Valid: 70.40%, Best Test: 69.50%
train_accuracy_list: [0.14285714285714285, 0.14285714285714285, 0.14285714285714285, 0.14285714285714285, 0.14285714285714285, 0.14285714285714285, 0.14285714285714285, 0.14285714285714285, 0.14285714285714285, 0.14285714285714285, 0.14285714285714285, 0.14285714285714285, 0.14285714285714285, 0.14285714285714285, 0.14285714285714285, 0.14285714285714285, 0.14285714285714285, 0.14285714285714285, 0.14285714285714285, 0.14285714285714285, 0.14285714285714285, 0.14285714285714285, 0.14285714285714285, 0.14285714285714285, 0.14285714285714285, 0.14285714285714285, 0.14285714285714285, 0.15, 0.2, 0.16428571428571428, 0.17142857142857143, 0.17142857142857143, 0.18571428571428572, 0.2, 0.20714285714285716, 0.37142857142857144, 0.21428571428571427, 0.2642857142857143, 0.35714285714285715, 0.2785714285714286, 0.2785714285714286, 0.3357142857142857, 0.40714285714285714, 0.44285714285714284, 0.5142857142857142, 0.6571428571428571, 0.6785714285714286, 0.5071428571428571, 0.4357142857142857, 0.4642857142857143, 0.6071428571428571, 0.6928571428571428, 0.6857142857142857, 0.8357142857142857, 0.8, 0.8642857142857143, 0.8928571428571429, 0.8571428571428571, 0.9214285714285714, 0.9428571428571428, 0.95, 0.9428571428571428, 0.9571428571428572, 0.9928571428571429, 0.9785714285714285, 0.9928571428571429, 0.9857142857142858, 1.0, 0.9928571428571429, 0.9928571428571429, 1.0, 1.0, 1.0, 1.0, 1.0, 1.0, 1.0, 1.0, 1.0, 1.0, 1.0, 1.0, 1.0, 1.0, 1.0, 1.0, 1.0, 1.0, 1.0, 1.0, 1.0, 1.0, 1.0, 1.0, 1.0, 1.0, 1.0, 1.0, 1.0, 1.0, 1.0, 1.0, 1.0, 1.0, 1.0, 1.0, 1.0, 1.0, 1.0, 1.0, 1.0, 1.0, 1.0, 1.0, 1.0, 1.0, 1.0, 1.0, 1.0, 1.0, 1.0, 1.0, 1.0, 1.0, 1.0, 1.0, 1.0, 1.0, 1.0, 1.0, 1.0, 1.0, 1.0, 1.0, 1.0, 1.0, 1.0, 1.0, 1.0, 1.0, 1.0, 1.0, 1.0, 1.0, 1.0, 1.0, 1.0, 1.0, 1.0, 1.0, 1.0, 1.0, 1.0, 1.0, 1.0, 1.0, 1.0, 1.0, 1.0, 1.0, 1.0, 1.0, 1.0, 1.0, 1.0, 1.0, 1.0, 1.0, 1.0, 1.0, 1.0, 1.0, 1.0, 1.0, 1.0, 1.0, 1.0, 1.0, 1.0, 1.0, 1.0, 1.0, 1.0, 1.0, 1.0, 1.0, 1.0, 1.0, 1.0, 1.0, 1.0, 1.0, 1.0, 1.0, 1.0, 1.0, 1.0, 1.0, 1.0, 1.0, 1.0, 1.0, 1.0, 1.0, 1.0, 1.0, 1.0, 1.0, 1.0, 1.0, 1.0, 1.0, 1.0, 1.0, 1.0, 1.0, 1.0, 1.0, 1.0, 1.0, 1.0, 1.0, 1.0, 1.0, 1.0, 1.0, 1.0, 1.0, 1.0, 1.0, 1.0, 1.0, 1.0, 1.0, 1.0, 1.0, 1.0, 1.0, 1.0, 1.0, 1.0, 1.0, 1.0, 1.0, 1.0, 1.0, 1.0, 1.0, 1.0, 1.0, 1.0, 1.0, 1.0, 1.0, 1.0, 1.0, 1.0, 1.0, 1.0, 1.0, 1.0, 1.0, 1.0, 1.0, 1.0, 1.0, 1.0, 1.0, 1.0, 1.0, 1.0, 1.0, 1.0, 1.0, 1.0, 1.0, 1.0, 1.0, 1.0, 1.0, 1.0, 1.0, 1.0, 1.0, 1.0, 1.0, 1.0, 1.0, 1.0, 1.0, 1.0, 1.0, 1.0, 1.0, 1.0, 1.0, 1.0, 1.0, 1.0, 1.0, 1.0, 1.0, 1.0, 1.0, 1.0, 1.0, 1.0, 1.0, 1.0, 1.0, 1.0, 1.0, 1.0, 1.0, 1.0, 1.0, 1.0, 1.0, 1.0, 1.0, 1.0, 1.0, 1.0, 1.0, 1.0, 1.0, 1.0, 1.0, 1.0, 1.0, 1.0, 1.0, 1.0, 1.0, 1.0, 1.0, 1.0, 1.0, 1.0, 1.0, 1.0, 1.0, 1.0, 1.0, 1.0, 1.0, 1.0, 1.0, 1.0, 1.0, 1.0, 1.0, 1.0, 1.0, 1.0, 1.0, 1.0, 1.0, 1.0, 1.0, 1.0, 1.0, 1.0, 1.0, 1.0, 1.0, 1.0, 1.0, 1.0, 1.0, 1.0, 1.0, 1.0, 1.0, 1.0, 1.0, 1.0, 1.0, 1.0, 1.0, 1.0, 1.0, 1.0, 1.0, 1.0, 1.0, 1.0, 1.0, 1.0, 1.0, 1.0, 1.0, 1.0, 1.0, 1.0, 1.0, 1.0, 1.0, 1.0]
valid_accuracy_list: [0.316, 0.316, 0.316, 0.122, 0.162, 0.058, 0.316, 0.072, 0.122, 0.122, 0.156, 0.156, 0.156, 0.158, 0.162, 0.162, 0.162, 0.162, 0.162, 0.162, 0.162, 0.162, 0.162, 0.162, 0.114, 0.114, 0.114, 0.114, 0.108, 0.158, 0.162, 0.164, 0.164, 0.17, 0.204, 0.262, 0.164, 0.176, 0.228, 0.162, 0.158, 0.196, 0.258, 0.252, 0.268, 0.366, 0.43, 0.33, 0.282, 0.298, 0.418, 0.462, 0.506, 0.62, 0.576, 0.542, 0.64, 0.546, 0.634, 0.63, 0.622, 0.678, 0.674, 0.668, 0.654, 0.696, 0.69, 0.702, 0.652, 0.654, 0.674, 0.682, 0.698, 0.688, 0.686, 0.678, 0.666, 0.67, 0.672, 0.692, 0.694, 0.7, 0.7, 0.702, 0.702, 0.7, 0.7, 0.698, 0.696, 0.694, 0.692, 0.688, 0.688, 0.692, 0.694, 0.696, 0.696, 0.696, 0.696, 0.698, 0.7, 0.7, 0.7, 0.696, 0.698, 0.696, 0.698, 0.694, 0.692, 0.692, 0.692, 0.692, 0.692, 0.69, 0.69, 0.69, 0.69, 0.69, 0.69, 0.69, 0.69, 0.692, 0.692, 0.692, 0.694, 0.694, 0.694, 0.696, 0.696, 0.696, 0.694, 0.694, 0.694, 0.694, 0.694, 0.694, 0.694, 0.694, 0.694, 0.694, 0.694, 0.694, 0.694, 0.694, 0.694, 0.694, 0.694, 0.694, 0.694, 0.694, 0.692, 0.692, 0.692, 0.692, 0.692, 0.692, 0.692, 0.692, 0.692, 0.692, 0.694, 0.694, 0.694, 0.694, 0.696, 0.696, 0.696, 0.696, 0.696, 0.696, 0.696, 0.696, 0.696, 0.698, 0.698, 0.698, 0.698, 0.698, 0.698, 0.698, 0.698, 0.698, 0.698, 0.698, 0.7, 0.7, 0.7, 0.7, 0.7, 0.7, 0.7, 0.7, 0.7, 0.702, 0.702, 0.702, 0.702, 0.702, 0.702, 0.702, 0.702, 0.702, 0.702, 0.702, 0.702, 0.702, 0.702, 0.702, 0.702, 0.702, 0.702, 0.702, 0.702, 0.702, 0.702, 0.702, 0.702, 0.702, 0.702, 0.702, 0.7, 0.7, 0.7, 0.7, 0.7, 0.7, 0.7, 0.7, 0.7, 0.7, 0.7, 0.7, 0.7, 0.7, 0.7, 0.7, 0.7, 0.7, 0.7, 0.7, 0.7, 0.7, 0.7, 0.7, 0.7, 0.7, 0.7, 0.7, 0.7, 0.702, 0.702, 0.702, 0.702, 0.702, 0.702, 0.702, 0.702, 0.702, 0.702, 0.702, 0.702, 0.702, 0.702, 0.702, 0.702, 0.702, 0.702, 0.702, 0.704, 0.704, 0.704, 0.704, 0.704, 0.704, 0.704, 0.704, 0.704, 0.704, 0.702, 0.702, 0.702, 0.702, 0.702, 0.702, 0.702, 0.702, 0.702, 0.702, 0.702, 0.702, 0.702, 0.702, 0.702, 0.702, 0.702, 0.702, 0.702, 0.702, 0.702, 0.702, 0.702, 0.702, 0.702, 0.702, 0.702, 0.702, 0.702, 0.702, 0.702, 0.702, 0.702, 0.702, 0.702, 0.702, 0.702, 0.702, 0.702, 0.702, 0.702, 0.702, 0.702, 0.702, 0.702, 0.702, 0.702, 0.702, 0.702, 0.702, 0.702, 0.704, 0.704, 0.704, 0.704, 0.704, 0.704, 0.704, 0.704, 0.704, 0.704, 0.704, 0.704, 0.704, 0.704, 0.704, 0.704, 0.704, 0.704, 0.704, 0.704, 0.704, 0.704, 0.704, 0.704, 0.704, 0.704, 0.704, 0.704, 0.704, 0.704, 0.704, 0.704, 0.704, 0.704, 0.704, 0.704, 0.706, 0.706, 0.704, 0.704, 0.704, 0.704, 0.704, 0.704, 0.704, 0.704, 0.704, 0.704, 0.704, 0.702, 0.702, 0.702, 0.702, 0.702, 0.702, 0.702, 0.702, 0.702, 0.702, 0.702, 0.702, 0.702, 0.702, 0.702, 0.702, 0.702, 0.702, 0.702, 0.702, 0.702]
test_accuracy_list: [0.319, 0.319, 0.319, 0.13, 0.149, 0.064, 0.319, 0.091, 0.13, 0.13, 0.144, 0.144, 0.144, 0.145, 0.149, 0.149, 0.149, 0.149, 0.149, 0.149, 0.149, 0.149, 0.149, 0.149, 0.103, 0.103, 0.103, 0.103, 0.131, 0.148, 0.148, 0.149, 0.152, 0.155, 0.173, 0.246, 0.161, 0.168, 0.213, 0.162, 0.153, 0.185, 0.246, 0.266, 0.307, 0.416, 0.438, 0.329, 0.29, 0.315, 0.43, 0.455, 0.514, 0.597, 0.576, 0.561, 0.638, 0.544, 0.622, 0.63, 0.619, 0.651, 0.67, 0.65, 0.622, 0.677, 0.695, 0.687, 0.656, 0.643, 0.652, 0.667, 0.671, 0.676, 0.67, 0.661, 0.656, 0.654, 0.652, 0.655, 0.657, 0.663, 0.662, 0.669, 0.67, 0.671, 0.673, 0.671, 0.667, 0.662, 0.655, 0.656, 0.654, 0.655, 0.655, 0.657, 0.66, 0.661, 0.665, 0.666, 0.666, 0.666, 0.666, 0.664, 0.662, 0.659, 0.659, 0.658, 0.656, 0.655, 0.656, 0.656, 0.658, 0.655, 0.655, 0.656, 0.658, 0.658, 0.658, 0.657, 0.656, 0.657, 0.658, 0.658, 0.66, 0.66, 0.66, 0.66, 0.661, 0.661, 0.662, 0.661, 0.661, 0.661, 0.661, 0.662, 0.662, 0.662, 0.662, 0.662, 0.663, 0.662, 0.662, 0.662, 0.662, 0.661, 0.661, 0.661, 0.661, 0.661, 0.661, 0.661, 0.661, 0.661, 0.662, 0.663, 0.663, 0.663, 0.663, 0.663, 0.663, 0.662, 0.663, 0.663, 0.663, 0.662, 0.662, 0.662, 0.663, 0.663, 0.663, 0.663, 0.663, 0.663, 0.663, 0.663, 0.663, 0.663, 0.663, 0.663, 0.663, 0.663, 0.663, 0.663, 0.664, 0.664, 0.664, 0.665, 0.665, 0.665, 0.665, 0.665, 0.665, 0.665, 0.665, 0.665, 0.666, 0.666, 0.666, 0.666, 0.666, 0.666, 0.665, 0.665, 0.665, 0.665, 0.665, 0.665, 0.665, 0.665, 0.665, 0.665, 0.665, 0.665, 0.665, 0.665, 0.665, 0.665, 0.665, 0.665, 0.665, 0.665, 0.665, 0.665, 0.665, 0.665, 0.665, 0.665, 0.665, 0.665, 0.665, 0.665, 0.665, 0.665, 0.666, 0.666, 0.666, 0.666, 0.666, 0.666, 0.666, 0.666, 0.666, 0.666, 0.666, 0.666, 0.666, 0.666, 0.666, 0.666, 0.667, 0.667, 0.667, 0.667, 0.667, 0.667, 0.667, 0.667, 0.667, 0.667, 0.667, 0.667, 0.668, 0.668, 0.668, 0.669, 0.669, 0.669, 0.669, 0.669, 0.669, 0.669, 0.669, 0.669, 0.669, 0.669, 0.669, 0.669, 0.669, 0.669, 0.669, 0.669, 0.67, 0.67, 0.67, 0.67, 0.67, 0.67, 0.67, 0.67, 0.67, 0.67, 0.67, 0.67, 0.67, 0.67, 0.67, 0.67, 0.67, 0.67, 0.67, 0.67, 0.67, 0.67, 0.67, 0.67, 0.67, 0.67, 0.67, 0.67, 0.67, 0.67, 0.67, 0.67, 0.67, 0.67, 0.67, 0.67, 0.67, 0.67, 0.67, 0.67, 0.67, 0.67, 0.67, 0.67, 0.67, 0.67, 0.67, 0.67, 0.67, 0.67, 0.671, 0.671, 0.671, 0.671, 0.671, 0.671, 0.671, 0.671, 0.671, 0.671, 0.671, 0.671, 0.671, 0.671, 0.671, 0.671, 0.671, 0.671, 0.671, 0.671, 0.671, 0.671, 0.671, 0.671, 0.671, 0.671, 0.671, 0.671, 0.671, 0.671, 0.671, 0.672, 0.674, 0.674, 0.674, 0.675, 0.675, 0.676, 0.676, 0.676, 0.676, 0.675, 0.675, 0.676, 0.676, 0.676, 0.676, 0.676, 0.677, 0.677, 0.677, 0.677, 0.677, 0.677, 0.677, 0.677, 0.677, 0.677, 0.677, 0.677, 0.677, 0.677, 0.677, 0.677, 0.677, 0.677, 0.677]
best validation: 0.706
best test: 0.695
num distinct structures: 2365
Experiment run 1
dataset: Cora
num_mp_layers: 3
num_fl_layers: 2
mp_hidden_dim: 500
fl_hidden_dim: 512
epsilon: 1.118033988749895
optimizer_lr: 0.01
loss_func: CrossEntropyLoss
total_epoch: 400
Epoch: 50, Loss: 1.3070, Train: 41.43%, Valid: 32.80%, Test: 34.90%, Best Valid: 48.80%, Best Test: 48.80%
Epoch: 100, Loss: 0.0001, Train: 100.00%, Valid: 66.60%, Test: 69.90%, Best Valid: 67.80%, Best Test: 69.90%
Epoch: 150, Loss: 0.0000, Train: 100.00%, Valid: 68.40%, Test: 71.00%, Best Valid: 68.40%, Best Test: 71.00%
Epoch: 200, Loss: 0.0000, Train: 100.00%, Valid: 68.40%, Test: 71.20%, Best Valid: 68.60%, Best Test: 71.20%
Epoch: 250, Loss: 0.0000, Train: 100.00%, Valid: 68.40%, Test: 71.70%, Best Valid: 68.60%, Best Test: 71.70%
Epoch: 300, Loss: 0.0000, Train: 100.00%, Valid: 68.60%, Test: 71.80%, Best Valid: 68.60%, Best Test: 71.80%
Epoch: 350, Loss: 0.0000, Train: 100.00%, Valid: 68.60%, Test: 72.00%, Best Valid: 68.60%, Best Test: 72.00%
train_accuracy_list: [0.14285714285714285, 0.14285714285714285, 0.14285714285714285, 0.17142857142857143, 0.14285714285714285, 0.14285714285714285, 0.14285714285714285, 0.14285714285714285, 0.14285714285714285, 0.14285714285714285, 0.14285714285714285, 0.14285714285714285, 0.14285714285714285, 0.14285714285714285, 0.14285714285714285, 0.14285714285714285, 0.14285714285714285, 0.14285714285714285, 0.15, 0.14285714285714285, 0.14285714285714285, 0.14285714285714285, 0.14285714285714285, 0.14285714285714285, 0.14285714285714285, 0.14285714285714285, 0.14285714285714285, 0.17857142857142858, 0.14285714285714285, 0.14285714285714285, 0.14285714285714285, 0.14285714285714285, 0.15, 0.19285714285714287, 0.24285714285714285, 0.2, 0.18571428571428572, 0.2357142857142857, 0.2714285714285714, 0.2571428571428571, 0.2642857142857143, 0.2785714285714286, 0.29285714285714287, 0.4, 0.6428571428571429, 0.5357142857142857, 0.5071428571428571, 0.4857142857142857, 0.42857142857142855, 0.4142857142857143, 0.5071428571428571, 0.6785714285714286, 0.8214285714285714, 0.8428571428571429, 0.8857142857142857, 0.8928571428571429, 0.8571428571428571, 0.8571428571428571, 0.9214285714285714, 0.9428571428571428, 0.9571428571428572, 0.9428571428571428, 0.9571428571428572, 0.9642857142857143, 0.9785714285714285, 0.9785714285714285, 0.9857142857142858, 0.9785714285714285, 1.0, 1.0, 0.9928571428571429, 0.9928571428571429, 1.0, 1.0, 1.0, 1.0, 1.0, 1.0, 1.0, 1.0, 1.0, 1.0, 1.0, 1.0, 1.0, 1.0, 1.0, 1.0, 1.0, 1.0, 1.0, 1.0, 1.0, 1.0, 1.0, 1.0, 1.0, 1.0, 1.0, 1.0, 1.0, 1.0, 1.0, 1.0, 1.0, 1.0, 1.0, 1.0, 1.0, 1.0, 1.0, 1.0, 1.0, 1.0, 1.0, 1.0, 1.0, 1.0, 1.0, 1.0, 1.0, 1.0, 1.0, 1.0, 1.0, 1.0, 1.0, 1.0, 1.0, 1.0, 1.0, 1.0, 1.0, 1.0, 1.0, 1.0, 1.0, 1.0, 1.0, 1.0, 1.0, 1.0, 1.0, 1.0, 1.0, 1.0, 1.0, 1.0, 1.0, 1.0, 1.0, 1.0, 1.0, 1.0, 1.0, 1.0, 1.0, 1.0, 1.0, 1.0, 1.0, 1.0, 1.0, 1.0, 1.0, 1.0, 1.0, 1.0, 1.0, 1.0, 1.0, 1.0, 1.0, 1.0, 1.0, 1.0, 1.0, 1.0, 1.0, 1.0, 1.0, 1.0, 1.0, 1.0, 1.0, 1.0, 1.0, 1.0, 1.0, 1.0, 1.0, 1.0, 1.0, 1.0, 1.0, 1.0, 1.0, 1.0, 1.0, 1.0, 1.0, 1.0, 1.0, 1.0, 1.0, 1.0, 1.0, 1.0, 1.0, 1.0, 1.0, 1.0, 1.0, 1.0, 1.0, 1.0, 1.0, 1.0, 1.0, 1.0, 1.0, 1.0, 1.0, 1.0, 1.0, 1.0, 1.0, 1.0, 1.0, 1.0, 1.0, 1.0, 1.0, 1.0, 1.0, 1.0, 1.0, 1.0, 1.0, 1.0, 1.0, 1.0, 1.0, 1.0, 1.0, 1.0, 1.0, 1.0, 1.0, 1.0, 1.0, 1.0, 1.0, 1.0, 1.0, 1.0, 1.0, 1.0, 1.0, 1.0, 1.0, 1.0, 1.0, 1.0, 1.0, 1.0, 1.0, 1.0, 1.0, 1.0, 1.0, 1.0, 1.0, 1.0, 1.0, 1.0, 1.0, 1.0, 1.0, 1.0, 1.0, 1.0, 1.0, 1.0, 1.0, 1.0, 1.0, 1.0, 1.0, 1.0, 1.0, 1.0, 1.0, 1.0, 1.0, 1.0, 1.0, 1.0, 1.0, 1.0, 1.0, 1.0, 1.0, 1.0, 1.0, 1.0, 1.0, 1.0, 1.0, 1.0, 1.0, 1.0, 1.0, 1.0, 1.0, 1.0, 1.0, 1.0, 1.0, 1.0, 1.0, 1.0, 1.0, 1.0, 1.0, 1.0, 1.0, 1.0, 1.0, 1.0, 1.0, 1.0, 1.0, 1.0, 1.0, 1.0, 1.0, 1.0, 1.0, 1.0, 1.0, 1.0, 1.0, 1.0, 1.0, 1.0, 1.0, 1.0, 1.0, 1.0, 1.0, 1.0, 1.0, 1.0, 1.0, 1.0, 1.0, 1.0, 1.0, 1.0, 1.0, 1.0, 1.0, 1.0, 1.0, 1.0, 1.0, 1.0, 1.0, 1.0, 1.0, 1.0, 1.0, 1.0, 1.0, 1.0, 1.0, 1.0, 1.0, 1.0, 1.0, 1.0, 1.0, 1.0, 1.0, 1.0, 1.0, 1.0, 1.0, 1.0, 1.0, 1.0, 1.0, 1.0, 1.0, 1.0, 1.0, 1.0, 1.0]
valid_accuracy_list: [0.122, 0.156, 0.156, 0.096, 0.058, 0.122, 0.162, 0.072, 0.156, 0.156, 0.156, 0.316, 0.316, 0.316, 0.316, 0.316, 0.316, 0.316, 0.164, 0.162, 0.162, 0.162, 0.162, 0.122, 0.122, 0.122, 0.12, 0.078, 0.156, 0.156, 0.156, 0.156, 0.158, 0.328, 0.316, 0.104, 0.072, 0.132, 0.188, 0.174, 0.178, 0.198, 0.172, 0.176, 0.378, 0.488, 0.48, 0.448, 0.364, 0.328, 0.33, 0.36, 0.428, 0.422, 0.458, 0.562, 0.496, 0.56, 0.494, 0.506, 0.602, 0.566, 0.548, 0.586, 0.598, 0.598, 0.632, 0.64, 0.612, 0.602, 0.608, 0.632, 0.646, 0.642, 0.646, 0.656, 0.662, 0.662, 0.654, 0.65, 0.648, 0.65, 0.652, 0.652, 0.656, 0.664, 0.664, 0.672, 0.672, 0.676, 0.674, 0.676, 0.678, 0.666, 0.668, 0.666, 0.666, 0.662, 0.664, 0.666, 0.672, 0.67, 0.67, 0.672, 0.672, 0.672, 0.672, 0.672, 0.672, 0.672, 0.672, 0.674, 0.674, 0.674, 0.674, 0.674, 0.674, 0.676, 0.676, 0.676, 0.676, 0.678, 0.678, 0.678, 0.678, 0.678, 0.678, 0.68, 0.68, 0.68, 0.682, 0.682, 0.682, 0.682, 0.684, 0.684, 0.684, 0.684, 0.684, 0.684, 0.684, 0.684, 0.684, 0.684, 0.684, 0.684, 0.684, 0.684, 0.684, 0.684, 0.684, 0.684, 0.686, 0.684, 0.684, 0.684, 0.684, 0.684, 0.684, 0.684, 0.682, 0.682, 0.682, 0.682, 0.682, 0.682, 0.682, 0.682, 0.682, 0.682, 0.682, 0.682, 0.682, 0.682, 0.682, 0.682, 0.682, 0.682, 0.682, 0.682, 0.682, 0.682, 0.682, 0.682, 0.682, 0.682, 0.682, 0.682, 0.682, 0.682, 0.682, 0.682, 0.684, 0.684, 0.684, 0.684, 0.684, 0.684, 0.684, 0.684, 0.684, 0.684, 0.684, 0.684, 0.684, 0.684, 0.684, 0.684, 0.684, 0.684, 0.684, 0.684, 0.684, 0.684, 0.684, 0.684, 0.684, 0.684, 0.684, 0.684, 0.684, 0.684, 0.684, 0.684, 0.684, 0.684, 0.684, 0.684, 0.684, 0.684, 0.684, 0.684, 0.684, 0.684, 0.684, 0.684, 0.684, 0.684, 0.684, 0.684, 0.684, 0.684, 0.684, 0.684, 0.684, 0.684, 0.684, 0.684, 0.684, 0.684, 0.684, 0.684, 0.684, 0.684, 0.684, 0.684, 0.684, 0.684, 0.686, 0.686, 0.686, 0.686, 0.686, 0.686, 0.686, 0.686, 0.686, 0.686, 0.686, 0.686, 0.686, 0.686, 0.686, 0.686, 0.686, 0.686, 0.686, 0.686, 0.686, 0.686, 0.686, 0.686, 0.686, 0.686, 0.686, 0.686, 0.686, 0.686, 0.686, 0.686, 0.686, 0.686, 0.686, 0.686, 0.686, 0.686, 0.686, 0.686, 0.686, 0.686, 0.686, 0.686, 0.686, 0.686, 0.686, 0.686, 0.686, 0.686, 0.686, 0.686, 0.686, 0.686, 0.686, 0.686, 0.686, 0.686, 0.686, 0.686, 0.686, 0.686, 0.686, 0.686, 0.686, 0.686, 0.686, 0.686, 0.686, 0.686, 0.686, 0.686, 0.686, 0.686, 0.686, 0.686, 0.686, 0.686, 0.686, 0.686, 0.686, 0.686, 0.686, 0.686, 0.686, 0.686, 0.686, 0.686, 0.686, 0.686, 0.686, 0.686, 0.686, 0.686, 0.686, 0.686, 0.686, 0.686, 0.686, 0.686, 0.686, 0.686, 0.686, 0.686, 0.686, 0.686, 0.686, 0.686, 0.686, 0.686, 0.686, 0.686, 0.686, 0.686, 0.686, 0.686, 0.686, 0.686, 0.686, 0.686, 0.688, 0.688, 0.688, 0.688, 0.688, 0.688, 0.688, 0.688, 0.688, 0.688, 0.688, 0.688, 0.688, 0.688, 0.688, 0.688, 0.688, 0.688, 0.688, 0.688, 0.688]
test_accuracy_list: [0.13, 0.144, 0.144, 0.104, 0.064, 0.13, 0.149, 0.091, 0.144, 0.144, 0.144, 0.319, 0.319, 0.319, 0.319, 0.319, 0.319, 0.319, 0.149, 0.149, 0.149, 0.149, 0.149, 0.13, 0.13, 0.13, 0.133, 0.082, 0.144, 0.144, 0.144, 0.144, 0.144, 0.337, 0.332, 0.112, 0.084, 0.126, 0.169, 0.166, 0.174, 0.175, 0.164, 0.194, 0.387, 0.488, 0.461, 0.44, 0.392, 0.349, 0.354, 0.409, 0.44, 0.422, 0.475, 0.586, 0.502, 0.57, 0.525, 0.538, 0.646, 0.598, 0.567, 0.634, 0.644, 0.613, 0.645, 0.661, 0.637, 0.636, 0.648, 0.668, 0.667, 0.66, 0.666, 0.676, 0.68, 0.687, 0.688, 0.682, 0.678, 0.682, 0.686, 0.691, 0.697, 0.699, 0.695, 0.698, 0.698, 0.695, 0.695, 0.692, 0.691, 0.69, 0.693, 0.695, 0.696, 0.697, 0.698, 0.699, 0.7, 0.698, 0.698, 0.699, 0.699, 0.702, 0.702, 0.702, 0.704, 0.703, 0.703, 0.704, 0.704, 0.702, 0.703, 0.703, 0.705, 0.705, 0.705, 0.706, 0.706, 0.706, 0.706, 0.706, 0.706, 0.706, 0.706, 0.707, 0.707, 0.707, 0.708, 0.708, 0.708, 0.708, 0.709, 0.709, 0.709, 0.709, 0.709, 0.71, 0.71, 0.71, 0.71, 0.71, 0.71, 0.71, 0.71, 0.71, 0.71, 0.71, 0.71, 0.71, 0.71, 0.71, 0.711, 0.711, 0.711, 0.711, 0.711, 0.711, 0.711, 0.71, 0.71, 0.71, 0.71, 0.71, 0.71, 0.71, 0.71, 0.709, 0.71, 0.71, 0.71, 0.71, 0.71, 0.71, 0.71, 0.71, 0.71, 0.71, 0.71, 0.71, 0.71, 0.71, 0.71, 0.71, 0.71, 0.71, 0.71, 0.71, 0.71, 0.71, 0.71, 0.71, 0.711, 0.711, 0.711, 0.711, 0.711, 0.712, 0.712, 0.712, 0.712, 0.712, 0.712, 0.713, 0.713, 0.713, 0.713, 0.713, 0.713, 0.713, 0.713, 0.713, 0.713, 0.714, 0.715, 0.715, 0.715, 0.715, 0.715, 0.715, 0.715, 0.715, 0.715, 0.715, 0.715, 0.715, 0.715, 0.715, 0.715, 0.715, 0.715, 0.715, 0.715, 0.715, 0.715, 0.715, 0.715, 0.715, 0.715, 0.715, 0.716, 0.716, 0.716, 0.716, 0.716, 0.716, 0.717, 0.717, 0.717, 0.717, 0.717, 0.717, 0.717, 0.717, 0.717, 0.717, 0.717, 0.717, 0.717, 0.717, 0.717, 0.717, 0.717, 0.717, 0.717, 0.717, 0.717, 0.717, 0.717, 0.717, 0.718, 0.718, 0.718, 0.718, 0.718, 0.718, 0.718, 0.718, 0.718, 0.718, 0.718, 0.718, 0.718, 0.718, 0.718, 0.718, 0.718, 0.718, 0.718, 0.718, 0.718, 0.718, 0.718, 0.718, 0.718, 0.718, 0.718, 0.718, 0.718, 0.718, 0.718, 0.718, 0.718, 0.718, 0.718, 0.718, 0.718, 0.718, 0.718, 0.718, 0.718, 0.718, 0.718, 0.717, 0.717, 0.718, 0.718, 0.718, 0.718, 0.718, 0.718, 0.718, 0.719, 0.719, 0.719, 0.719, 0.719, 0.719, 0.72, 0.72, 0.72, 0.72, 0.72, 0.72, 0.72, 0.72, 0.72, 0.72, 0.72, 0.72, 0.72, 0.72, 0.72, 0.72, 0.72, 0.72, 0.72, 0.72, 0.721, 0.721, 0.721, 0.721, 0.721, 0.721, 0.721, 0.721, 0.721, 0.721, 0.721, 0.721, 0.721, 0.721, 0.721, 0.721, 0.721, 0.721, 0.721, 0.721, 0.721, 0.721, 0.72, 0.72, 0.72, 0.72, 0.72, 0.72, 0.72, 0.72, 0.72, 0.72, 0.721, 0.721, 0.722, 0.722, 0.722, 0.722, 0.722, 0.722, 0.722, 0.722, 0.722, 0.722, 0.722, 0.722, 0.722, 0.722, 0.722]
best validation: 0.688
best test: 0.722
num distinct structures: 2365
Experiment run 2
dataset: Cora
num_mp_layers: 3
num_fl_layers: 2
mp_hidden_dim: 750
fl_hidden_dim: 512
epsilon: 1.118033988749895
optimizer_lr: 0.01
loss_func: CrossEntropyLoss
total_epoch: 400
Epoch: 50, Loss: 0.9907, Train: 75.71%, Valid: 46.80%, Test: 49.30%, Best Valid: 52.40%, Best Test: 52.20%
Epoch: 100, Loss: 0.0001, Train: 100.00%, Valid: 65.20%, Test: 63.50%, Best Valid: 65.60%, Best Test: 64.70%
Epoch: 150, Loss: 0.0000, Train: 100.00%, Valid: 65.60%, Test: 63.00%, Best Valid: 65.60%, Best Test: 64.70%
Epoch: 200, Loss: 0.0000, Train: 100.00%, Valid: 66.00%, Test: 63.20%, Best Valid: 66.00%, Best Test: 64.70%
Epoch: 250, Loss: 0.0000, Train: 100.00%, Valid: 66.00%, Test: 63.30%, Best Valid: 66.00%, Best Test: 64.70%
Epoch: 300, Loss: 0.0000, Train: 100.00%, Valid: 65.80%, Test: 63.00%, Best Valid: 66.00%, Best Test: 64.70%
Epoch: 350, Loss: 0.0000, Train: 100.00%, Valid: 65.80%, Test: 63.10%, Best Valid: 66.00%, Best Test: 64.70%
train_accuracy_list: [0.14285714285714285, 0.14285714285714285, 0.14285714285714285, 0.14285714285714285, 0.14285714285714285, 0.14285714285714285, 0.14285714285714285, 0.14285714285714285, 0.14285714285714285, 0.14285714285714285, 0.14285714285714285, 0.14285714285714285, 0.14285714285714285, 0.14285714285714285, 0.14285714285714285, 0.14285714285714285, 0.14285714285714285, 0.14285714285714285, 0.14285714285714285, 0.14285714285714285, 0.14285714285714285, 0.14285714285714285, 0.14285714285714285, 0.14285714285714285, 0.14285714285714285, 0.18571428571428572, 0.17857142857142858, 0.14285714285714285, 0.14285714285714285, 0.20714285714285716, 0.19285714285714287, 0.19285714285714287, 0.21428571428571427, 0.22142857142857142, 0.22857142857142856, 0.17857142857142858, 0.15, 0.19285714285714287, 0.3, 0.38571428571428573, 0.4357142857142857, 0.4928571428571429, 0.5928571428571429, 0.6285714285714286, 0.6, 0.7071428571428572, 0.5642857142857143, 0.7071428571428572, 0.75, 0.7571428571428571, 0.7785714285714286, 0.7571428571428571, 0.8214285714285714, 0.8357142857142857, 0.85, 0.8428571428571429, 0.8428571428571429, 0.8571428571428571, 0.8714285714285714, 0.9142857142857143, 0.9285714285714286, 0.9214285714285714, 0.9357142857142857, 0.9785714285714285, 0.9928571428571429, 0.9928571428571429, 1.0, 1.0, 1.0, 1.0, 1.0, 1.0, 1.0, 1.0, 1.0, 1.0, 1.0, 1.0, 1.0, 1.0, 1.0, 1.0, 1.0, 1.0, 1.0, 1.0, 1.0, 1.0, 1.0, 1.0, 1.0, 1.0, 1.0, 1.0, 1.0, 1.0, 1.0, 1.0, 1.0, 1.0, 1.0, 1.0, 1.0, 1.0, 1.0, 1.0, 1.0, 1.0, 1.0, 1.0, 1.0, 1.0, 1.0, 1.0, 1.0, 1.0, 1.0, 1.0, 1.0, 1.0, 1.0, 1.0, 1.0, 1.0, 1.0, 1.0, 1.0, 1.0, 1.0, 1.0, 1.0, 1.0, 1.0, 1.0, 1.0, 1.0, 1.0, 1.0, 1.0, 1.0, 1.0, 1.0, 1.0, 1.0, 1.0, 1.0, 1.0, 1.0, 1.0, 1.0, 1.0, 1.0, 1.0, 1.0, 1.0, 1.0, 1.0, 1.0, 1.0, 1.0, 1.0, 1.0, 1.0, 1.0, 1.0, 1.0, 1.0, 1.0, 1.0, 1.0, 1.0, 1.0, 1.0, 1.0, 1.0, 1.0, 1.0, 1.0, 1.0, 1.0, 1.0, 1.0, 1.0, 1.0, 1.0, 1.0, 1.0, 1.0, 1.0, 1.0, 1.0, 1.0, 1.0, 1.0, 1.0, 1.0, 1.0, 1.0, 1.0, 1.0, 1.0, 1.0, 1.0, 1.0, 1.0, 1.0, 1.0, 1.0, 1.0, 1.0, 1.0, 1.0, 1.0, 1.0, 1.0, 1.0, 1.0, 1.0, 1.0, 1.0, 1.0, 1.0, 1.0, 1.0, 1.0, 1.0, 1.0, 1.0, 1.0, 1.0, 1.0, 1.0, 1.0, 1.0, 1.0, 1.0, 1.0, 1.0, 1.0, 1.0, 1.0, 1.0, 1.0, 1.0, 1.0, 1.0, 1.0, 1.0, 1.0, 1.0, 1.0, 1.0, 1.0, 1.0, 1.0, 1.0, 1.0, 1.0, 1.0, 1.0, 1.0, 1.0, 1.0, 1.0, 1.0, 1.0, 1.0, 1.0, 1.0, 1.0, 1.0, 1.0, 1.0, 1.0, 1.0, 1.0, 1.0, 1.0, 1.0, 1.0, 1.0, 1.0, 1.0, 1.0, 1.0, 1.0, 1.0, 1.0, 1.0, 1.0, 1.0, 1.0, 1.0, 1.0, 1.0, 1.0, 1.0, 1.0, 1.0, 1.0, 1.0, 1.0, 1.0, 1.0, 1.0, 1.0, 1.0, 1.0, 1.0, 1.0, 1.0, 1.0, 1.0, 1.0, 1.0, 1.0, 1.0, 1.0, 1.0, 1.0, 1.0, 1.0, 1.0, 1.0, 1.0, 1.0, 1.0, 1.0, 1.0, 1.0, 1.0, 1.0, 1.0, 1.0, 1.0, 1.0, 1.0, 1.0, 1.0, 1.0, 1.0, 1.0, 1.0, 1.0, 1.0, 1.0, 1.0, 1.0, 1.0, 1.0, 1.0, 1.0, 1.0, 1.0, 1.0, 1.0, 1.0, 1.0, 1.0, 1.0, 1.0, 1.0, 1.0, 1.0, 1.0, 1.0, 1.0, 1.0, 1.0, 1.0, 1.0, 1.0, 1.0, 1.0, 1.0, 1.0, 1.0, 1.0, 1.0, 1.0, 1.0, 1.0, 1.0, 1.0, 1.0, 1.0, 1.0, 1.0, 1.0, 1.0, 1.0, 1.0, 1.0, 1.0, 1.0, 1.0, 1.0, 1.0, 1.0]
valid_accuracy_list: [0.122, 0.122, 0.122, 0.072, 0.114, 0.316, 0.058, 0.072, 0.122, 0.122, 0.122, 0.122, 0.162, 0.162, 0.162, 0.162, 0.162, 0.162, 0.162, 0.162, 0.164, 0.316, 0.316, 0.058, 0.058, 0.108, 0.16, 0.122, 0.122, 0.138, 0.126, 0.126, 0.138, 0.14, 0.228, 0.17, 0.172, 0.204, 0.31, 0.408, 0.424, 0.488, 0.524, 0.522, 0.494, 0.51, 0.414, 0.472, 0.49, 0.468, 0.466, 0.426, 0.466, 0.48, 0.488, 0.498, 0.532, 0.554, 0.524, 0.508, 0.522, 0.562, 0.584, 0.584, 0.576, 0.584, 0.6, 0.624, 0.622, 0.644, 0.636, 0.632, 0.638, 0.644, 0.638, 0.638, 0.646, 0.648, 0.654, 0.65, 0.648, 0.646, 0.646, 0.648, 0.642, 0.64, 0.642, 0.64, 0.64, 0.642, 0.646, 0.654, 0.656, 0.654, 0.652, 0.652, 0.656, 0.654, 0.654, 0.652, 0.65, 0.646, 0.646, 0.648, 0.65, 0.65, 0.652, 0.654, 0.654, 0.656, 0.654, 0.652, 0.652, 0.652, 0.652, 0.652, 0.652, 0.652, 0.654, 0.652, 0.652, 0.652, 0.654, 0.654, 0.654, 0.654, 0.654, 0.654, 0.654, 0.654, 0.654, 0.656, 0.656, 0.656, 0.654, 0.654, 0.654, 0.654, 0.654, 0.654, 0.654, 0.654, 0.654, 0.654, 0.654, 0.654, 0.656, 0.656, 0.656, 0.656, 0.656, 0.656, 0.656, 0.656, 0.656, 0.656, 0.656, 0.656, 0.656, 0.656, 0.656, 0.656, 0.656, 0.656, 0.656, 0.656, 0.656, 0.656, 0.656, 0.656, 0.656, 0.656, 0.656, 0.656, 0.656, 0.656, 0.656, 0.656, 0.656, 0.656, 0.656, 0.656, 0.658, 0.658, 0.658, 0.658, 0.658, 0.658, 0.658, 0.658, 0.658, 0.658, 0.658, 0.658, 0.658, 0.658, 0.658, 0.658, 0.658, 0.66, 0.66, 0.66, 0.66, 0.66, 0.66, 0.66, 0.66, 0.66, 0.66, 0.66, 0.66, 0.66, 0.66, 0.66, 0.66, 0.66, 0.66, 0.66, 0.66, 0.66, 0.66, 0.66, 0.66, 0.66, 0.66, 0.66, 0.66, 0.658, 0.658, 0.658, 0.658, 0.658, 0.658, 0.658, 0.658, 0.658, 0.658, 0.658, 0.658, 0.658, 0.658, 0.66, 0.66, 0.66, 0.66, 0.66, 0.66, 0.66, 0.66, 0.66, 0.66, 0.66, 0.66, 0.66, 0.66, 0.66, 0.66, 0.66, 0.66, 0.66, 0.66, 0.66, 0.66, 0.66, 0.66, 0.66, 0.658, 0.658, 0.658, 0.658, 0.658, 0.658, 0.658, 0.658, 0.658, 0.658, 0.658, 0.658, 0.658, 0.658, 0.658, 0.658, 0.658, 0.658, 0.658, 0.658, 0.658, 0.658, 0.658, 0.658, 0.658, 0.658, 0.658, 0.658, 0.658, 0.658, 0.658, 0.658, 0.658, 0.658, 0.658, 0.658, 0.658, 0.658, 0.658, 0.658, 0.658, 0.658, 0.658, 0.658, 0.658, 0.658, 0.658, 0.658, 0.658, 0.658, 0.658, 0.658, 0.658, 0.658, 0.658, 0.658, 0.658, 0.658, 0.658, 0.658, 0.658, 0.658, 0.658, 0.658, 0.658, 0.658, 0.658, 0.658, 0.658, 0.658, 0.658, 0.658, 0.658, 0.658, 0.658, 0.658, 0.658, 0.658, 0.658, 0.658, 0.658, 0.658, 0.658, 0.658, 0.658, 0.658, 0.658, 0.658, 0.658, 0.658, 0.658, 0.658, 0.658, 0.658, 0.658, 0.658, 0.658, 0.658, 0.658, 0.658, 0.658, 0.658, 0.658, 0.658, 0.658, 0.658, 0.658, 0.658, 0.658, 0.658, 0.658, 0.658, 0.658, 0.658, 0.658, 0.658, 0.658, 0.658, 0.658, 0.658, 0.658, 0.658, 0.658, 0.658, 0.658, 0.658, 0.658, 0.658, 0.658, 0.658, 0.658, 0.658, 0.658]
test_accuracy_list: [0.13, 0.13, 0.13, 0.091, 0.103, 0.319, 0.064, 0.091, 0.13, 0.13, 0.13, 0.13, 0.149, 0.149, 0.149, 0.149, 0.149, 0.149, 0.149, 0.149, 0.149, 0.319, 0.319, 0.064, 0.064, 0.133, 0.145, 0.13, 0.13, 0.138, 0.121, 0.123, 0.134, 0.155, 0.202, 0.158, 0.156, 0.206, 0.331, 0.413, 0.452, 0.496, 0.522, 0.522, 0.502, 0.51, 0.416, 0.473, 0.496, 0.493, 0.446, 0.427, 0.466, 0.48, 0.482, 0.506, 0.536, 0.543, 0.514, 0.509, 0.532, 0.565, 0.566, 0.586, 0.572, 0.57, 0.594, 0.598, 0.602, 0.623, 0.623, 0.617, 0.63, 0.633, 0.628, 0.633, 0.64, 0.647, 0.646, 0.638, 0.631, 0.636, 0.636, 0.637, 0.637, 0.633, 0.628, 0.626, 0.626, 0.626, 0.625, 0.632, 0.635, 0.636, 0.638, 0.637, 0.635, 0.634, 0.635, 0.635, 0.635, 0.634, 0.632, 0.63, 0.63, 0.63, 0.63, 0.631, 0.631, 0.63, 0.631, 0.63, 0.629, 0.628, 0.627, 0.628, 0.627, 0.626, 0.628, 0.63, 0.629, 0.627, 0.627, 0.627, 0.627, 0.627, 0.627, 0.627, 0.627, 0.629, 0.629, 0.629, 0.629, 0.629, 0.629, 0.63, 0.63, 0.631, 0.631, 0.631, 0.631, 0.631, 0.631, 0.632, 0.632, 0.631, 0.63, 0.63, 0.63, 0.63, 0.631, 0.631, 0.631, 0.631, 0.631, 0.631, 0.631, 0.63, 0.63, 0.63, 0.63, 0.631, 0.631, 0.632, 0.632, 0.632, 0.631, 0.631, 0.631, 0.631, 0.631, 0.631, 0.631, 0.631, 0.631, 0.632, 0.632, 0.632, 0.632, 0.632, 0.632, 0.632, 0.632, 0.632, 0.632, 0.632, 0.632, 0.632, 0.632, 0.632, 0.632, 0.632, 0.632, 0.632, 0.632, 0.632, 0.632, 0.632, 0.632, 0.632, 0.632, 0.632, 0.632, 0.632, 0.632, 0.632, 0.632, 0.632, 0.632, 0.632, 0.632, 0.632, 0.633, 0.633, 0.633, 0.634, 0.634, 0.634, 0.634, 0.634, 0.634, 0.634, 0.634, 0.634, 0.634, 0.634, 0.634, 0.634, 0.634, 0.634, 0.634, 0.634, 0.634, 0.634, 0.634, 0.634, 0.634, 0.634, 0.634, 0.634, 0.634, 0.634, 0.634, 0.634, 0.634, 0.634, 0.633, 0.633, 0.633, 0.633, 0.633, 0.633, 0.633, 0.633, 0.633, 0.633, 0.633, 0.633, 0.633, 0.633, 0.633, 0.633, 0.633, 0.633, 0.633, 0.633, 0.633, 0.633, 0.632, 0.632, 0.632, 0.632, 0.632, 0.632, 0.632, 0.632, 0.632, 0.632, 0.632, 0.632, 0.632, 0.632, 0.632, 0.632, 0.632, 0.632, 0.631, 0.631, 0.631, 0.631, 0.631, 0.631, 0.631, 0.631, 0.631, 0.631, 0.631, 0.631, 0.631, 0.63, 0.63, 0.631, 0.631, 0.631, 0.631, 0.631, 0.631, 0.631, 0.631, 0.631, 0.631, 0.631, 0.631, 0.631, 0.631, 0.631, 0.631, 0.631, 0.631, 0.631, 0.631, 0.631, 0.631, 0.631, 0.631, 0.631, 0.631, 0.631, 0.631, 0.631, 0.631, 0.631, 0.631, 0.631, 0.631, 0.631, 0.631, 0.631, 0.631, 0.631, 0.631, 0.631, 0.631, 0.631, 0.631, 0.631, 0.631, 0.631, 0.631, 0.631, 0.631, 0.631, 0.631, 0.631, 0.631, 0.632, 0.633, 0.633, 0.633, 0.633, 0.633, 0.633, 0.633, 0.633, 0.633, 0.633, 0.633, 0.633, 0.633, 0.633, 0.633, 0.633, 0.633, 0.633, 0.633, 0.633, 0.633, 0.633, 0.633, 0.633, 0.633, 0.633, 0.633, 0.633, 0.633, 0.633, 0.633, 0.633, 0.633, 0.633, 0.633, 0.633, 0.633, 0.633, 0.633, 0.633, 0.633, 0.633, 0.633]
best validation: 0.66
best test: 0.647
num distinct structures: 2365
Experiment run 3
dataset: Cora
num_mp_layers: 3
num_fl_layers: 2
mp_hidden_dim: 1000
fl_hidden_dim: 512
epsilon: 1.118033988749895
optimizer_lr: 0.01
loss_func: CrossEntropyLoss
total_epoch: 400
Epoch: 50, Loss: 1.8684, Train: 55.71%, Valid: 27.00%, Test: 26.00%, Best Valid: 41.00%, Best Test: 39.60%
Epoch: 100, Loss: 0.0000, Train: 100.00%, Valid: 69.80%, Test: 71.90%, Best Valid: 69.80%, Best Test: 72.10%
Epoch: 150, Loss: 0.0000, Train: 100.00%, Valid: 68.40%, Test: 71.60%, Best Valid: 70.20%, Best Test: 72.10%
Epoch: 200, Loss: 0.0000, Train: 100.00%, Valid: 69.00%, Test: 71.50%, Best Valid: 70.20%, Best Test: 72.10%
Epoch: 250, Loss: 0.0000, Train: 100.00%, Valid: 68.80%, Test: 72.00%, Best Valid: 70.20%, Best Test: 72.10%
Epoch: 300, Loss: 0.0000, Train: 100.00%, Valid: 68.80%, Test: 71.90%, Best Valid: 70.20%, Best Test: 72.10%
Epoch: 350, Loss: 0.0000, Train: 100.00%, Valid: 69.00%, Test: 71.70%, Best Valid: 70.20%, Best Test: 72.10%
train_accuracy_list: [0.21428571428571427, 0.14285714285714285, 0.14285714285714285, 0.2357142857142857, 0.14285714285714285, 0.14285714285714285, 0.14285714285714285, 0.14285714285714285, 0.14285714285714285, 0.15, 0.14285714285714285, 0.14285714285714285, 0.15714285714285714, 0.2642857142857143, 0.15, 0.14285714285714285, 0.14285714285714285, 0.14285714285714285, 0.15, 0.14285714285714285, 0.14285714285714285, 0.15, 0.14285714285714285, 0.14285714285714285, 0.14285714285714285, 0.14285714285714285, 0.15, 0.14285714285714285, 0.14285714285714285, 0.14285714285714285, 0.14285714285714285, 0.15, 0.15714285714285714, 0.22857142857142856, 0.14285714285714285, 0.14285714285714285, 0.14285714285714285, 0.14285714285714285, 0.14285714285714285, 0.24285714285714285, 0.21428571428571427, 0.17857142857142858, 0.2357142857142857, 0.17857142857142858, 0.2, 0.30714285714285716, 0.3357142857142857, 0.4142857142857143, 0.5142857142857142, 0.5571428571428572, 0.6071428571428571, 0.6357142857142857, 0.6142857142857143, 0.6785714285714286, 0.7428571428571429, 0.7571428571428571, 0.7571428571428571, 0.75, 0.7214285714285714, 0.8285714285714286, 0.8785714285714286, 0.9071428571428571, 0.9428571428571428, 0.95, 0.95, 0.9642857142857143, 0.9571428571428572, 0.9571428571428572, 0.9857142857142858, 0.9785714285714285, 0.9928571428571429, 1.0, 1.0, 1.0, 1.0, 1.0, 1.0, 1.0, 1.0, 1.0, 1.0, 1.0, 1.0, 1.0, 1.0, 1.0, 1.0, 1.0, 1.0, 1.0, 1.0, 1.0, 1.0, 1.0, 1.0, 1.0, 1.0, 1.0, 1.0, 1.0, 1.0, 1.0, 1.0, 1.0, 1.0, 1.0, 1.0, 1.0, 1.0, 1.0, 1.0, 1.0, 1.0, 1.0, 1.0, 1.0, 1.0, 1.0, 1.0, 1.0, 1.0, 1.0, 1.0, 1.0, 1.0, 1.0, 1.0, 1.0, 1.0, 1.0, 1.0, 1.0, 1.0, 1.0, 1.0, 1.0, 1.0, 1.0, 1.0, 1.0, 1.0, 1.0, 1.0, 1.0, 1.0, 1.0, 1.0, 1.0, 1.0, 1.0, 1.0, 1.0, 1.0, 1.0, 1.0, 1.0, 1.0, 1.0, 1.0, 1.0, 1.0, 1.0, 1.0, 1.0, 1.0, 1.0, 1.0, 1.0, 1.0, 1.0, 1.0, 1.0, 1.0, 1.0, 1.0, 1.0, 1.0, 1.0, 1.0, 1.0, 1.0, 1.0, 1.0, 1.0, 1.0, 1.0, 1.0, 1.0, 1.0, 1.0, 1.0, 1.0, 1.0, 1.0, 1.0, 1.0, 1.0, 1.0, 1.0, 1.0, 1.0, 1.0, 1.0, 1.0, 1.0, 1.0, 1.0, 1.0, 1.0, 1.0, 1.0, 1.0, 1.0, 1.0, 1.0, 1.0, 1.0, 1.0, 1.0, 1.0, 1.0, 1.0, 1.0, 1.0, 1.0, 1.0, 1.0, 1.0, 1.0, 1.0, 1.0, 1.0, 1.0, 1.0, 1.0, 1.0, 1.0, 1.0, 1.0, 1.0, 1.0, 1.0, 1.0, 1.0, 1.0, 1.0, 1.0, 1.0, 1.0, 1.0, 1.0, 1.0, 1.0, 1.0, 1.0, 1.0, 1.0, 1.0, 1.0, 1.0, 1.0, 1.0, 1.0, 1.0, 1.0, 1.0, 1.0, 1.0, 1.0, 1.0, 1.0, 1.0, 1.0, 1.0, 1.0, 1.0, 1.0, 1.0, 1.0, 1.0, 1.0, 1.0, 1.0, 1.0, 1.0, 1.0, 1.0, 1.0, 1.0, 1.0, 1.0, 1.0, 1.0, 1.0, 1.0, 1.0, 1.0, 1.0, 1.0, 1.0, 1.0, 1.0, 1.0, 1.0, 1.0, 1.0, 1.0, 1.0, 1.0, 1.0, 1.0, 1.0, 1.0, 1.0, 1.0, 1.0, 1.0, 1.0, 1.0, 1.0, 1.0, 1.0, 1.0, 1.0, 1.0, 1.0, 1.0, 1.0, 1.0, 1.0, 1.0, 1.0, 1.0, 1.0, 1.0, 1.0, 1.0, 1.0, 1.0, 1.0, 1.0, 1.0, 1.0, 1.0, 1.0, 1.0, 1.0, 1.0, 1.0, 1.0, 1.0, 1.0, 1.0, 1.0, 1.0, 1.0, 1.0, 1.0, 1.0, 1.0, 1.0, 1.0, 1.0, 1.0, 1.0, 1.0, 1.0, 1.0, 1.0, 1.0, 1.0, 1.0, 1.0, 1.0, 1.0, 1.0, 1.0, 1.0, 1.0, 1.0, 1.0, 1.0, 1.0, 1.0, 1.0, 1.0, 1.0, 1.0, 1.0, 1.0, 1.0, 1.0, 1.0, 1.0, 1.0, 1.0, 1.0, 1.0, 1.0]
valid_accuracy_list: [0.148, 0.122, 0.122, 0.104, 0.162, 0.316, 0.122, 0.156, 0.156, 0.116, 0.072, 0.072, 0.072, 0.108, 0.058, 0.058, 0.058, 0.058, 0.07, 0.07, 0.072, 0.072, 0.316, 0.316, 0.316, 0.316, 0.314, 0.156, 0.156, 0.156, 0.156, 0.156, 0.164, 0.194, 0.058, 0.058, 0.058, 0.058, 0.058, 0.082, 0.126, 0.128, 0.302, 0.316, 0.314, 0.38, 0.41, 0.334, 0.314, 0.27, 0.322, 0.368, 0.382, 0.436, 0.486, 0.528, 0.54, 0.55, 0.598, 0.646, 0.572, 0.632, 0.61, 0.63, 0.65, 0.634, 0.662, 0.664, 0.644, 0.65, 0.668, 0.684, 0.678, 0.684, 0.678, 0.678, 0.682, 0.678, 0.682, 0.686, 0.69, 0.694, 0.684, 0.684, 0.686, 0.68, 0.68, 0.684, 0.686, 0.688, 0.688, 0.688, 0.688, 0.69, 0.694, 0.694, 0.696, 0.698, 0.698, 0.698, 0.698, 0.698, 0.702, 0.702, 0.698, 0.696, 0.694, 0.694, 0.692, 0.692, 0.696, 0.696, 0.696, 0.696, 0.694, 0.694, 0.692, 0.692, 0.692, 0.688, 0.686, 0.688, 0.688, 0.688, 0.688, 0.69, 0.69, 0.69, 0.69, 0.69, 0.69, 0.69, 0.69, 0.69, 0.688, 0.688, 0.688, 0.688, 0.688, 0.688, 0.686, 0.686, 0.686, 0.686, 0.686, 0.686, 0.686, 0.684, 0.684, 0.684, 0.688, 0.688, 0.686, 0.686, 0.686, 0.686, 0.686, 0.686, 0.686, 0.686, 0.686, 0.686, 0.686, 0.686, 0.686, 0.686, 0.686, 0.686, 0.686, 0.686, 0.686, 0.686, 0.686, 0.686, 0.686, 0.686, 0.688, 0.688, 0.688, 0.688, 0.688, 0.688, 0.688, 0.688, 0.688, 0.688, 0.69, 0.69, 0.69, 0.69, 0.69, 0.69, 0.69, 0.69, 0.69, 0.69, 0.69, 0.69, 0.69, 0.69, 0.69, 0.69, 0.69, 0.69, 0.69, 0.69, 0.69, 0.69, 0.69, 0.69, 0.69, 0.69, 0.69, 0.69, 0.69, 0.69, 0.69, 0.69, 0.69, 0.69, 0.69, 0.69, 0.69, 0.69, 0.69, 0.69, 0.69, 0.69, 0.69, 0.69, 0.69, 0.69, 0.69, 0.69, 0.69, 0.69, 0.688, 0.688, 0.688, 0.688, 0.688, 0.688, 0.688, 0.688, 0.688, 0.688, 0.688, 0.688, 0.688, 0.688, 0.688, 0.688, 0.688, 0.688, 0.688, 0.688, 0.688, 0.688, 0.688, 0.688, 0.688, 0.688, 0.688, 0.688, 0.688, 0.688, 0.69, 0.69, 0.688, 0.688, 0.688, 0.688, 0.688, 0.688, 0.688, 0.688, 0.688, 0.688, 0.688, 0.688, 0.688, 0.688, 0.688, 0.688, 0.688, 0.688, 0.688, 0.688, 0.688, 0.688, 0.688, 0.688, 0.688, 0.688, 0.688, 0.69, 0.69, 0.688, 0.688, 0.688, 0.69, 0.69, 0.69, 0.69, 0.69, 0.692, 0.692, 0.692, 0.692, 0.692, 0.692, 0.692, 0.692, 0.692, 0.692, 0.692, 0.692, 0.692, 0.692, 0.692, 0.692, 0.692, 0.692, 0.692, 0.692, 0.692, 0.692, 0.692, 0.692, 0.692, 0.692, 0.692, 0.692, 0.692, 0.692, 0.692, 0.692, 0.692, 0.692, 0.692, 0.692, 0.692, 0.692, 0.692, 0.692, 0.69, 0.69, 0.69, 0.69, 0.69, 0.69, 0.69, 0.69, 0.69, 0.688, 0.688, 0.69, 0.69, 0.69, 0.69, 0.69, 0.69, 0.688, 0.688, 0.688, 0.69, 0.69, 0.69, 0.69, 0.69, 0.69, 0.69, 0.688, 0.688, 0.688, 0.69, 0.69, 0.69, 0.69, 0.69, 0.69, 0.688, 0.688, 0.688, 0.688, 0.688, 0.69, 0.69, 0.69, 0.69, 0.69, 0.69, 0.688, 0.688, 0.688, 0.688, 0.686, 0.688, 0.688]
test_accuracy_list: [0.157, 0.13, 0.13, 0.105, 0.149, 0.319, 0.13, 0.144, 0.144, 0.103, 0.091, 0.091, 0.092, 0.118, 0.065, 0.065, 0.064, 0.065, 0.093, 0.091, 0.091, 0.092, 0.319, 0.319, 0.319, 0.318, 0.319, 0.144, 0.144, 0.144, 0.144, 0.144, 0.15, 0.184, 0.064, 0.064, 0.064, 0.064, 0.064, 0.103, 0.112, 0.113, 0.327, 0.319, 0.325, 0.396, 0.393, 0.323, 0.319, 0.26, 0.33, 0.356, 0.372, 0.422, 0.474, 0.524, 0.526, 0.551, 0.597, 0.67, 0.594, 0.657, 0.634, 0.652, 0.677, 0.658, 0.679, 0.694, 0.678, 0.657, 0.698, 0.713, 0.712, 0.705, 0.697, 0.689, 0.691, 0.688, 0.694, 0.695, 0.697, 0.706, 0.711, 0.715, 0.714, 0.714, 0.712, 0.715, 0.713, 0.713, 0.716, 0.72, 0.718, 0.719, 0.72, 0.721, 0.72, 0.72, 0.718, 0.719, 0.717, 0.718, 0.72, 0.717, 0.717, 0.717, 0.717, 0.718, 0.718, 0.717, 0.716, 0.715, 0.716, 0.719, 0.718, 0.717, 0.716, 0.716, 0.717, 0.717, 0.717, 0.717, 0.716, 0.715, 0.715, 0.715, 0.715, 0.715, 0.715, 0.715, 0.716, 0.716, 0.716, 0.717, 0.717, 0.717, 0.717, 0.717, 0.717, 0.717, 0.717, 0.717, 0.716, 0.716, 0.716, 0.716, 0.716, 0.716, 0.716, 0.716, 0.716, 0.716, 0.716, 0.716, 0.716, 0.716, 0.716, 0.716, 0.715, 0.715, 0.715, 0.715, 0.716, 0.716, 0.716, 0.716, 0.716, 0.716, 0.716, 0.716, 0.716, 0.716, 0.716, 0.716, 0.717, 0.717, 0.717, 0.717, 0.718, 0.718, 0.717, 0.717, 0.717, 0.717, 0.717, 0.717, 0.717, 0.717, 0.717, 0.717, 0.717, 0.717, 0.715, 0.715, 0.715, 0.715, 0.715, 0.715, 0.715, 0.715, 0.715, 0.714, 0.714, 0.714, 0.714, 0.715, 0.715, 0.715, 0.715, 0.715, 0.717, 0.717, 0.716, 0.717, 0.717, 0.717, 0.717, 0.717, 0.717, 0.717, 0.717, 0.717, 0.717, 0.717, 0.717, 0.717, 0.717, 0.717, 0.717, 0.718, 0.719, 0.719, 0.719, 0.718, 0.718, 0.719, 0.72, 0.72, 0.72, 0.72, 0.72, 0.719, 0.719, 0.719, 0.719, 0.719, 0.719, 0.719, 0.719, 0.72, 0.72, 0.72, 0.72, 0.72, 0.72, 0.72, 0.72, 0.72, 0.72, 0.72, 0.72, 0.721, 0.721, 0.721, 0.72, 0.721, 0.721, 0.721, 0.721, 0.721, 0.721, 0.721, 0.721, 0.721, 0.721, 0.721, 0.721, 0.721, 0.721, 0.72, 0.72, 0.72, 0.72, 0.72, 0.72, 0.72, 0.72, 0.72, 0.72, 0.72, 0.72, 0.72, 0.72, 0.72, 0.72, 0.72, 0.72, 0.72, 0.719, 0.719, 0.719, 0.719, 0.719, 0.719, 0.719, 0.719, 0.719, 0.719, 0.719, 0.718, 0.718, 0.718, 0.718, 0.718, 0.718, 0.718, 0.717, 0.717, 0.717, 0.717, 0.717, 0.717, 0.717, 0.717, 0.717, 0.717, 0.717, 0.717, 0.717, 0.717, 0.717, 0.717, 0.717, 0.717, 0.717, 0.717, 0.717, 0.717, 0.717, 0.717, 0.717, 0.717, 0.717, 0.717, 0.717, 0.717, 0.717, 0.717, 0.717, 0.717, 0.717, 0.718, 0.719, 0.72, 0.72, 0.72, 0.72, 0.72, 0.72, 0.72, 0.72, 0.72, 0.72, 0.72, 0.72, 0.72, 0.72, 0.72, 0.72, 0.72, 0.72, 0.72, 0.72, 0.72, 0.72, 0.72, 0.72, 0.72, 0.72, 0.72, 0.72, 0.72, 0.72, 0.72, 0.72, 0.72, 0.72, 0.72, 0.72, 0.72, 0.72, 0.72, 0.72, 0.72, 0.72, 0.72, 0.719, 0.719, 0.719]
best validation: 0.702
best test: 0.721
num distinct structures: 2365
Experiment run 4
dataset: Cora
num_mp_layers: 3
num_fl_layers: 2
mp_hidden_dim: 2000
fl_hidden_dim: 512
epsilon: 1.118033988749895
optimizer_lr: 0.01
loss_func: CrossEntropyLoss
total_epoch: 400
Epoch: 50, Loss: 1.0486, Train: 45.00%, Valid: 27.00%, Test: 25.80%, Best Valid: 33.20%, Best Test: 34.70%
Epoch: 100, Loss: 0.0010, Train: 100.00%, Valid: 49.00%, Test: 52.40%, Best Valid: 52.40%, Best Test: 55.50%
Epoch: 150, Loss: 0.0001, Train: 100.00%, Valid: 51.80%, Test: 55.30%, Best Valid: 52.40%, Best Test: 55.50%
Epoch: 200, Loss: 0.0001, Train: 100.00%, Valid: 52.40%, Test: 55.80%, Best Valid: 52.40%, Best Test: 55.80%
Epoch: 250, Loss: 0.0000, Train: 100.00%, Valid: 52.80%, Test: 56.10%, Best Valid: 52.80%, Best Test: 56.10%
Epoch: 300, Loss: 0.0000, Train: 100.00%, Valid: 52.60%, Test: 56.50%, Best Valid: 52.80%, Best Test: 56.50%
Epoch: 350, Loss: 0.0000, Train: 100.00%, Valid: 52.60%, Test: 56.70%, Best Valid: 52.80%, Best Test: 56.70%
train_accuracy_list: [0.20714285714285716, 0.14285714285714285, 0.14285714285714285, 0.14285714285714285, 0.14285714285714285, 0.14285714285714285, 0.14285714285714285, 0.14285714285714285, 0.15, 0.14285714285714285, 0.14285714285714285, 0.14285714285714285, 0.14285714285714285, 0.14285714285714285, 0.14285714285714285, 0.14285714285714285, 0.14285714285714285, 0.14285714285714285, 0.14285714285714285, 0.1357142857142857, 0.16428571428571428, 0.14285714285714285, 0.14285714285714285, 0.14285714285714285, 0.15, 0.15714285714285714, 0.16428571428571428, 0.15, 0.15, 0.2571428571428571, 0.30714285714285716, 0.2357142857142857, 0.22857142857142856, 0.2714285714285714, 0.25, 0.2714285714285714, 0.2714285714285714, 0.2785714285714286, 0.2571428571428571, 0.2857142857142857, 0.2714285714285714, 0.2857142857142857, 0.35714285714285715, 0.5, 0.5142857142857142, 0.4142857142857143, 0.7142857142857143, 0.5214285714285715, 0.5642857142857143, 0.45, 0.5928571428571429, 0.5142857142857142, 0.7785714285714286, 0.7428571428571429, 0.7642857142857142, 0.8214285714285714, 0.8571428571428571, 0.8285714285714286, 0.8142857142857143, 0.9071428571428571, 0.8785714285714286, 0.8857142857142857, 0.9357142857142857, 0.95, 0.9571428571428572, 0.95, 0.9428571428571428, 0.9571428571428572, 0.9785714285714285, 0.9714285714285714, 0.9714285714285714, 0.9785714285714285, 0.9857142857142858, 0.9714285714285714, 0.9857142857142858, 0.9928571428571429, 0.9928571428571429, 1.0, 1.0, 1.0, 1.0, 1.0, 1.0, 1.0, 1.0, 1.0, 1.0, 1.0, 1.0, 1.0, 1.0, 1.0, 1.0, 1.0, 1.0, 1.0, 1.0, 1.0, 1.0, 1.0, 1.0, 1.0, 1.0, 1.0, 1.0, 1.0, 1.0, 1.0, 1.0, 1.0, 1.0, 1.0, 1.0, 1.0, 1.0, 1.0, 1.0, 1.0, 1.0, 1.0, 1.0, 1.0, 1.0, 1.0, 1.0, 1.0, 1.0, 1.0, 1.0, 1.0, 1.0, 1.0, 1.0, 1.0, 1.0, 1.0, 1.0, 1.0, 1.0, 1.0, 1.0, 1.0, 1.0, 1.0, 1.0, 1.0, 1.0, 1.0, 1.0, 1.0, 1.0, 1.0, 1.0, 1.0, 1.0, 1.0, 1.0, 1.0, 1.0, 1.0, 1.0, 1.0, 1.0, 1.0, 1.0, 1.0, 1.0, 1.0, 1.0, 1.0, 1.0, 1.0, 1.0, 1.0, 1.0, 1.0, 1.0, 1.0, 1.0, 1.0, 1.0, 1.0, 1.0, 1.0, 1.0, 1.0, 1.0, 1.0, 1.0, 1.0, 1.0, 1.0, 1.0, 1.0, 1.0, 1.0, 1.0, 1.0, 1.0, 1.0, 1.0, 1.0, 1.0, 1.0, 1.0, 1.0, 1.0, 1.0, 1.0, 1.0, 1.0, 1.0, 1.0, 1.0, 1.0, 1.0, 1.0, 1.0, 1.0, 1.0, 1.0, 1.0, 1.0, 1.0, 1.0, 1.0, 1.0, 1.0, 1.0, 1.0, 1.0, 1.0, 1.0, 1.0, 1.0, 1.0, 1.0, 1.0, 1.0, 1.0, 1.0, 1.0, 1.0, 1.0, 1.0, 1.0, 1.0, 1.0, 1.0, 1.0, 1.0, 1.0, 1.0, 1.0, 1.0, 1.0, 1.0, 1.0, 1.0, 1.0, 1.0, 1.0, 1.0, 1.0, 1.0, 1.0, 1.0, 1.0, 1.0, 1.0, 1.0, 1.0, 1.0, 1.0, 1.0, 1.0, 1.0, 1.0, 1.0, 1.0, 1.0, 1.0, 1.0, 1.0, 1.0, 1.0, 1.0, 1.0, 1.0, 1.0, 1.0, 1.0, 1.0, 1.0, 1.0, 1.0, 1.0, 1.0, 1.0, 1.0, 1.0, 1.0, 1.0, 1.0, 1.0, 1.0, 1.0, 1.0, 1.0, 1.0, 1.0, 1.0, 1.0, 1.0, 1.0, 1.0, 1.0, 1.0, 1.0, 1.0, 1.0, 1.0, 1.0, 1.0, 1.0, 1.0, 1.0, 1.0, 1.0, 1.0, 1.0, 1.0, 1.0, 1.0, 1.0, 1.0, 1.0, 1.0, 1.0, 1.0, 1.0, 1.0, 1.0, 1.0, 1.0, 1.0, 1.0, 1.0, 1.0, 1.0, 1.0, 1.0, 1.0, 1.0, 1.0, 1.0, 1.0, 1.0, 1.0, 1.0, 1.0, 1.0, 1.0, 1.0, 1.0, 1.0, 1.0, 1.0, 1.0, 1.0, 1.0, 1.0, 1.0, 1.0, 1.0, 1.0, 1.0, 1.0, 1.0, 1.0, 1.0, 1.0, 1.0, 1.0, 1.0, 1.0, 1.0, 1.0, 1.0, 1.0, 1.0, 1.0, 1.0, 1.0, 1.0, 1.0, 1.0, 1.0, 1.0]
valid_accuracy_list: [0.326, 0.162, 0.122, 0.114, 0.162, 0.072, 0.156, 0.316, 0.132, 0.122, 0.122, 0.122, 0.122, 0.122, 0.122, 0.122, 0.058, 0.058, 0.058, 0.058, 0.118, 0.156, 0.156, 0.156, 0.16, 0.136, 0.122, 0.132, 0.174, 0.224, 0.228, 0.17, 0.168, 0.172, 0.162, 0.17, 0.184, 0.184, 0.194, 0.208, 0.206, 0.282, 0.33, 0.332, 0.312, 0.288, 0.328, 0.286, 0.304, 0.27, 0.292, 0.28, 0.344, 0.29, 0.31, 0.348, 0.34, 0.308, 0.306, 0.372, 0.376, 0.336, 0.378, 0.38, 0.374, 0.394, 0.436, 0.384, 0.408, 0.448, 0.412, 0.426, 0.468, 0.462, 0.436, 0.48, 0.492, 0.48, 0.46, 0.48, 0.49, 0.488, 0.488, 0.468, 0.488, 0.5, 0.496, 0.492, 0.476, 0.48, 0.492, 0.512, 0.524, 0.524, 0.516, 0.51, 0.506, 0.498, 0.494, 0.49, 0.488, 0.488, 0.492, 0.5, 0.51, 0.512, 0.516, 0.518, 0.518, 0.518, 0.518, 0.516, 0.518, 0.52, 0.516, 0.512, 0.508, 0.502, 0.502, 0.5, 0.5, 0.5, 0.502, 0.504, 0.508, 0.51, 0.51, 0.512, 0.512, 0.512, 0.514, 0.514, 0.514, 0.518, 0.518, 0.518, 0.516, 0.516, 0.516, 0.516, 0.516, 0.516, 0.516, 0.516, 0.516, 0.516, 0.518, 0.52, 0.518, 0.518, 0.518, 0.518, 0.516, 0.516, 0.516, 0.516, 0.514, 0.514, 0.514, 0.514, 0.514, 0.514, 0.514, 0.516, 0.516, 0.516, 0.516, 0.516, 0.516, 0.516, 0.516, 0.516, 0.518, 0.518, 0.518, 0.518, 0.518, 0.518, 0.52, 0.52, 0.52, 0.52, 0.52, 0.522, 0.522, 0.522, 0.522, 0.522, 0.522, 0.522, 0.522, 0.524, 0.524, 0.524, 0.524, 0.524, 0.524, 0.524, 0.524, 0.524, 0.524, 0.524, 0.524, 0.524, 0.524, 0.524, 0.524, 0.524, 0.524, 0.524, 0.524, 0.524, 0.524, 0.524, 0.526, 0.526, 0.526, 0.526, 0.526, 0.526, 0.526, 0.526, 0.526, 0.526, 0.526, 0.526, 0.526, 0.526, 0.526, 0.526, 0.526, 0.526, 0.526, 0.526, 0.526, 0.526, 0.526, 0.526, 0.526, 0.526, 0.526, 0.526, 0.526, 0.526, 0.526, 0.526, 0.526, 0.526, 0.528, 0.528, 0.528, 0.528, 0.528, 0.528, 0.528, 0.528, 0.528, 0.528, 0.528, 0.528, 0.528, 0.528, 0.528, 0.528, 0.528, 0.528, 0.528, 0.528, 0.528, 0.528, 0.528, 0.528, 0.528, 0.528, 0.528, 0.528, 0.528, 0.528, 0.528, 0.528, 0.528, 0.528, 0.528, 0.528, 0.528, 0.528, 0.528, 0.528, 0.528, 0.528, 0.528, 0.528, 0.528, 0.528, 0.528, 0.528, 0.526, 0.526, 0.526, 0.526, 0.526, 0.526, 0.526, 0.526, 0.526, 0.526, 0.526, 0.526, 0.526, 0.526, 0.526, 0.526, 0.526, 0.526, 0.526, 0.526, 0.526, 0.526, 0.526, 0.526, 0.526, 0.526, 0.526, 0.526, 0.526, 0.526, 0.526, 0.526, 0.526, 0.526, 0.526, 0.526, 0.526, 0.526, 0.526, 0.526, 0.526, 0.526, 0.526, 0.526, 0.526, 0.526, 0.526, 0.526, 0.526, 0.526, 0.526, 0.526, 0.526, 0.526, 0.526, 0.526, 0.526, 0.526, 0.526, 0.526, 0.526, 0.526, 0.526, 0.526, 0.526, 0.526, 0.526, 0.526, 0.526, 0.526, 0.526, 0.526, 0.526, 0.526, 0.526, 0.526, 0.526, 0.526, 0.526, 0.526, 0.526, 0.526, 0.526, 0.526, 0.526, 0.526, 0.526, 0.526, 0.526, 0.526, 0.526, 0.528, 0.528, 0.528, 0.528, 0.528, 0.528, 0.528, 0.528, 0.528, 0.528, 0.528, 0.528]
test_accuracy_list: [0.332, 0.149, 0.13, 0.103, 0.149, 0.091, 0.144, 0.319, 0.15, 0.13, 0.13, 0.13, 0.13, 0.13, 0.13, 0.13, 0.065, 0.064, 0.064, 0.065, 0.133, 0.144, 0.144, 0.145, 0.15, 0.157, 0.164, 0.168, 0.187, 0.227, 0.23, 0.158, 0.18, 0.179, 0.161, 0.165, 0.175, 0.182, 0.181, 0.19, 0.195, 0.249, 0.311, 0.318, 0.342, 0.269, 0.347, 0.304, 0.319, 0.258, 0.295, 0.298, 0.369, 0.308, 0.321, 0.375, 0.384, 0.326, 0.32, 0.394, 0.391, 0.352, 0.414, 0.406, 0.381, 0.418, 0.45, 0.394, 0.428, 0.472, 0.419, 0.442, 0.499, 0.488, 0.469, 0.507, 0.528, 0.506, 0.488, 0.512, 0.538, 0.528, 0.509, 0.505, 0.517, 0.531, 0.534, 0.529, 0.514, 0.509, 0.528, 0.537, 0.548, 0.554, 0.555, 0.55, 0.537, 0.527, 0.523, 0.524, 0.523, 0.525, 0.533, 0.536, 0.54, 0.543, 0.541, 0.542, 0.544, 0.545, 0.545, 0.546, 0.548, 0.547, 0.546, 0.546, 0.542, 0.541, 0.537, 0.535, 0.535, 0.537, 0.538, 0.541, 0.542, 0.545, 0.546, 0.549, 0.55, 0.551, 0.552, 0.552, 0.552, 0.552, 0.554, 0.553, 0.553, 0.552, 0.552, 0.552, 0.552, 0.552, 0.552, 0.551, 0.551, 0.552, 0.552, 0.553, 0.553, 0.553, 0.553, 0.554, 0.554, 0.554, 0.554, 0.554, 0.555, 0.555, 0.555, 0.555, 0.555, 0.555, 0.555, 0.555, 0.555, 0.555, 0.555, 0.555, 0.555, 0.555, 0.555, 0.556, 0.556, 0.556, 0.556, 0.556, 0.556, 0.556, 0.556, 0.555, 0.556, 0.556, 0.556, 0.557, 0.557, 0.557, 0.557, 0.557, 0.557, 0.557, 0.557, 0.558, 0.558, 0.558, 0.558, 0.558, 0.558, 0.558, 0.558, 0.558, 0.558, 0.557, 0.557, 0.557, 0.557, 0.557, 0.558, 0.558, 0.558, 0.558, 0.558, 0.558, 0.558, 0.558, 0.558, 0.558, 0.558, 0.558, 0.558, 0.558, 0.558, 0.558, 0.558, 0.558, 0.558, 0.558, 0.559, 0.559, 0.559, 0.559, 0.559, 0.559, 0.559, 0.559, 0.559, 0.56, 0.56, 0.561, 0.561, 0.561, 0.561, 0.561, 0.56, 0.56, 0.56, 0.56, 0.56, 0.561, 0.561, 0.561, 0.561, 0.561, 0.561, 0.561, 0.561, 0.561, 0.561, 0.561, 0.561, 0.561, 0.561, 0.561, 0.561, 0.561, 0.561, 0.561, 0.561, 0.562, 0.562, 0.562, 0.562, 0.562, 0.563, 0.563, 0.563, 0.562, 0.562, 0.562, 0.562, 0.562, 0.562, 0.562, 0.562, 0.562, 0.563, 0.563, 0.563, 0.563, 0.563, 0.563, 0.563, 0.563, 0.563, 0.563, 0.563, 0.563, 0.563, 0.563, 0.565, 0.565, 0.565, 0.565, 0.565, 0.565, 0.565, 0.565, 0.565, 0.565, 0.565, 0.565, 0.565, 0.565, 0.566, 0.566, 0.566, 0.566, 0.566, 0.566, 0.566, 0.566, 0.566, 0.566, 0.566, 0.567, 0.567, 0.567, 0.567, 0.567, 0.567, 0.567, 0.567, 0.567, 0.567, 0.567, 0.567, 0.567, 0.567, 0.567, 0.567, 0.567, 0.567, 0.567, 0.567, 0.567, 0.567, 0.567, 0.567, 0.567, 0.567, 0.567, 0.567, 0.567, 0.567, 0.567, 0.567, 0.567, 0.567, 0.567, 0.567, 0.567, 0.567, 0.567, 0.567, 0.567, 0.567, 0.567, 0.567, 0.567, 0.567, 0.567, 0.566, 0.566, 0.566, 0.566, 0.566, 0.566, 0.566, 0.566, 0.566, 0.566, 0.566, 0.566, 0.567, 0.567, 0.568, 0.568, 0.568, 0.568, 0.568, 0.568, 0.568, 0.568, 0.568, 0.568, 0.568, 0.568, 0.568, 0.568, 0.568]
best validation: 0.528
best test: 0.568
num distinct structures: 2365
Experiment run 5
dataset: Cora
num_mp_layers: 3
num_fl_layers: 2
mp_hidden_dim: 4000
fl_hidden_dim: 512
epsilon: 1.118033988749895
optimizer_lr: 0.01
loss_func: CrossEntropyLoss
total_epoch: 400
Epoch: 50, Loss: 0.0511, Train: 100.00%, Valid: 68.80%, Test: 69.90%, Best Valid: 71.40%, Best Test: 71.70%
Epoch: 100, Loss: 0.0000, Train: 100.00%, Valid: 68.20%, Test: 70.90%, Best Valid: 71.40%, Best Test: 73.30%
Epoch: 150, Loss: 0.0000, Train: 100.00%, Valid: 68.00%, Test: 70.70%, Best Valid: 71.40%, Best Test: 73.30%
Epoch: 200, Loss: 0.0000, Train: 100.00%, Valid: 67.80%, Test: 70.60%, Best Valid: 71.40%, Best Test: 73.30%
Epoch: 250, Loss: 0.0000, Train: 100.00%, Valid: 68.00%, Test: 70.50%, Best Valid: 71.40%, Best Test: 73.30%
Epoch: 300, Loss: 0.0000, Train: 100.00%, Valid: 67.40%, Test: 70.50%, Best Valid: 71.40%, Best Test: 73.30%
Epoch: 350, Loss: 0.0000, Train: 100.00%, Valid: 67.00%, Test: 70.60%, Best Valid: 71.40%, Best Test: 73.30%
train_accuracy_list: [0.14285714285714285, 0.14285714285714285, 0.14285714285714285, 0.14285714285714285, 0.14285714285714285, 0.14285714285714285, 0.14285714285714285, 0.14285714285714285, 0.14285714285714285, 0.15, 0.15, 0.25, 0.15714285714285714, 0.15, 0.14285714285714285, 0.15714285714285714, 0.14285714285714285, 0.20714285714285716, 0.19285714285714287, 0.18571428571428572, 0.18571428571428572, 0.2, 0.2, 0.22142857142857142, 0.2, 0.16428571428571428, 0.24285714285714285, 0.37142857142857144, 0.34285714285714286, 0.4, 0.42857142857142855, 0.5571428571428572, 0.4142857142857143, 0.4, 0.44285714285714284, 0.5571428571428572, 0.7714285714285715, 0.8428571428571429, 0.7857142857142857, 0.7571428571428571, 0.7857142857142857, 0.8928571428571429, 0.9214285714285714, 0.9428571428571428, 0.95, 0.9714285714285714, 0.9785714285714285, 0.9928571428571429, 1.0, 1.0, 1.0, 1.0, 1.0, 1.0, 1.0, 1.0, 1.0, 1.0, 1.0, 1.0, 1.0, 1.0, 1.0, 1.0, 1.0, 1.0, 1.0, 1.0, 1.0, 1.0, 1.0, 1.0, 1.0, 1.0, 1.0, 1.0, 1.0, 1.0, 1.0, 1.0, 1.0, 1.0, 1.0, 1.0, 1.0, 1.0, 1.0, 1.0, 1.0, 1.0, 1.0, 1.0, 1.0, 1.0, 1.0, 1.0, 1.0, 1.0, 1.0, 1.0, 1.0, 1.0, 1.0, 1.0, 1.0, 1.0, 1.0, 1.0, 1.0, 1.0, 1.0, 1.0, 1.0, 1.0, 1.0, 1.0, 1.0, 1.0, 1.0, 1.0, 1.0, 1.0, 1.0, 1.0, 1.0, 1.0, 1.0, 1.0, 1.0, 1.0, 1.0, 1.0, 1.0, 1.0, 1.0, 1.0, 1.0, 1.0, 1.0, 1.0, 1.0, 1.0, 1.0, 1.0, 1.0, 1.0, 1.0, 1.0, 1.0, 1.0, 1.0, 1.0, 1.0, 1.0, 1.0, 1.0, 1.0, 1.0, 1.0, 1.0, 1.0, 1.0, 1.0, 1.0, 1.0, 1.0, 1.0, 1.0, 1.0, 1.0, 1.0, 1.0, 1.0, 1.0, 1.0, 1.0, 1.0, 1.0, 1.0, 1.0, 1.0, 1.0, 1.0, 1.0, 1.0, 1.0, 1.0, 1.0, 1.0, 1.0, 1.0, 1.0, 1.0, 1.0, 1.0, 1.0, 1.0, 1.0, 1.0, 1.0, 1.0, 1.0, 1.0, 1.0, 1.0, 1.0, 1.0, 1.0, 1.0, 1.0, 1.0, 1.0, 1.0, 1.0, 1.0, 1.0, 1.0, 1.0, 1.0, 1.0, 1.0, 1.0, 1.0, 1.0, 1.0, 1.0, 1.0, 1.0, 1.0, 1.0, 1.0, 1.0, 1.0, 1.0, 1.0, 1.0, 1.0, 1.0, 1.0, 1.0, 1.0, 1.0, 1.0, 1.0, 1.0, 1.0, 1.0, 1.0, 1.0, 1.0, 1.0, 1.0, 1.0, 1.0, 1.0, 1.0, 1.0, 1.0, 1.0, 1.0, 1.0, 1.0, 1.0, 1.0, 1.0, 1.0, 1.0, 1.0, 1.0, 1.0, 1.0, 1.0, 1.0, 1.0, 1.0, 1.0, 1.0, 1.0, 1.0, 1.0, 1.0, 1.0, 1.0, 1.0, 1.0, 1.0, 1.0, 1.0, 1.0, 1.0, 1.0, 1.0, 1.0, 1.0, 1.0, 1.0, 1.0, 1.0, 1.0, 1.0, 1.0, 1.0, 1.0, 1.0, 1.0, 1.0, 1.0, 1.0, 1.0, 1.0, 1.0, 1.0, 1.0, 1.0, 1.0, 1.0, 1.0, 1.0, 1.0, 1.0, 1.0, 1.0, 1.0, 1.0, 1.0, 1.0, 1.0, 1.0, 1.0, 1.0, 1.0, 1.0, 1.0, 1.0, 1.0, 1.0, 1.0, 1.0, 1.0, 1.0, 1.0, 1.0, 1.0, 1.0, 1.0, 1.0, 1.0, 1.0, 1.0, 1.0, 1.0, 1.0, 1.0, 1.0, 1.0, 1.0, 1.0, 1.0, 1.0, 1.0, 1.0, 1.0, 1.0, 1.0, 1.0, 1.0, 1.0, 1.0, 1.0, 1.0, 1.0, 1.0, 1.0, 1.0, 1.0, 1.0, 1.0, 1.0, 1.0, 1.0, 1.0, 1.0, 1.0, 1.0, 1.0, 1.0, 1.0, 1.0, 1.0, 1.0, 1.0, 1.0, 1.0, 1.0, 1.0, 1.0, 1.0, 1.0, 1.0]
valid_accuracy_list: [0.122, 0.122, 0.058, 0.162, 0.156, 0.122, 0.114, 0.072, 0.072, 0.074, 0.074, 0.33, 0.064, 0.06, 0.074, 0.116, 0.122, 0.166, 0.184, 0.17, 0.172, 0.188, 0.166, 0.178, 0.088, 0.074, 0.082, 0.138, 0.188, 0.254, 0.28, 0.406, 0.318, 0.348, 0.356, 0.374, 0.49, 0.558, 0.56, 0.616, 0.638, 0.67, 0.714, 0.658, 0.63, 0.69, 0.698, 0.704, 0.708, 0.688, 0.696, 0.692, 0.694, 0.708, 0.71, 0.708, 0.698, 0.696, 0.688, 0.682, 0.684, 0.672, 0.67, 0.67, 0.67, 0.674, 0.676, 0.674, 0.676, 0.678, 0.678, 0.686, 0.682, 0.678, 0.68, 0.684, 0.68, 0.682, 0.686, 0.69, 0.69, 0.69, 0.69, 0.688, 0.688, 0.69, 0.69, 0.69, 0.694, 0.694, 0.688, 0.688, 0.688, 0.688, 0.684, 0.684, 0.684, 0.682, 0.682, 0.682, 0.68, 0.68, 0.68, 0.68, 0.682, 0.682, 0.682, 0.682, 0.682, 0.682, 0.682, 0.682, 0.682, 0.68, 0.68, 0.68, 0.68, 0.68, 0.68, 0.68, 0.68, 0.68, 0.68, 0.68, 0.68, 0.68, 0.68, 0.68, 0.68, 0.68, 0.68, 0.68, 0.68, 0.68, 0.68, 0.68, 0.678, 0.678, 0.678, 0.678, 0.678, 0.678, 0.678, 0.678, 0.678, 0.678, 0.678, 0.678, 0.68, 0.68, 0.68, 0.68, 0.68, 0.68, 0.68, 0.68, 0.68, 0.68, 0.68, 0.68, 0.68, 0.68, 0.68, 0.68, 0.68, 0.68, 0.68, 0.68, 0.68, 0.68, 0.68, 0.68, 0.68, 0.68, 0.678, 0.678, 0.678, 0.678, 0.678, 0.678, 0.678, 0.678, 0.678, 0.678, 0.678, 0.678, 0.678, 0.678, 0.678, 0.678, 0.678, 0.678, 0.678, 0.678, 0.678, 0.678, 0.678, 0.678, 0.678, 0.678, 0.678, 0.678, 0.678, 0.678, 0.678, 0.678, 0.678, 0.68, 0.68, 0.68, 0.68, 0.68, 0.68, 0.68, 0.68, 0.68, 0.68, 0.68, 0.68, 0.68, 0.68, 0.68, 0.68, 0.68, 0.682, 0.682, 0.682, 0.682, 0.682, 0.682, 0.682, 0.682, 0.682, 0.682, 0.682, 0.682, 0.682, 0.682, 0.682, 0.682, 0.682, 0.68, 0.68, 0.68, 0.68, 0.68, 0.68, 0.68, 0.68, 0.68, 0.68, 0.68, 0.68, 0.68, 0.678, 0.678, 0.678, 0.678, 0.678, 0.678, 0.678, 0.678, 0.678, 0.678, 0.678, 0.678, 0.678, 0.678, 0.678, 0.678, 0.678, 0.678, 0.678, 0.678, 0.678, 0.678, 0.678, 0.678, 0.678, 0.678, 0.678, 0.678, 0.678, 0.678, 0.678, 0.678, 0.678, 0.678, 0.678, 0.678, 0.678, 0.678, 0.678, 0.678, 0.678, 0.678, 0.678, 0.676, 0.676, 0.674, 0.674, 0.674, 0.674, 0.674, 0.674, 0.674, 0.674, 0.674, 0.674, 0.674, 0.674, 0.674, 0.672, 0.672, 0.672, 0.672, 0.672, 0.672, 0.672, 0.672, 0.672, 0.672, 0.672, 0.672, 0.672, 0.672, 0.672, 0.672, 0.672, 0.672, 0.672, 0.672, 0.67, 0.67, 0.67, 0.67, 0.67, 0.67, 0.67, 0.67, 0.67, 0.67, 0.67, 0.67, 0.67, 0.67, 0.67, 0.67, 0.67, 0.67, 0.67, 0.67, 0.67, 0.67, 0.67, 0.67, 0.67, 0.67, 0.67, 0.67, 0.668, 0.668, 0.668, 0.668, 0.668, 0.668, 0.668, 0.668, 0.668, 0.668, 0.668, 0.668, 0.668, 0.668, 0.668, 0.668, 0.668, 0.668, 0.668, 0.668, 0.668, 0.668, 0.668, 0.668, 0.668, 0.668, 0.668, 0.668, 0.668, 0.668, 0.668, 0.668, 0.668, 0.668, 0.668, 0.668, 0.668, 0.668, 0.666]
test_accuracy_list: [0.13, 0.13, 0.064, 0.149, 0.144, 0.13, 0.103, 0.091, 0.091, 0.091, 0.091, 0.329, 0.065, 0.063, 0.07, 0.105, 0.13, 0.159, 0.168, 0.16, 0.161, 0.18, 0.162, 0.167, 0.114, 0.094, 0.111, 0.153, 0.185, 0.25, 0.261, 0.363, 0.295, 0.318, 0.343, 0.363, 0.485, 0.564, 0.568, 0.635, 0.66, 0.695, 0.717, 0.644, 0.648, 0.671, 0.68, 0.709, 0.704, 0.699, 0.713, 0.706, 0.706, 0.722, 0.727, 0.733, 0.721, 0.716, 0.712, 0.707, 0.701, 0.696, 0.696, 0.7, 0.697, 0.696, 0.697, 0.701, 0.701, 0.701, 0.704, 0.702, 0.703, 0.705, 0.707, 0.706, 0.708, 0.711, 0.709, 0.71, 0.711, 0.712, 0.711, 0.711, 0.711, 0.711, 0.712, 0.711, 0.711, 0.712, 0.713, 0.712, 0.713, 0.713, 0.712, 0.712, 0.712, 0.709, 0.709, 0.709, 0.709, 0.709, 0.71, 0.71, 0.71, 0.709, 0.708, 0.709, 0.709, 0.708, 0.708, 0.708, 0.708, 0.708, 0.708, 0.708, 0.708, 0.709, 0.709, 0.71, 0.71, 0.709, 0.709, 0.708, 0.708, 0.708, 0.707, 0.707, 0.706, 0.706, 0.706, 0.706, 0.706, 0.706, 0.706, 0.706, 0.706, 0.706, 0.706, 0.706, 0.706, 0.706, 0.706, 0.706, 0.706, 0.707, 0.707, 0.707, 0.707, 0.707, 0.707, 0.707, 0.707, 0.707, 0.706, 0.706, 0.706, 0.706, 0.706, 0.706, 0.706, 0.706, 0.706, 0.706, 0.706, 0.706, 0.706, 0.706, 0.706, 0.706, 0.706, 0.706, 0.706, 0.706, 0.706, 0.706, 0.706, 0.706, 0.706, 0.706, 0.706, 0.706, 0.706, 0.706, 0.706, 0.705, 0.705, 0.705, 0.705, 0.706, 0.706, 0.706, 0.706, 0.706, 0.706, 0.706, 0.706, 0.706, 0.706, 0.706, 0.706, 0.706, 0.706, 0.706, 0.706, 0.706, 0.706, 0.706, 0.706, 0.706, 0.706, 0.706, 0.706, 0.706, 0.706, 0.706, 0.706, 0.706, 0.706, 0.706, 0.706, 0.706, 0.706, 0.706, 0.706, 0.706, 0.705, 0.705, 0.705, 0.705, 0.705, 0.705, 0.705, 0.705, 0.705, 0.705, 0.705, 0.705, 0.705, 0.705, 0.705, 0.705, 0.705, 0.705, 0.705, 0.705, 0.705, 0.705, 0.705, 0.705, 0.705, 0.705, 0.705, 0.705, 0.705, 0.705, 0.705, 0.705, 0.705, 0.705, 0.705, 0.705, 0.705, 0.705, 0.705, 0.705, 0.705, 0.705, 0.705, 0.705, 0.705, 0.705, 0.705, 0.705, 0.705, 0.705, 0.706, 0.706, 0.706, 0.706, 0.706, 0.706, 0.706, 0.706, 0.706, 0.706, 0.706, 0.706, 0.706, 0.705, 0.705, 0.705, 0.705, 0.705, 0.705, 0.705, 0.705, 0.705, 0.705, 0.705, 0.705, 0.705, 0.705, 0.705, 0.705, 0.705, 0.705, 0.705, 0.705, 0.705, 0.705, 0.705, 0.705, 0.705, 0.705, 0.705, 0.705, 0.705, 0.705, 0.705, 0.705, 0.705, 0.705, 0.705, 0.705, 0.705, 0.705, 0.705, 0.705, 0.705, 0.705, 0.706, 0.706, 0.706, 0.706, 0.706, 0.706, 0.706, 0.706, 0.706, 0.706, 0.706, 0.706, 0.706, 0.706, 0.706, 0.706, 0.706, 0.706, 0.706, 0.706, 0.706, 0.706, 0.706, 0.706, 0.706, 0.706, 0.706, 0.706, 0.706, 0.706, 0.706, 0.706, 0.706, 0.706, 0.706, 0.706, 0.706, 0.706, 0.706, 0.706, 0.706, 0.706, 0.706, 0.706, 0.706, 0.706, 0.706, 0.706, 0.706, 0.706, 0.706, 0.706, 0.706, 0.706, 0.706, 0.706, 0.706, 0.706, 0.706, 0.706, 0.706, 0.706, 0.706, 0.706, 0.706, 0.706, 0.706, 0.706]
best validation: 0.714
best test: 0.733
num distinct structures: 2365
Experiment run 6
dataset: Cora
num_mp_layers: 3
num_fl_layers: 2
mp_hidden_dim: 8000
fl_hidden_dim: 512
epsilon: 1.118033988749895
optimizer_lr: 0.01
loss_func: CrossEntropyLoss
total_epoch: 400
Epoch: 50, Loss: 0.0003, Train: 100.00%, Valid: 69.80%, Test: 70.30%, Best Valid: 73.40%, Best Test: 76.10%
Epoch: 100, Loss: 0.0000, Train: 100.00%, Valid: 72.20%, Test: 73.20%, Best Valid: 73.40%, Best Test: 76.10%
Epoch: 150, Loss: 0.0000, Train: 100.00%, Valid: 72.00%, Test: 73.50%, Best Valid: 73.40%, Best Test: 76.10%
Epoch: 200, Loss: 0.0000, Train: 100.00%, Valid: 71.80%, Test: 73.00%, Best Valid: 73.40%, Best Test: 76.10%
Epoch: 250, Loss: 0.0000, Train: 100.00%, Valid: 72.00%, Test: 73.40%, Best Valid: 73.40%, Best Test: 76.10%
Epoch: 300, Loss: 0.0000, Train: 100.00%, Valid: 71.80%, Test: 73.40%, Best Valid: 73.40%, Best Test: 76.10%
Epoch: 350, Loss: 0.0000, Train: 100.00%, Valid: 72.00%, Test: 73.60%, Best Valid: 73.40%, Best Test: 76.10%
train_accuracy_list: [0.14285714285714285, 0.14285714285714285, 0.14285714285714285, 0.15, 0.14285714285714285, 0.14285714285714285, 0.14285714285714285, 0.14285714285714285, 0.14285714285714285, 0.14285714285714285, 0.18571428571428572, 0.14285714285714285, 0.14285714285714285, 0.15, 0.14285714285714285, 0.14285714285714285, 0.15714285714285714, 0.15, 0.22142857142857142, 0.17142857142857143, 0.17857142857142858, 0.17857142857142858, 0.17142857142857143, 0.3, 0.5285714285714286, 0.5714285714285714, 0.6071428571428571, 0.6428571428571429, 0.7214285714285714, 0.7642857142857142, 0.8714285714285714, 0.9571428571428572, 0.9571428571428572, 0.9785714285714285, 0.9642857142857143, 0.9785714285714285, 0.9642857142857143, 0.9642857142857143, 0.9928571428571429, 0.9857142857142858, 0.9928571428571429, 0.9857142857142858, 1.0, 1.0, 1.0, 1.0, 1.0, 1.0, 1.0, 1.0, 1.0, 1.0, 1.0, 1.0, 1.0, 1.0, 1.0, 1.0, 1.0, 1.0, 1.0, 1.0, 1.0, 1.0, 1.0, 1.0, 1.0, 1.0, 1.0, 1.0, 1.0, 1.0, 1.0, 1.0, 1.0, 1.0, 1.0, 1.0, 1.0, 1.0, 1.0, 1.0, 1.0, 1.0, 1.0, 1.0, 1.0, 1.0, 1.0, 1.0, 1.0, 1.0, 1.0, 1.0, 1.0, 1.0, 1.0, 1.0, 1.0, 1.0, 1.0, 1.0, 1.0, 1.0, 1.0, 1.0, 1.0, 1.0, 1.0, 1.0, 1.0, 1.0, 1.0, 1.0, 1.0, 1.0, 1.0, 1.0, 1.0, 1.0, 1.0, 1.0, 1.0, 1.0, 1.0, 1.0, 1.0, 1.0, 1.0, 1.0, 1.0, 1.0, 1.0, 1.0, 1.0, 1.0, 1.0, 1.0, 1.0, 1.0, 1.0, 1.0, 1.0, 1.0, 1.0, 1.0, 1.0, 1.0, 1.0, 1.0, 1.0, 1.0, 1.0, 1.0, 1.0, 1.0, 1.0, 1.0, 1.0, 1.0, 1.0, 1.0, 1.0, 1.0, 1.0, 1.0, 1.0, 1.0, 1.0, 1.0, 1.0, 1.0, 1.0, 1.0, 1.0, 1.0, 1.0, 1.0, 1.0, 1.0, 1.0, 1.0, 1.0, 1.0, 1.0, 1.0, 1.0, 1.0, 1.0, 1.0, 1.0, 1.0, 1.0, 1.0, 1.0, 1.0, 1.0, 1.0, 1.0, 1.0, 1.0, 1.0, 1.0, 1.0, 1.0, 1.0, 1.0, 1.0, 1.0, 1.0, 1.0, 1.0, 1.0, 1.0, 1.0, 1.0, 1.0, 1.0, 1.0, 1.0, 1.0, 1.0, 1.0, 1.0, 1.0, 1.0, 1.0, 1.0, 1.0, 1.0, 1.0, 1.0, 1.0, 1.0, 1.0, 1.0, 1.0, 1.0, 1.0, 1.0, 1.0, 1.0, 1.0, 1.0, 1.0, 1.0, 1.0, 1.0, 1.0, 1.0, 1.0, 1.0, 1.0, 1.0, 1.0, 1.0, 1.0, 1.0, 1.0, 1.0, 1.0, 1.0, 1.0, 1.0, 1.0, 1.0, 1.0, 1.0, 1.0, 1.0, 1.0, 1.0, 1.0, 1.0, 1.0, 1.0, 1.0, 1.0, 1.0, 1.0, 1.0, 1.0, 1.0, 1.0, 1.0, 1.0, 1.0, 1.0, 1.0, 1.0, 1.0, 1.0, 1.0, 1.0, 1.0, 1.0, 1.0, 1.0, 1.0, 1.0, 1.0, 1.0, 1.0, 1.0, 1.0, 1.0, 1.0, 1.0, 1.0, 1.0, 1.0, 1.0, 1.0, 1.0, 1.0, 1.0, 1.0, 1.0, 1.0, 1.0, 1.0, 1.0, 1.0, 1.0, 1.0, 1.0, 1.0, 1.0, 1.0, 1.0, 1.0, 1.0, 1.0, 1.0, 1.0, 1.0, 1.0, 1.0, 1.0, 1.0, 1.0, 1.0, 1.0, 1.0, 1.0, 1.0, 1.0, 1.0, 1.0, 1.0, 1.0, 1.0, 1.0, 1.0, 1.0, 1.0, 1.0, 1.0, 1.0, 1.0, 1.0, 1.0, 1.0, 1.0, 1.0, 1.0, 1.0, 1.0, 1.0, 1.0, 1.0, 1.0, 1.0, 1.0, 1.0, 1.0, 1.0, 1.0, 1.0, 1.0, 1.0, 1.0, 1.0, 1.0, 1.0, 1.0, 1.0, 1.0, 1.0, 1.0, 1.0, 1.0, 1.0, 1.0, 1.0, 1.0, 1.0, 1.0, 1.0]
valid_accuracy_list: [0.072, 0.072, 0.162, 0.114, 0.316, 0.316, 0.122, 0.122, 0.122, 0.122, 0.074, 0.162, 0.162, 0.164, 0.114, 0.114, 0.116, 0.058, 0.124, 0.124, 0.132, 0.184, 0.164, 0.202, 0.312, 0.296, 0.38, 0.424, 0.53, 0.59, 0.578, 0.678, 0.636, 0.646, 0.698, 0.636, 0.724, 0.608, 0.72, 0.734, 0.708, 0.7, 0.704, 0.71, 0.73, 0.708, 0.692, 0.686, 0.692, 0.698, 0.692, 0.69, 0.698, 0.704, 0.708, 0.706, 0.706, 0.71, 0.708, 0.704, 0.71, 0.714, 0.714, 0.716, 0.718, 0.722, 0.722, 0.722, 0.724, 0.726, 0.726, 0.726, 0.726, 0.724, 0.724, 0.724, 0.724, 0.72, 0.722, 0.722, 0.722, 0.722, 0.722, 0.722, 0.722, 0.722, 0.722, 0.722, 0.722, 0.722, 0.722, 0.722, 0.722, 0.722, 0.722, 0.72, 0.72, 0.72, 0.72, 0.722, 0.722, 0.722, 0.722, 0.722, 0.722, 0.722, 0.722, 0.722, 0.724, 0.724, 0.724, 0.724, 0.722, 0.722, 0.722, 0.722, 0.722, 0.722, 0.722, 0.722, 0.722, 0.722, 0.722, 0.72, 0.72, 0.72, 0.72, 0.72, 0.72, 0.72, 0.718, 0.718, 0.718, 0.718, 0.718, 0.718, 0.718, 0.718, 0.718, 0.718, 0.718, 0.718, 0.718, 0.718, 0.718, 0.718, 0.716, 0.716, 0.716, 0.72, 0.718, 0.718, 0.718, 0.718, 0.718, 0.718, 0.718, 0.718, 0.718, 0.718, 0.718, 0.718, 0.718, 0.718, 0.718, 0.718, 0.718, 0.718, 0.718, 0.718, 0.718, 0.718, 0.718, 0.718, 0.718, 0.718, 0.718, 0.718, 0.718, 0.718, 0.718, 0.718, 0.718, 0.718, 0.718, 0.718, 0.718, 0.718, 0.718, 0.718, 0.718, 0.718, 0.718, 0.718, 0.718, 0.718, 0.718, 0.718, 0.718, 0.718, 0.718, 0.718, 0.718, 0.718, 0.718, 0.718, 0.718, 0.718, 0.718, 0.718, 0.718, 0.718, 0.718, 0.718, 0.718, 0.718, 0.718, 0.718, 0.718, 0.718, 0.718, 0.718, 0.718, 0.718, 0.718, 0.72, 0.72, 0.72, 0.72, 0.72, 0.72, 0.72, 0.72, 0.72, 0.72, 0.72, 0.72, 0.72, 0.72, 0.72, 0.72, 0.72, 0.72, 0.72, 0.72, 0.72, 0.72, 0.72, 0.72, 0.72, 0.72, 0.72, 0.72, 0.72, 0.72, 0.72, 0.72, 0.72, 0.72, 0.72, 0.72, 0.72, 0.72, 0.72, 0.72, 0.72, 0.72, 0.72, 0.72, 0.72, 0.72, 0.72, 0.72, 0.72, 0.72, 0.72, 0.718, 0.718, 0.718, 0.718, 0.718, 0.718, 0.718, 0.718, 0.718, 0.718, 0.718, 0.718, 0.718, 0.718, 0.718, 0.718, 0.718, 0.718, 0.718, 0.718, 0.718, 0.718, 0.718, 0.718, 0.718, 0.718, 0.72, 0.72, 0.72, 0.72, 0.72, 0.72, 0.72, 0.72, 0.72, 0.72, 0.722, 0.722, 0.722, 0.718, 0.718, 0.72, 0.72, 0.72, 0.72, 0.72, 0.72, 0.72, 0.72, 0.72, 0.722, 0.722, 0.722, 0.722, 0.722, 0.722, 0.722, 0.722, 0.722, 0.722, 0.722, 0.722, 0.722, 0.722, 0.722, 0.722, 0.722, 0.722, 0.722, 0.722, 0.722, 0.72, 0.72, 0.72, 0.72, 0.72, 0.72, 0.72, 0.72, 0.72, 0.72, 0.72, 0.72, 0.72, 0.72, 0.72, 0.72, 0.72, 0.72, 0.72, 0.72, 0.72, 0.72, 0.72, 0.72, 0.72, 0.72, 0.72, 0.72, 0.72, 0.72, 0.72, 0.72, 0.72, 0.72, 0.72, 0.72, 0.72, 0.72, 0.72, 0.72, 0.72, 0.72, 0.722, 0.722, 0.722, 0.722, 0.722, 0.722, 0.722, 0.722, 0.722, 0.722]
test_accuracy_list: [0.091, 0.091, 0.149, 0.103, 0.319, 0.319, 0.13, 0.13, 0.13, 0.13, 0.078, 0.149, 0.149, 0.149, 0.103, 0.103, 0.104, 0.064, 0.142, 0.131, 0.139, 0.16, 0.149, 0.207, 0.331, 0.321, 0.378, 0.453, 0.543, 0.625, 0.618, 0.713, 0.638, 0.645, 0.737, 0.662, 0.74, 0.608, 0.73, 0.761, 0.739, 0.697, 0.699, 0.714, 0.719, 0.706, 0.694, 0.689, 0.7, 0.703, 0.705, 0.705, 0.711, 0.719, 0.723, 0.725, 0.727, 0.728, 0.731, 0.729, 0.731, 0.73, 0.732, 0.732, 0.733, 0.733, 0.734, 0.733, 0.733, 0.735, 0.735, 0.736, 0.736, 0.736, 0.736, 0.736, 0.735, 0.734, 0.734, 0.734, 0.734, 0.733, 0.733, 0.732, 0.732, 0.732, 0.732, 0.732, 0.732, 0.732, 0.732, 0.732, 0.732, 0.731, 0.731, 0.73, 0.73, 0.731, 0.731, 0.732, 0.732, 0.732, 0.732, 0.732, 0.732, 0.731, 0.731, 0.732, 0.732, 0.732, 0.732, 0.733, 0.734, 0.735, 0.735, 0.736, 0.738, 0.739, 0.739, 0.739, 0.739, 0.739, 0.739, 0.74, 0.74, 0.74, 0.74, 0.74, 0.74, 0.74, 0.74, 0.74, 0.74, 0.74, 0.74, 0.74, 0.74, 0.74, 0.738, 0.738, 0.738, 0.738, 0.738, 0.738, 0.736, 0.736, 0.736, 0.736, 0.736, 0.735, 0.735, 0.735, 0.735, 0.736, 0.737, 0.737, 0.737, 0.736, 0.735, 0.735, 0.733, 0.733, 0.733, 0.733, 0.733, 0.733, 0.733, 0.733, 0.733, 0.733, 0.732, 0.732, 0.732, 0.732, 0.732, 0.732, 0.731, 0.73, 0.73, 0.73, 0.73, 0.73, 0.73, 0.73, 0.73, 0.73, 0.73, 0.73, 0.73, 0.73, 0.73, 0.73, 0.73, 0.73, 0.73, 0.73, 0.73, 0.73, 0.73, 0.73, 0.73, 0.73, 0.73, 0.73, 0.73, 0.73, 0.73, 0.73, 0.73, 0.73, 0.73, 0.73, 0.731, 0.731, 0.73, 0.73, 0.73, 0.73, 0.73, 0.73, 0.73, 0.731, 0.731, 0.731, 0.731, 0.731, 0.731, 0.731, 0.731, 0.731, 0.732, 0.732, 0.732, 0.732, 0.732, 0.732, 0.732, 0.732, 0.732, 0.732, 0.733, 0.733, 0.734, 0.734, 0.734, 0.734, 0.734, 0.734, 0.734, 0.734, 0.734, 0.734, 0.734, 0.734, 0.734, 0.734, 0.734, 0.734, 0.734, 0.734, 0.734, 0.735, 0.735, 0.735, 0.735, 0.735, 0.735, 0.735, 0.735, 0.735, 0.735, 0.735, 0.735, 0.735, 0.735, 0.735, 0.735, 0.735, 0.735, 0.735, 0.735, 0.735, 0.735, 0.735, 0.735, 0.735, 0.735, 0.735, 0.735, 0.735, 0.734, 0.734, 0.734, 0.734, 0.734, 0.734, 0.734, 0.734, 0.734, 0.734, 0.734, 0.735, 0.735, 0.735, 0.735, 0.735, 0.734, 0.734, 0.734, 0.735, 0.735, 0.735, 0.735, 0.735, 0.735, 0.735, 0.735, 0.735, 0.735, 0.735, 0.735, 0.735, 0.735, 0.735, 0.735, 0.735, 0.735, 0.735, 0.735, 0.735, 0.736, 0.736, 0.736, 0.736, 0.736, 0.736, 0.736, 0.736, 0.736, 0.736, 0.736, 0.736, 0.736, 0.736, 0.736, 0.736, 0.736, 0.736, 0.736, 0.736, 0.736, 0.736, 0.736, 0.736, 0.736, 0.736, 0.736, 0.736, 0.736, 0.736, 0.736, 0.736, 0.736, 0.736, 0.736, 0.736, 0.736, 0.736, 0.736, 0.736, 0.736, 0.736, 0.736, 0.736, 0.736, 0.734, 0.734, 0.734, 0.734, 0.734, 0.734, 0.734, 0.734, 0.734, 0.734, 0.734, 0.734, 0.734, 0.734, 0.734, 0.734, 0.734, 0.734, 0.734, 0.734, 0.734, 0.734, 0.734, 0.734]
best validation: 0.734
best test: 0.761
End abalation study
