/Users/yifanguan/gnn_research/GraphLearning/venv/bin/python main.py --fc_width
Begin abalation study
num distinct structures: 2365
Experiment run 0
dataset: Cora
num_mp_layers: 3
num_fl_layers: 2
mp_hidden_dim: 3000
fl_hidden_dim: 16
epsilon: 1.118033988749895
optimizer_lr: 0.01
loss_func: CrossEntropyLoss
total_epoch: 400
Epoch: 50, Loss: 1.9068, Train: 15.71%, Valid: 16.20%, Test: 15.20%, Best Valid: 34.40%, Best Test: 33.50%
Epoch: 100, Loss: 1.7546, Train: 64.29%, Valid: 38.00%, Test: 35.10%, Best Valid: 44.80%, Best Test: 46.90%
Epoch: 150, Loss: 1.1553, Train: 84.29%, Valid: 62.00%, Test: 64.30%, Best Valid: 62.00%, Best Test: 64.30%
Epoch: 200, Loss: 0.5333, Train: 91.43%, Valid: 60.40%, Test: 65.90%, Best Valid: 62.40%, Best Test: 68.30%
Epoch: 250, Loss: 0.1915, Train: 97.14%, Valid: 62.80%, Test: 66.30%, Best Valid: 62.80%, Best Test: 68.30%
Epoch: 300, Loss: 0.0701, Train: 100.00%, Valid: 63.80%, Test: 67.90%, Best Valid: 64.40%, Best Test: 68.30%
Epoch: 350, Loss: 0.0322, Train: 100.00%, Valid: 63.80%, Test: 66.70%, Best Valid: 64.40%, Best Test: 68.30%
train_accuracy_list: [0.0, 0.0, 0.1, 0.1357142857142857, 0.19285714285714287, 0.2, 0.16428571428571428, 0.14285714285714285, 0.14285714285714285, 0.14285714285714285, 0.14285714285714285, 0.14285714285714285, 0.14285714285714285, 0.14285714285714285, 0.14285714285714285, 0.14285714285714285, 0.14285714285714285, 0.14285714285714285, 0.14285714285714285, 0.14285714285714285, 0.14285714285714285, 0.22142857142857142, 0.15714285714285714, 0.17142857142857143, 0.14285714285714285, 0.14285714285714285, 0.14285714285714285, 0.15714285714285714, 0.14285714285714285, 0.14285714285714285, 0.14285714285714285, 0.15, 0.19285714285714287, 0.15714285714285714, 0.14285714285714285, 0.14285714285714285, 0.14285714285714285, 0.14285714285714285, 0.25, 0.16428571428571428, 0.14285714285714285, 0.15, 0.14285714285714285, 0.14285714285714285, 0.16428571428571428, 0.22142857142857142, 0.3, 0.15, 0.14285714285714285, 0.15714285714285714, 0.35, 0.2, 0.16428571428571428, 0.17857142857142858, 0.29285714285714287, 0.3, 0.25, 0.22142857142857142, 0.35, 0.5857142857142857, 0.4, 0.4, 0.32142857142857145, 0.3, 0.38571428571428573, 0.5142857142857142, 0.5428571428571428, 0.6, 0.4785714285714286, 0.4357142857142857, 0.55, 0.5, 0.45714285714285713, 0.4857142857142857, 0.5642857142857143, 0.5642857142857143, 0.5571428571428572, 0.55, 0.5928571428571429, 0.6714285714285714, 0.6571428571428571, 0.6357142857142857, 0.6071428571428571, 0.5571428571428572, 0.5857142857142857, 0.5857142857142857, 0.5642857142857143, 0.5714285714285714, 0.6, 0.6142857142857143, 0.6285714285714286, 0.6642857142857143, 0.6785714285714286, 0.6785714285714286, 0.6428571428571429, 0.6214285714285714, 0.6142857142857143, 0.6214285714285714, 0.6285714285714286, 0.6428571428571429, 0.65, 0.6714285714285714, 0.6928571428571428, 0.6928571428571428, 0.6928571428571428, 0.6785714285714286, 0.6714285714285714, 0.6785714285714286, 0.6714285714285714, 0.6785714285714286, 0.6928571428571428, 0.6928571428571428, 0.6928571428571428, 0.7, 0.7214285714285714, 0.7214285714285714, 0.7214285714285714, 0.7357142857142858, 0.75, 0.7428571428571429, 0.7428571428571429, 0.7428571428571429, 0.75, 0.7571428571428571, 0.7642857142857142, 0.7642857142857142, 0.7571428571428571, 0.7714285714285715, 0.7714285714285715, 0.7714285714285715, 0.7785714285714286, 0.7857142857142857, 0.7857142857142857, 0.7857142857142857, 0.7785714285714286, 0.7928571428571428, 0.8071428571428572, 0.8142857142857143, 0.8142857142857143, 0.8142857142857143, 0.8071428571428572, 0.8071428571428572, 0.8142857142857143, 0.8142857142857143, 0.8357142857142857, 0.8428571428571429, 0.8357142857142857, 0.8357142857142857, 0.8357142857142857, 0.8428571428571429, 0.8357142857142857, 0.8357142857142857, 0.8357142857142857, 0.85, 0.85, 0.8571428571428571, 0.8642857142857143, 0.8642857142857143, 0.8714285714285714, 0.8642857142857143, 0.8642857142857143, 0.8642857142857143, 0.8714285714285714, 0.8785714285714286, 0.8785714285714286, 0.8785714285714286, 0.8785714285714286, 0.8785714285714286, 0.8785714285714286, 0.8785714285714286, 0.8785714285714286, 0.8785714285714286, 0.8785714285714286, 0.8857142857142857, 0.8857142857142857, 0.8928571428571429, 0.8928571428571429, 0.8928571428571429, 0.8928571428571429, 0.8928571428571429, 0.9, 0.9, 0.9, 0.9071428571428571, 0.9142857142857143, 0.9142857142857143, 0.9142857142857143, 0.9142857142857143, 0.9071428571428571, 0.9071428571428571, 0.9071428571428571, 0.9071428571428571, 0.9071428571428571, 0.9071428571428571, 0.9071428571428571, 0.9071428571428571, 0.9071428571428571, 0.9071428571428571, 0.9142857142857143, 0.9142857142857143, 0.9142857142857143, 0.9142857142857143, 0.9142857142857143, 0.9142857142857143, 0.9142857142857143, 0.9142857142857143, 0.9142857142857143, 0.9142857142857143, 0.9142857142857143, 0.9142857142857143, 0.9142857142857143, 0.9285714285714286, 0.9357142857142857, 0.9357142857142857, 0.9357142857142857, 0.9357142857142857, 0.9357142857142857, 0.9357142857142857, 0.9357142857142857, 0.9357142857142857, 0.95, 0.95, 0.95, 0.95, 0.95, 0.95, 0.95, 0.95, 0.95, 0.9571428571428572, 0.9571428571428572, 0.9642857142857143, 0.9642857142857143, 0.9642857142857143, 0.9642857142857143, 0.9642857142857143, 0.9642857142857143, 0.9642857142857143, 0.9642857142857143, 0.9642857142857143, 0.9714285714285714, 0.9714285714285714, 0.9714285714285714, 0.9714285714285714, 0.9714285714285714, 0.9714285714285714, 0.9714285714285714, 0.9714285714285714, 0.9714285714285714, 0.9714285714285714, 0.9785714285714285, 0.9785714285714285, 0.9857142857142858, 0.9857142857142858, 0.9857142857142858, 0.9857142857142858, 0.9857142857142858, 0.9857142857142858, 0.9857142857142858, 0.9928571428571429, 0.9928571428571429, 0.9928571428571429, 0.9928571428571429, 0.9928571428571429, 0.9928571428571429, 0.9928571428571429, 0.9928571428571429, 0.9928571428571429, 0.9928571428571429, 0.9928571428571429, 0.9928571428571429, 0.9928571428571429, 0.9928571428571429, 0.9928571428571429, 0.9928571428571429, 0.9928571428571429, 0.9928571428571429, 0.9928571428571429, 0.9928571428571429, 0.9928571428571429, 0.9928571428571429, 0.9928571428571429, 0.9928571428571429, 0.9928571428571429, 1.0, 1.0, 1.0, 1.0, 1.0, 1.0, 1.0, 1.0, 1.0, 1.0, 1.0, 1.0, 1.0, 1.0, 1.0, 1.0, 1.0, 1.0, 1.0, 1.0, 1.0, 1.0, 1.0, 1.0, 1.0, 1.0, 1.0, 1.0, 1.0, 1.0, 1.0, 1.0, 1.0, 1.0, 1.0, 1.0, 1.0, 1.0, 1.0, 1.0, 1.0, 1.0, 1.0, 1.0, 1.0, 1.0, 1.0, 1.0, 1.0, 1.0, 1.0, 1.0, 1.0, 1.0, 1.0, 1.0, 1.0, 1.0, 1.0, 1.0, 1.0, 1.0, 1.0, 1.0, 1.0, 1.0, 1.0, 1.0, 1.0, 1.0, 1.0, 1.0, 1.0, 1.0, 1.0, 1.0, 1.0, 1.0, 1.0, 1.0, 1.0, 1.0, 1.0, 1.0, 1.0, 1.0, 1.0, 1.0, 1.0, 1.0, 1.0, 1.0, 1.0, 1.0, 1.0, 1.0, 1.0, 1.0, 1.0, 1.0, 1.0, 1.0, 1.0, 1.0, 1.0, 1.0, 1.0, 1.0, 1.0, 1.0, 1.0, 1.0, 1.0, 1.0, 1.0]
valid_accuracy_list: [0.0, 0.0, 0.108, 0.15, 0.188, 0.204, 0.19, 0.162, 0.162, 0.162, 0.162, 0.162, 0.162, 0.162, 0.162, 0.162, 0.162, 0.162, 0.162, 0.162, 0.162, 0.206, 0.162, 0.068, 0.122, 0.122, 0.122, 0.154, 0.316, 0.316, 0.316, 0.334, 0.184, 0.194, 0.162, 0.162, 0.162, 0.162, 0.166, 0.122, 0.122, 0.124, 0.316, 0.316, 0.344, 0.31, 0.218, 0.176, 0.162, 0.162, 0.27, 0.124, 0.122, 0.154, 0.2, 0.306, 0.358, 0.354, 0.386, 0.408, 0.31, 0.276, 0.2, 0.21, 0.234, 0.27, 0.278, 0.382, 0.39, 0.418, 0.448, 0.308, 0.248, 0.27, 0.316, 0.358, 0.34, 0.334, 0.346, 0.382, 0.438, 0.426, 0.372, 0.318, 0.328, 0.326, 0.344, 0.348, 0.358, 0.366, 0.382, 0.402, 0.398, 0.388, 0.372, 0.368, 0.366, 0.372, 0.374, 0.38, 0.394, 0.41, 0.414, 0.412, 0.41, 0.41, 0.41, 0.402, 0.408, 0.412, 0.418, 0.426, 0.444, 0.446, 0.448, 0.454, 0.458, 0.476, 0.484, 0.496, 0.496, 0.5, 0.502, 0.5, 0.504, 0.514, 0.518, 0.524, 0.53, 0.528, 0.534, 0.542, 0.544, 0.548, 0.55, 0.554, 0.556, 0.566, 0.564, 0.568, 0.574, 0.58, 0.59, 0.596, 0.604, 0.61, 0.616, 0.618, 0.618, 0.62, 0.622, 0.616, 0.62, 0.62, 0.62, 0.624, 0.622, 0.622, 0.62, 0.62, 0.618, 0.616, 0.62, 0.618, 0.62, 0.622, 0.624, 0.624, 0.624, 0.622, 0.622, 0.62, 0.624, 0.624, 0.62, 0.62, 0.62, 0.618, 0.618, 0.616, 0.614, 0.612, 0.61, 0.61, 0.606, 0.606, 0.606, 0.604, 0.604, 0.604, 0.604, 0.604, 0.602, 0.606, 0.606, 0.606, 0.606, 0.606, 0.604, 0.604, 0.602, 0.602, 0.604, 0.604, 0.604, 0.602, 0.602, 0.6, 0.6, 0.6, 0.6, 0.6, 0.602, 0.602, 0.602, 0.604, 0.604, 0.604, 0.604, 0.602, 0.6, 0.602, 0.602, 0.604, 0.606, 0.608, 0.61, 0.61, 0.612, 0.614, 0.614, 0.616, 0.618, 0.616, 0.616, 0.618, 0.618, 0.618, 0.62, 0.618, 0.618, 0.62, 0.62, 0.62, 0.622, 0.622, 0.624, 0.626, 0.626, 0.628, 0.63, 0.63, 0.63, 0.63, 0.63, 0.63, 0.634, 0.634, 0.632, 0.632, 0.632, 0.632, 0.632, 0.634, 0.632, 0.634, 0.636, 0.636, 0.638, 0.64, 0.64, 0.64, 0.64, 0.64, 0.638, 0.64, 0.642, 0.642, 0.642, 0.642, 0.644, 0.644, 0.644, 0.642, 0.642, 0.642, 0.644, 0.644, 0.644, 0.644, 0.644, 0.644, 0.644, 0.644, 0.644, 0.644, 0.638, 0.638, 0.638, 0.638, 0.638, 0.638, 0.638, 0.638, 0.638, 0.636, 0.636, 0.634, 0.634, 0.634, 0.634, 0.634, 0.634, 0.634, 0.636, 0.636, 0.636, 0.636, 0.636, 0.634, 0.634, 0.634, 0.634, 0.634, 0.634, 0.634, 0.636, 0.636, 0.636, 0.636, 0.636, 0.636, 0.636, 0.636, 0.636, 0.636, 0.636, 0.636, 0.638, 0.64, 0.642, 0.642, 0.642, 0.64, 0.64, 0.64, 0.64, 0.64, 0.638, 0.638, 0.638, 0.636, 0.636, 0.634, 0.634, 0.632, 0.628, 0.628, 0.628, 0.628, 0.628, 0.628, 0.628, 0.624, 0.624, 0.624, 0.624, 0.624, 0.624, 0.624, 0.624, 0.624, 0.624, 0.624, 0.624, 0.624, 0.622, 0.622, 0.622, 0.622, 0.622, 0.622, 0.62, 0.62, 0.62, 0.62, 0.62, 0.62, 0.62, 0.62, 0.62, 0.62, 0.62, 0.62, 0.62, 0.62, 0.62, 0.62, 0.62]
test_accuracy_list: [0.0, 0.0, 0.081, 0.133, 0.167, 0.161, 0.168, 0.149, 0.149, 0.149, 0.149, 0.149, 0.149, 0.149, 0.149, 0.149, 0.149, 0.149, 0.149, 0.149, 0.149, 0.166, 0.138, 0.075, 0.13, 0.13, 0.13, 0.168, 0.319, 0.319, 0.319, 0.324, 0.165, 0.169, 0.149, 0.149, 0.149, 0.149, 0.182, 0.134, 0.13, 0.13, 0.319, 0.319, 0.335, 0.304, 0.187, 0.155, 0.149, 0.152, 0.284, 0.142, 0.134, 0.152, 0.173, 0.315, 0.342, 0.348, 0.389, 0.425, 0.31, 0.281, 0.216, 0.203, 0.215, 0.245, 0.266, 0.388, 0.414, 0.422, 0.457, 0.317, 0.24, 0.256, 0.287, 0.304, 0.312, 0.307, 0.318, 0.419, 0.469, 0.457, 0.39, 0.32, 0.31, 0.312, 0.316, 0.319, 0.325, 0.345, 0.374, 0.409, 0.43, 0.414, 0.381, 0.356, 0.352, 0.344, 0.35, 0.351, 0.369, 0.392, 0.412, 0.423, 0.423, 0.41, 0.401, 0.396, 0.392, 0.395, 0.401, 0.417, 0.429, 0.436, 0.437, 0.442, 0.451, 0.459, 0.459, 0.463, 0.464, 0.47, 0.479, 0.492, 0.503, 0.512, 0.517, 0.532, 0.539, 0.541, 0.542, 0.546, 0.552, 0.561, 0.569, 0.576, 0.584, 0.585, 0.591, 0.592, 0.594, 0.604, 0.609, 0.612, 0.617, 0.626, 0.629, 0.633, 0.637, 0.643, 0.645, 0.648, 0.653, 0.655, 0.657, 0.661, 0.665, 0.668, 0.672, 0.671, 0.672, 0.673, 0.673, 0.674, 0.678, 0.677, 0.678, 0.68, 0.68, 0.682, 0.683, 0.679, 0.679, 0.677, 0.677, 0.678, 0.674, 0.673, 0.672, 0.671, 0.665, 0.663, 0.661, 0.661, 0.661, 0.661, 0.662, 0.664, 0.663, 0.658, 0.657, 0.655, 0.656, 0.657, 0.657, 0.659, 0.66, 0.661, 0.661, 0.659, 0.659, 0.658, 0.659, 0.658, 0.656, 0.653, 0.655, 0.656, 0.656, 0.655, 0.657, 0.659, 0.66, 0.662, 0.661, 0.657, 0.657, 0.656, 0.656, 0.657, 0.657, 0.657, 0.655, 0.656, 0.66, 0.66, 0.66, 0.657, 0.657, 0.656, 0.657, 0.656, 0.658, 0.657, 0.656, 0.656, 0.657, 0.66, 0.663, 0.663, 0.663, 0.664, 0.662, 0.661, 0.66, 0.66, 0.662, 0.662, 0.662, 0.663, 0.662, 0.663, 0.663, 0.664, 0.665, 0.666, 0.667, 0.671, 0.672, 0.67, 0.671, 0.671, 0.672, 0.671, 0.671, 0.672, 0.673, 0.673, 0.675, 0.676, 0.675, 0.677, 0.678, 0.678, 0.68, 0.68, 0.681, 0.681, 0.681, 0.682, 0.682, 0.679, 0.677, 0.678, 0.678, 0.677, 0.679, 0.678, 0.678, 0.678, 0.679, 0.68, 0.68, 0.68, 0.681, 0.681, 0.681, 0.681, 0.68, 0.679, 0.679, 0.678, 0.677, 0.676, 0.678, 0.678, 0.678, 0.678, 0.678, 0.677, 0.677, 0.677, 0.678, 0.677, 0.677, 0.677, 0.678, 0.676, 0.674, 0.674, 0.674, 0.674, 0.674, 0.674, 0.674, 0.673, 0.673, 0.673, 0.673, 0.673, 0.672, 0.672, 0.672, 0.67, 0.668, 0.668, 0.668, 0.668, 0.668, 0.668, 0.668, 0.668, 0.668, 0.668, 0.667, 0.666, 0.667, 0.667, 0.667, 0.667, 0.667, 0.667, 0.667, 0.667, 0.665, 0.665, 0.665, 0.665, 0.665, 0.665, 0.664, 0.664, 0.664, 0.664, 0.664, 0.664, 0.664, 0.664, 0.664, 0.664, 0.664, 0.664, 0.664, 0.663, 0.662, 0.662, 0.662, 0.661, 0.661, 0.661, 0.661, 0.661, 0.661, 0.661, 0.661, 0.661, 0.661, 0.661, 0.661, 0.661, 0.661, 0.661, 0.661, 0.661, 0.661, 0.661, 0.661, 0.659, 0.659]
best validation: 0.644
best test: 0.683
num distinct structures: 2365
Experiment run 1
dataset: Cora
num_mp_layers: 3
num_fl_layers: 2
mp_hidden_dim: 3000
fl_hidden_dim: 32
epsilon: 1.118033988749895
optimizer_lr: 0.01
loss_func: CrossEntropyLoss
total_epoch: 400
Epoch: 50, Loss: 1.8768, Train: 55.00%, Valid: 41.40%, Test: 44.80%, Best Valid: 41.40%, Best Test: 44.80%
Epoch: 100, Loss: 1.6274, Train: 81.43%, Valid: 51.40%, Test: 52.80%, Best Valid: 56.00%, Best Test: 57.30%
Epoch: 150, Loss: 0.6842, Train: 92.14%, Valid: 71.00%, Test: 69.20%, Best Valid: 71.00%, Best Test: 69.20%
Epoch: 200, Loss: 0.1197, Train: 98.57%, Valid: 75.20%, Test: 75.20%, Best Valid: 75.40%, Best Test: 75.20%
Epoch: 250, Loss: 0.0355, Train: 100.00%, Valid: 76.20%, Test: 74.70%, Best Valid: 76.20%, Best Test: 75.60%
Epoch: 300, Loss: 0.0160, Train: 100.00%, Valid: 76.60%, Test: 75.00%, Best Valid: 76.60%, Best Test: 75.60%
Epoch: 350, Loss: 0.0090, Train: 100.00%, Valid: 76.00%, Test: 75.20%, Best Valid: 76.60%, Best Test: 75.60%
train_accuracy_list: [0.007142857142857143, 0.14285714285714285, 0.14285714285714285, 0.15, 0.15, 0.16428571428571428, 0.17142857142857143, 0.16428571428571428, 0.15, 0.1357142857142857, 0.1357142857142857, 0.1357142857142857, 0.14285714285714285, 0.19285714285714287, 0.14285714285714285, 0.14285714285714285, 0.21428571428571427, 0.14285714285714285, 0.15714285714285714, 0.14285714285714285, 0.16428571428571428, 0.15, 0.14285714285714285, 0.14285714285714285, 0.14285714285714285, 0.14285714285714285, 0.22857142857142856, 0.15714285714285714, 0.20714285714285716, 0.15, 0.14285714285714285, 0.14285714285714285, 0.14285714285714285, 0.15714285714285714, 0.14285714285714285, 0.17142857142857143, 0.19285714285714287, 0.32857142857142857, 0.14285714285714285, 0.14285714285714285, 0.16428571428571428, 0.35714285714285715, 0.14285714285714285, 0.14285714285714285, 0.37142857142857144, 0.32857142857142857, 0.3357142857142857, 0.22142857142857142, 0.35, 0.55, 0.22142857142857142, 0.2, 0.5357142857142857, 0.5214285714285715, 0.37857142857142856, 0.42142857142857143, 0.5714285714285714, 0.6285714285714286, 0.35, 0.30714285714285716, 0.6642857142857143, 0.5857142857142857, 0.6, 0.6142857142857143, 0.6785714285714286, 0.7, 0.5285714285714286, 0.6928571428571428, 0.7785714285714286, 0.6785714285714286, 0.6642857142857143, 0.7071428571428572, 0.7785714285714286, 0.7428571428571429, 0.7642857142857142, 0.7928571428571428, 0.7642857142857142, 0.7285714285714285, 0.7571428571428571, 0.7642857142857142, 0.7928571428571428, 0.7785714285714286, 0.7928571428571428, 0.7857142857142857, 0.7857142857142857, 0.7928571428571428, 0.7857142857142857, 0.7785714285714286, 0.7928571428571428, 0.8, 0.7928571428571428, 0.8, 0.8071428571428572, 0.7928571428571428, 0.7928571428571428, 0.8, 0.8071428571428572, 0.8071428571428572, 0.8, 0.8142857142857143, 0.8, 0.8, 0.8142857142857143, 0.8142857142857143, 0.8142857142857143, 0.8142857142857143, 0.8, 0.8071428571428572, 0.8071428571428572, 0.8214285714285714, 0.8285714285714286, 0.8285714285714286, 0.8214285714285714, 0.8214285714285714, 0.8214285714285714, 0.8285714285714286, 0.8285714285714286, 0.8357142857142857, 0.8285714285714286, 0.8357142857142857, 0.8428571428571429, 0.8428571428571429, 0.8357142857142857, 0.8428571428571429, 0.85, 0.8571428571428571, 0.8571428571428571, 0.8642857142857143, 0.8642857142857143, 0.8714285714285714, 0.8785714285714286, 0.8857142857142857, 0.8857142857142857, 0.8928571428571429, 0.8928571428571429, 0.9, 0.9, 0.9, 0.9071428571428571, 0.9142857142857143, 0.9142857142857143, 0.9142857142857143, 0.9142857142857143, 0.9142857142857143, 0.9142857142857143, 0.9142857142857143, 0.9142857142857143, 0.9142857142857143, 0.9214285714285714, 0.9214285714285714, 0.9285714285714286, 0.9285714285714286, 0.9285714285714286, 0.9357142857142857, 0.9357142857142857, 0.9357142857142857, 0.9357142857142857, 0.9357142857142857, 0.9357142857142857, 0.9357142857142857, 0.9357142857142857, 0.9357142857142857, 0.9428571428571428, 0.9428571428571428, 0.95, 0.95, 0.9571428571428572, 0.9571428571428572, 0.9642857142857143, 0.9642857142857143, 0.9571428571428572, 0.9714285714285714, 0.9714285714285714, 0.9714285714285714, 0.9714285714285714, 0.9714285714285714, 0.9714285714285714, 0.9785714285714285, 0.9785714285714285, 0.9785714285714285, 0.9785714285714285, 0.9785714285714285, 0.9785714285714285, 0.9857142857142858, 0.9857142857142858, 0.9857142857142858, 0.9857142857142858, 0.9857142857142858, 0.9857142857142858, 0.9857142857142858, 0.9857142857142858, 0.9857142857142858, 0.9857142857142858, 0.9857142857142858, 0.9857142857142858, 0.9857142857142858, 0.9857142857142858, 0.9857142857142858, 0.9857142857142858, 0.9857142857142858, 0.9928571428571429, 0.9928571428571429, 0.9928571428571429, 0.9928571428571429, 0.9928571428571429, 0.9928571428571429, 0.9928571428571429, 0.9928571428571429, 0.9928571428571429, 0.9928571428571429, 1.0, 1.0, 1.0, 1.0, 1.0, 1.0, 1.0, 1.0, 1.0, 1.0, 1.0, 1.0, 1.0, 1.0, 1.0, 1.0, 1.0, 1.0, 1.0, 1.0, 1.0, 1.0, 1.0, 1.0, 1.0, 1.0, 1.0, 1.0, 1.0, 1.0, 1.0, 1.0, 1.0, 1.0, 1.0, 1.0, 1.0, 1.0, 1.0, 1.0, 1.0, 1.0, 1.0, 1.0, 1.0, 1.0, 1.0, 1.0, 1.0, 1.0, 1.0, 1.0, 1.0, 1.0, 1.0, 1.0, 1.0, 1.0, 1.0, 1.0, 1.0, 1.0, 1.0, 1.0, 1.0, 1.0, 1.0, 1.0, 1.0, 1.0, 1.0, 1.0, 1.0, 1.0, 1.0, 1.0, 1.0, 1.0, 1.0, 1.0, 1.0, 1.0, 1.0, 1.0, 1.0, 1.0, 1.0, 1.0, 1.0, 1.0, 1.0, 1.0, 1.0, 1.0, 1.0, 1.0, 1.0, 1.0, 1.0, 1.0, 1.0, 1.0, 1.0, 1.0, 1.0, 1.0, 1.0, 1.0, 1.0, 1.0, 1.0, 1.0, 1.0, 1.0, 1.0, 1.0, 1.0, 1.0, 1.0, 1.0, 1.0, 1.0, 1.0, 1.0, 1.0, 1.0, 1.0, 1.0, 1.0, 1.0, 1.0, 1.0, 1.0, 1.0, 1.0, 1.0, 1.0, 1.0, 1.0, 1.0, 1.0, 1.0, 1.0, 1.0, 1.0, 1.0, 1.0, 1.0, 1.0, 1.0, 1.0, 1.0, 1.0, 1.0, 1.0, 1.0, 1.0, 1.0, 1.0, 1.0, 1.0, 1.0, 1.0, 1.0, 1.0, 1.0, 1.0, 1.0, 1.0, 1.0, 1.0, 1.0, 1.0, 1.0, 1.0, 1.0, 1.0, 1.0, 1.0, 1.0, 1.0, 1.0, 1.0, 1.0, 1.0, 1.0, 1.0, 1.0, 1.0]
valid_accuracy_list: [0.0, 0.058, 0.058, 0.058, 0.06, 0.068, 0.072, 0.084, 0.092, 0.112, 0.12, 0.12, 0.072, 0.182, 0.162, 0.316, 0.282, 0.156, 0.158, 0.122, 0.108, 0.072, 0.162, 0.162, 0.316, 0.316, 0.276, 0.158, 0.17, 0.072, 0.162, 0.162, 0.164, 0.322, 0.316, 0.342, 0.174, 0.198, 0.162, 0.162, 0.172, 0.362, 0.316, 0.316, 0.296, 0.19, 0.242, 0.194, 0.232, 0.414, 0.326, 0.324, 0.43, 0.312, 0.272, 0.288, 0.374, 0.472, 0.352, 0.346, 0.494, 0.37, 0.382, 0.378, 0.412, 0.508, 0.448, 0.496, 0.52, 0.4, 0.394, 0.406, 0.482, 0.538, 0.56, 0.54, 0.454, 0.416, 0.432, 0.47, 0.532, 0.556, 0.53, 0.504, 0.472, 0.48, 0.488, 0.528, 0.542, 0.544, 0.52, 0.498, 0.498, 0.5, 0.526, 0.532, 0.532, 0.524, 0.52, 0.514, 0.512, 0.518, 0.53, 0.528, 0.53, 0.528, 0.522, 0.524, 0.53, 0.53, 0.536, 0.54, 0.54, 0.538, 0.538, 0.536, 0.546, 0.55, 0.548, 0.546, 0.55, 0.558, 0.57, 0.574, 0.58, 0.576, 0.586, 0.586, 0.59, 0.594, 0.61, 0.618, 0.618, 0.628, 0.636, 0.64, 0.648, 0.652, 0.656, 0.66, 0.67, 0.674, 0.684, 0.69, 0.696, 0.698, 0.696, 0.702, 0.704, 0.71, 0.712, 0.708, 0.708, 0.71, 0.718, 0.724, 0.734, 0.734, 0.73, 0.732, 0.736, 0.738, 0.734, 0.736, 0.736, 0.742, 0.748, 0.75, 0.75, 0.748, 0.748, 0.748, 0.746, 0.748, 0.75, 0.752, 0.752, 0.752, 0.752, 0.752, 0.748, 0.748, 0.75, 0.752, 0.752, 0.754, 0.754, 0.754, 0.754, 0.754, 0.754, 0.754, 0.754, 0.752, 0.752, 0.754, 0.752, 0.752, 0.752, 0.752, 0.752, 0.752, 0.752, 0.752, 0.752, 0.754, 0.754, 0.756, 0.756, 0.754, 0.754, 0.754, 0.756, 0.756, 0.756, 0.756, 0.756, 0.758, 0.76, 0.762, 0.762, 0.762, 0.762, 0.762, 0.76, 0.76, 0.76, 0.76, 0.76, 0.76, 0.76, 0.76, 0.76, 0.758, 0.758, 0.758, 0.758, 0.758, 0.758, 0.758, 0.758, 0.758, 0.758, 0.758, 0.758, 0.758, 0.758, 0.76, 0.76, 0.762, 0.76, 0.76, 0.76, 0.76, 0.76, 0.76, 0.76, 0.76, 0.762, 0.762, 0.762, 0.762, 0.76, 0.76, 0.76, 0.76, 0.762, 0.762, 0.762, 0.764, 0.764, 0.764, 0.764, 0.764, 0.764, 0.766, 0.766, 0.766, 0.766, 0.766, 0.766, 0.766, 0.766, 0.766, 0.766, 0.764, 0.764, 0.766, 0.766, 0.766, 0.766, 0.766, 0.766, 0.766, 0.766, 0.766, 0.766, 0.766, 0.766, 0.766, 0.766, 0.764, 0.764, 0.764, 0.764, 0.764, 0.764, 0.766, 0.766, 0.766, 0.766, 0.766, 0.766, 0.764, 0.764, 0.764, 0.764, 0.764, 0.764, 0.762, 0.76, 0.76, 0.76, 0.76, 0.758, 0.758, 0.758, 0.758, 0.758, 0.758, 0.758, 0.758, 0.758, 0.758, 0.758, 0.758, 0.758, 0.758, 0.758, 0.758, 0.758, 0.76, 0.76, 0.76, 0.76, 0.76, 0.76, 0.76, 0.76, 0.76, 0.76, 0.76, 0.76, 0.76, 0.76, 0.76, 0.758, 0.756, 0.756, 0.756, 0.756, 0.756, 0.756, 0.756, 0.756, 0.756, 0.756, 0.756, 0.756, 0.756, 0.756, 0.756, 0.756, 0.756, 0.756, 0.756, 0.752, 0.752, 0.752, 0.752, 0.752, 0.752, 0.752, 0.752, 0.752, 0.752, 0.752, 0.752, 0.752, 0.752, 0.752, 0.752, 0.752, 0.752, 0.752, 0.752, 0.752, 0.754, 0.754]
test_accuracy_list: [0.003, 0.064, 0.064, 0.063, 0.065, 0.068, 0.079, 0.088, 0.106, 0.12, 0.122, 0.125, 0.091, 0.184, 0.149, 0.319, 0.273, 0.144, 0.146, 0.13, 0.119, 0.096, 0.149, 0.149, 0.319, 0.319, 0.275, 0.145, 0.156, 0.093, 0.149, 0.149, 0.149, 0.321, 0.319, 0.341, 0.15, 0.192, 0.149, 0.149, 0.156, 0.377, 0.319, 0.319, 0.31, 0.181, 0.224, 0.188, 0.225, 0.448, 0.333, 0.331, 0.435, 0.283, 0.25, 0.263, 0.351, 0.509, 0.36, 0.362, 0.509, 0.364, 0.369, 0.352, 0.39, 0.529, 0.432, 0.504, 0.529, 0.385, 0.378, 0.398, 0.498, 0.559, 0.567, 0.569, 0.464, 0.42, 0.426, 0.482, 0.553, 0.573, 0.549, 0.504, 0.482, 0.487, 0.498, 0.533, 0.56, 0.562, 0.518, 0.501, 0.508, 0.522, 0.539, 0.543, 0.535, 0.524, 0.522, 0.528, 0.531, 0.536, 0.537, 0.535, 0.53, 0.53, 0.535, 0.539, 0.539, 0.54, 0.542, 0.544, 0.54, 0.539, 0.54, 0.543, 0.548, 0.553, 0.558, 0.561, 0.563, 0.57, 0.57, 0.573, 0.58, 0.586, 0.593, 0.595, 0.6, 0.606, 0.614, 0.619, 0.627, 0.63, 0.635, 0.641, 0.644, 0.65, 0.654, 0.659, 0.662, 0.667, 0.67, 0.672, 0.676, 0.68, 0.685, 0.688, 0.687, 0.692, 0.695, 0.697, 0.699, 0.702, 0.707, 0.715, 0.719, 0.722, 0.724, 0.726, 0.728, 0.728, 0.728, 0.734, 0.735, 0.734, 0.732, 0.732, 0.731, 0.73, 0.734, 0.738, 0.737, 0.738, 0.741, 0.743, 0.743, 0.742, 0.742, 0.742, 0.743, 0.745, 0.747, 0.746, 0.747, 0.747, 0.748, 0.751, 0.75, 0.749, 0.749, 0.749, 0.75, 0.75, 0.75, 0.75, 0.75, 0.751, 0.752, 0.752, 0.752, 0.752, 0.753, 0.752, 0.753, 0.753, 0.754, 0.754, 0.755, 0.755, 0.756, 0.755, 0.756, 0.756, 0.755, 0.756, 0.755, 0.756, 0.755, 0.755, 0.754, 0.754, 0.754, 0.754, 0.752, 0.752, 0.751, 0.751, 0.751, 0.751, 0.75, 0.75, 0.747, 0.746, 0.747, 0.747, 0.747, 0.749, 0.748, 0.748, 0.747, 0.747, 0.746, 0.745, 0.745, 0.745, 0.745, 0.745, 0.747, 0.747, 0.748, 0.748, 0.748, 0.748, 0.748, 0.748, 0.749, 0.75, 0.75, 0.749, 0.749, 0.748, 0.748, 0.748, 0.749, 0.749, 0.749, 0.749, 0.748, 0.748, 0.748, 0.749, 0.75, 0.75, 0.75, 0.75, 0.751, 0.751, 0.751, 0.751, 0.751, 0.751, 0.751, 0.751, 0.751, 0.751, 0.751, 0.751, 0.751, 0.751, 0.751, 0.751, 0.751, 0.75, 0.75, 0.751, 0.751, 0.75, 0.75, 0.75, 0.75, 0.75, 0.751, 0.751, 0.752, 0.752, 0.751, 0.752, 0.752, 0.752, 0.751, 0.751, 0.751, 0.75, 0.75, 0.75, 0.751, 0.751, 0.751, 0.751, 0.751, 0.751, 0.752, 0.752, 0.752, 0.751, 0.751, 0.75, 0.75, 0.75, 0.75, 0.75, 0.75, 0.75, 0.75, 0.75, 0.75, 0.75, 0.75, 0.75, 0.75, 0.75, 0.75, 0.751, 0.751, 0.751, 0.751, 0.752, 0.752, 0.752, 0.753, 0.753, 0.752, 0.752, 0.752, 0.752, 0.752, 0.751, 0.751, 0.751, 0.751, 0.751, 0.751, 0.751, 0.751, 0.751, 0.751, 0.751, 0.751, 0.752, 0.752, 0.751, 0.751, 0.751, 0.751, 0.75, 0.749, 0.749, 0.749, 0.749, 0.749, 0.749, 0.749, 0.749, 0.749, 0.749, 0.749, 0.749, 0.749, 0.749, 0.75, 0.75, 0.75, 0.75, 0.75, 0.75, 0.75, 0.751, 0.75]
best validation: 0.766
best test: 0.756
num distinct structures: 2365
Experiment run 2
dataset: Cora
num_mp_layers: 3
num_fl_layers: 2
mp_hidden_dim: 3000
fl_hidden_dim: 64
epsilon: 1.118033988749895
optimizer_lr: 0.01
loss_func: CrossEntropyLoss
total_epoch: 400
Epoch: 50, Loss: 1.8254, Train: 28.57%, Valid: 10.80%, Test: 11.10%, Best Valid: 40.20%, Best Test: 44.40%
Epoch: 100, Loss: 0.9934, Train: 86.43%, Valid: 61.00%, Test: 64.30%, Best Valid: 61.80%, Best Test: 64.80%
Epoch: 150, Loss: 0.1309, Train: 99.29%, Valid: 71.80%, Test: 75.30%, Best Valid: 71.80%, Best Test: 75.30%
Epoch: 200, Loss: 0.0220, Train: 100.00%, Valid: 72.20%, Test: 75.70%, Best Valid: 72.40%, Best Test: 75.80%
Epoch: 250, Loss: 0.0087, Train: 100.00%, Valid: 71.80%, Test: 76.20%, Best Valid: 72.40%, Best Test: 76.20%
Epoch: 300, Loss: 0.0049, Train: 100.00%, Valid: 72.60%, Test: 76.00%, Best Valid: 72.60%, Best Test: 76.20%
Epoch: 350, Loss: 0.0032, Train: 100.00%, Valid: 72.20%, Test: 76.10%, Best Valid: 72.60%, Best Test: 76.20%
train_accuracy_list: [0.14285714285714285, 0.14285714285714285, 0.14285714285714285, 0.14285714285714285, 0.14285714285714285, 0.14285714285714285, 0.14285714285714285, 0.14285714285714285, 0.14285714285714285, 0.14285714285714285, 0.14285714285714285, 0.15714285714285714, 0.19285714285714287, 0.14285714285714285, 0.14285714285714285, 0.18571428571428572, 0.14285714285714285, 0.14285714285714285, 0.14285714285714285, 0.20714285714285716, 0.14285714285714285, 0.14285714285714285, 0.14285714285714285, 0.15, 0.30714285714285716, 0.16428571428571428, 0.14285714285714285, 0.15714285714285714, 0.15714285714285714, 0.14285714285714285, 0.14285714285714285, 0.19285714285714287, 0.16428571428571428, 0.17857142857142858, 0.14285714285714285, 0.29285714285714287, 0.3357142857142857, 0.15714285714285714, 0.18571428571428572, 0.17142857142857143, 0.4357142857142857, 0.16428571428571428, 0.16428571428571428, 0.40714285714285714, 0.44285714285714284, 0.5428571428571428, 0.5571428571428572, 0.5714285714285714, 0.2785714285714286, 0.2857142857142857, 0.6285714285714286, 0.6642857142857143, 0.5428571428571428, 0.5714285714285714, 0.7142857142857143, 0.5428571428571428, 0.5642857142857143, 0.7571428571428571, 0.7571428571428571, 0.6285714285714286, 0.6785714285714286, 0.8142857142857143, 0.7571428571428571, 0.7071428571428572, 0.7428571428571429, 0.7785714285714286, 0.75, 0.8, 0.7642857142857142, 0.7857142857142857, 0.8285714285714286, 0.8071428571428572, 0.7428571428571429, 0.7642857142857142, 0.8, 0.8285714285714286, 0.7928571428571428, 0.7928571428571428, 0.7928571428571428, 0.8285714285714286, 0.8071428571428572, 0.8071428571428572, 0.8071428571428572, 0.8285714285714286, 0.8142857142857143, 0.8142857142857143, 0.8214285714285714, 0.8428571428571429, 0.8357142857142857, 0.8357142857142857, 0.8428571428571429, 0.8428571428571429, 0.85, 0.8571428571428571, 0.85, 0.8571428571428571, 0.8642857142857143, 0.8642857142857143, 0.8714285714285714, 0.8642857142857143, 0.8785714285714286, 0.8785714285714286, 0.8785714285714286, 0.8857142857142857, 0.8785714285714286, 0.8928571428571429, 0.8928571428571429, 0.9, 0.9, 0.9142857142857143, 0.9142857142857143, 0.9214285714285714, 0.9214285714285714, 0.9285714285714286, 0.9285714285714286, 0.9285714285714286, 0.9357142857142857, 0.95, 0.95, 0.95, 0.9571428571428572, 0.9571428571428572, 0.9571428571428572, 0.9571428571428572, 0.9571428571428572, 0.9571428571428572, 0.9571428571428572, 0.9571428571428572, 0.9642857142857143, 0.9642857142857143, 0.9642857142857143, 0.9642857142857143, 0.9642857142857143, 0.9642857142857143, 0.9642857142857143, 0.9714285714285714, 0.9714285714285714, 0.9785714285714285, 0.9785714285714285, 0.9857142857142858, 0.9857142857142858, 0.9928571428571429, 0.9928571428571429, 0.9928571428571429, 0.9928571428571429, 0.9928571428571429, 0.9928571428571429, 0.9928571428571429, 0.9928571428571429, 0.9928571428571429, 0.9928571428571429, 0.9928571428571429, 0.9928571428571429, 0.9928571428571429, 0.9928571428571429, 0.9928571428571429, 1.0, 1.0, 1.0, 1.0, 1.0, 1.0, 1.0, 1.0, 1.0, 1.0, 1.0, 1.0, 1.0, 1.0, 1.0, 1.0, 1.0, 1.0, 1.0, 1.0, 1.0, 1.0, 1.0, 1.0, 1.0, 1.0, 1.0, 1.0, 1.0, 1.0, 1.0, 1.0, 1.0, 1.0, 1.0, 1.0, 1.0, 1.0, 1.0, 1.0, 1.0, 1.0, 1.0, 1.0, 1.0, 1.0, 1.0, 1.0, 1.0, 1.0, 1.0, 1.0, 1.0, 1.0, 1.0, 1.0, 1.0, 1.0, 1.0, 1.0, 1.0, 1.0, 1.0, 1.0, 1.0, 1.0, 1.0, 1.0, 1.0, 1.0, 1.0, 1.0, 1.0, 1.0, 1.0, 1.0, 1.0, 1.0, 1.0, 1.0, 1.0, 1.0, 1.0, 1.0, 1.0, 1.0, 1.0, 1.0, 1.0, 1.0, 1.0, 1.0, 1.0, 1.0, 1.0, 1.0, 1.0, 1.0, 1.0, 1.0, 1.0, 1.0, 1.0, 1.0, 1.0, 1.0, 1.0, 1.0, 1.0, 1.0, 1.0, 1.0, 1.0, 1.0, 1.0, 1.0, 1.0, 1.0, 1.0, 1.0, 1.0, 1.0, 1.0, 1.0, 1.0, 1.0, 1.0, 1.0, 1.0, 1.0, 1.0, 1.0, 1.0, 1.0, 1.0, 1.0, 1.0, 1.0, 1.0, 1.0, 1.0, 1.0, 1.0, 1.0, 1.0, 1.0, 1.0, 1.0, 1.0, 1.0, 1.0, 1.0, 1.0, 1.0, 1.0, 1.0, 1.0, 1.0, 1.0, 1.0, 1.0, 1.0, 1.0, 1.0, 1.0, 1.0, 1.0, 1.0, 1.0, 1.0, 1.0, 1.0, 1.0, 1.0, 1.0, 1.0, 1.0, 1.0, 1.0, 1.0, 1.0, 1.0, 1.0, 1.0, 1.0, 1.0, 1.0, 1.0, 1.0, 1.0, 1.0, 1.0, 1.0, 1.0, 1.0, 1.0, 1.0, 1.0, 1.0, 1.0, 1.0, 1.0, 1.0, 1.0, 1.0, 1.0, 1.0, 1.0, 1.0, 1.0, 1.0, 1.0, 1.0, 1.0, 1.0, 1.0, 1.0, 1.0, 1.0, 1.0, 1.0, 1.0, 1.0, 1.0, 1.0, 1.0, 1.0, 1.0, 1.0, 1.0, 1.0, 1.0, 1.0, 1.0, 1.0, 1.0, 1.0, 1.0, 1.0, 1.0, 1.0, 1.0, 1.0]
valid_accuracy_list: [0.158, 0.058, 0.058, 0.058, 0.058, 0.058, 0.058, 0.058, 0.058, 0.058, 0.122, 0.166, 0.176, 0.072, 0.072, 0.266, 0.316, 0.058, 0.058, 0.156, 0.122, 0.072, 0.072, 0.078, 0.222, 0.066, 0.058, 0.06, 0.316, 0.072, 0.072, 0.174, 0.318, 0.07, 0.058, 0.202, 0.292, 0.074, 0.08, 0.174, 0.332, 0.06, 0.06, 0.278, 0.358, 0.318, 0.342, 0.402, 0.102, 0.108, 0.392, 0.444, 0.296, 0.298, 0.436, 0.348, 0.306, 0.542, 0.47, 0.406, 0.408, 0.608, 0.474, 0.406, 0.466, 0.474, 0.516, 0.528, 0.472, 0.47, 0.532, 0.556, 0.468, 0.478, 0.554, 0.54, 0.51, 0.512, 0.542, 0.558, 0.544, 0.526, 0.54, 0.572, 0.568, 0.554, 0.566, 0.582, 0.57, 0.564, 0.582, 0.596, 0.594, 0.582, 0.59, 0.598, 0.604, 0.602, 0.618, 0.61, 0.622, 0.63, 0.642, 0.638, 0.642, 0.64, 0.65, 0.656, 0.662, 0.662, 0.66, 0.664, 0.666, 0.676, 0.678, 0.686, 0.692, 0.69, 0.698, 0.702, 0.702, 0.702, 0.706, 0.704, 0.704, 0.702, 0.7, 0.704, 0.708, 0.706, 0.704, 0.704, 0.706, 0.708, 0.71, 0.712, 0.712, 0.714, 0.712, 0.712, 0.712, 0.71, 0.712, 0.71, 0.712, 0.714, 0.714, 0.714, 0.716, 0.718, 0.718, 0.718, 0.72, 0.722, 0.72, 0.72, 0.722, 0.722, 0.724, 0.724, 0.724, 0.724, 0.724, 0.724, 0.72, 0.72, 0.718, 0.716, 0.716, 0.716, 0.716, 0.714, 0.714, 0.714, 0.714, 0.714, 0.714, 0.714, 0.714, 0.716, 0.716, 0.716, 0.716, 0.716, 0.716, 0.714, 0.714, 0.716, 0.716, 0.716, 0.718, 0.718, 0.718, 0.72, 0.718, 0.718, 0.718, 0.718, 0.722, 0.722, 0.722, 0.722, 0.722, 0.722, 0.722, 0.722, 0.722, 0.722, 0.72, 0.722, 0.722, 0.722, 0.722, 0.724, 0.722, 0.722, 0.722, 0.722, 0.722, 0.722, 0.722, 0.72, 0.72, 0.72, 0.72, 0.72, 0.72, 0.72, 0.72, 0.72, 0.72, 0.718, 0.718, 0.718, 0.718, 0.716, 0.716, 0.716, 0.716, 0.716, 0.716, 0.716, 0.718, 0.718, 0.718, 0.718, 0.718, 0.718, 0.718, 0.718, 0.718, 0.72, 0.72, 0.72, 0.72, 0.72, 0.72, 0.72, 0.72, 0.722, 0.722, 0.722, 0.722, 0.722, 0.722, 0.722, 0.722, 0.722, 0.722, 0.722, 0.722, 0.722, 0.722, 0.722, 0.722, 0.722, 0.722, 0.722, 0.722, 0.724, 0.724, 0.724, 0.724, 0.724, 0.726, 0.726, 0.726, 0.726, 0.726, 0.726, 0.726, 0.726, 0.726, 0.726, 0.726, 0.726, 0.726, 0.726, 0.726, 0.726, 0.726, 0.726, 0.726, 0.726, 0.726, 0.726, 0.726, 0.726, 0.724, 0.724, 0.724, 0.724, 0.724, 0.724, 0.724, 0.724, 0.724, 0.724, 0.724, 0.724, 0.724, 0.724, 0.724, 0.724, 0.724, 0.724, 0.724, 0.724, 0.724, 0.724, 0.724, 0.724, 0.724, 0.724, 0.724, 0.724, 0.724, 0.724, 0.724, 0.724, 0.724, 0.724, 0.724, 0.724, 0.724, 0.724, 0.724, 0.724, 0.722, 0.722, 0.722, 0.72, 0.72, 0.72, 0.72, 0.72, 0.72, 0.72, 0.72, 0.72, 0.72, 0.72, 0.722, 0.722, 0.722, 0.722, 0.722, 0.722, 0.722, 0.722, 0.722, 0.722, 0.722, 0.722, 0.722, 0.722, 0.722, 0.722, 0.722, 0.722, 0.722, 0.722, 0.722, 0.722, 0.722, 0.722, 0.722, 0.722, 0.722, 0.722, 0.722, 0.722, 0.724, 0.724, 0.724, 0.724, 0.724, 0.724, 0.724]
test_accuracy_list: [0.143, 0.064, 0.064, 0.064, 0.064, 0.064, 0.064, 0.064, 0.064, 0.064, 0.13, 0.15, 0.165, 0.091, 0.091, 0.287, 0.319, 0.064, 0.064, 0.153, 0.13, 0.091, 0.091, 0.105, 0.208, 0.066, 0.064, 0.066, 0.321, 0.091, 0.091, 0.157, 0.321, 0.078, 0.064, 0.193, 0.27, 0.093, 0.11, 0.155, 0.301, 0.066, 0.066, 0.294, 0.334, 0.299, 0.332, 0.444, 0.114, 0.111, 0.354, 0.468, 0.339, 0.321, 0.406, 0.326, 0.294, 0.57, 0.474, 0.384, 0.414, 0.61, 0.487, 0.401, 0.452, 0.471, 0.54, 0.521, 0.467, 0.458, 0.558, 0.56, 0.469, 0.476, 0.561, 0.555, 0.51, 0.514, 0.546, 0.563, 0.55, 0.532, 0.554, 0.591, 0.583, 0.568, 0.586, 0.596, 0.587, 0.585, 0.609, 0.624, 0.618, 0.6, 0.612, 0.623, 0.633, 0.636, 0.648, 0.643, 0.648, 0.654, 0.677, 0.666, 0.682, 0.675, 0.692, 0.69, 0.696, 0.699, 0.704, 0.713, 0.715, 0.72, 0.729, 0.73, 0.728, 0.734, 0.74, 0.743, 0.742, 0.74, 0.738, 0.741, 0.738, 0.738, 0.738, 0.738, 0.738, 0.74, 0.739, 0.739, 0.74, 0.738, 0.74, 0.742, 0.742, 0.743, 0.743, 0.745, 0.743, 0.743, 0.747, 0.748, 0.748, 0.75, 0.75, 0.75, 0.752, 0.753, 0.754, 0.756, 0.757, 0.757, 0.757, 0.755, 0.754, 0.754, 0.753, 0.752, 0.754, 0.754, 0.753, 0.753, 0.753, 0.753, 0.753, 0.753, 0.752, 0.752, 0.753, 0.753, 0.755, 0.754, 0.755, 0.755, 0.755, 0.755, 0.757, 0.757, 0.758, 0.758, 0.758, 0.757, 0.756, 0.755, 0.755, 0.755, 0.756, 0.755, 0.755, 0.755, 0.756, 0.757, 0.757, 0.755, 0.755, 0.755, 0.757, 0.757, 0.757, 0.756, 0.758, 0.757, 0.757, 0.757, 0.758, 0.759, 0.759, 0.759, 0.759, 0.759, 0.759, 0.759, 0.759, 0.759, 0.759, 0.759, 0.759, 0.759, 0.759, 0.758, 0.758, 0.757, 0.759, 0.759, 0.759, 0.759, 0.759, 0.759, 0.759, 0.759, 0.761, 0.761, 0.761, 0.762, 0.761, 0.761, 0.761, 0.761, 0.761, 0.761, 0.761, 0.761, 0.761, 0.761, 0.762, 0.762, 0.762, 0.762, 0.762, 0.762, 0.762, 0.762, 0.762, 0.762, 0.762, 0.762, 0.762, 0.762, 0.761, 0.761, 0.76, 0.76, 0.76, 0.76, 0.76, 0.76, 0.76, 0.76, 0.76, 0.76, 0.759, 0.759, 0.76, 0.761, 0.761, 0.761, 0.761, 0.761, 0.761, 0.761, 0.761, 0.761, 0.76, 0.76, 0.76, 0.76, 0.76, 0.759, 0.759, 0.759, 0.759, 0.759, 0.759, 0.76, 0.76, 0.76, 0.76, 0.76, 0.76, 0.76, 0.76, 0.76, 0.76, 0.76, 0.76, 0.76, 0.76, 0.76, 0.76, 0.761, 0.761, 0.761, 0.761, 0.761, 0.76, 0.76, 0.76, 0.761, 0.761, 0.761, 0.761, 0.761, 0.761, 0.761, 0.761, 0.761, 0.761, 0.761, 0.761, 0.761, 0.761, 0.761, 0.761, 0.761, 0.761, 0.761, 0.761, 0.761, 0.762, 0.762, 0.762, 0.762, 0.762, 0.762, 0.762, 0.761, 0.761, 0.761, 0.761, 0.761, 0.761, 0.761, 0.761, 0.761, 0.761, 0.761, 0.761, 0.761, 0.761, 0.758, 0.757, 0.757, 0.757, 0.757, 0.757, 0.757, 0.757, 0.756, 0.756, 0.756, 0.756, 0.755, 0.755, 0.755, 0.755, 0.755, 0.755, 0.755, 0.755, 0.755, 0.755, 0.755, 0.755, 0.755, 0.755, 0.755, 0.755, 0.756, 0.756, 0.756, 0.756, 0.756, 0.756, 0.756, 0.756, 0.756, 0.756]
best validation: 0.726
best test: 0.762
num distinct structures: 2365
Experiment run 3
dataset: Cora
num_mp_layers: 3
num_fl_layers: 2
mp_hidden_dim: 3000
fl_hidden_dim: 128
epsilon: 1.118033988749895
optimizer_lr: 0.01
loss_func: CrossEntropyLoss
total_epoch: 400
Epoch: 50, Loss: 1.7392, Train: 35.71%, Valid: 12.40%, Test: 15.80%, Best Valid: 52.40%, Best Test: 53.40%
Epoch: 100, Loss: 0.4838, Train: 94.29%, Valid: 70.40%, Test: 73.70%, Best Valid: 70.40%, Best Test: 73.80%
Epoch: 150, Loss: 0.0382, Train: 100.00%, Valid: 70.40%, Test: 73.50%, Best Valid: 71.80%, Best Test: 74.60%
Epoch: 200, Loss: 0.0102, Train: 100.00%, Valid: 70.80%, Test: 73.70%, Best Valid: 71.80%, Best Test: 74.60%
Epoch: 250, Loss: 0.0050, Train: 100.00%, Valid: 71.00%, Test: 74.20%, Best Valid: 71.80%, Best Test: 74.60%
Epoch: 300, Loss: 0.0031, Train: 100.00%, Valid: 70.80%, Test: 74.00%, Best Valid: 71.80%, Best Test: 74.60%
Epoch: 350, Loss: 0.0021, Train: 100.00%, Valid: 71.20%, Test: 73.70%, Best Valid: 71.80%, Best Test: 74.60%
train_accuracy_list: [0.24285714285714285, 0.14285714285714285, 0.14285714285714285, 0.14285714285714285, 0.14285714285714285, 0.14285714285714285, 0.15, 0.14285714285714285, 0.14285714285714285, 0.14285714285714285, 0.14285714285714285, 0.14285714285714285, 0.15, 0.14285714285714285, 0.14285714285714285, 0.4142857142857143, 0.14285714285714285, 0.14285714285714285, 0.2357142857142857, 0.14285714285714285, 0.17142857142857143, 0.25, 0.14285714285714285, 0.14285714285714285, 0.22142857142857142, 0.14285714285714285, 0.15, 0.14285714285714285, 0.14285714285714285, 0.17857142857142858, 0.21428571428571427, 0.14285714285714285, 0.2, 0.17142857142857143, 0.22142857142857142, 0.3357142857142857, 0.34285714285714286, 0.15, 0.22857142857142856, 0.6357142857142857, 0.35, 0.3142857142857143, 0.5, 0.19285714285714287, 0.32857142857142857, 0.7071428571428572, 0.45, 0.6071428571428571, 0.7071428571428572, 0.35714285714285715, 0.5071428571428571, 0.6214285714285714, 0.6642857142857143, 0.7214285714285714, 0.8142857142857143, 0.5928571428571429, 0.6357142857142857, 0.8428571428571429, 0.8, 0.8, 0.8357142857142857, 0.7857142857142857, 0.8071428571428572, 0.8428571428571429, 0.8285714285714286, 0.8357142857142857, 0.85, 0.8285714285714286, 0.8428571428571429, 0.8571428571428571, 0.85, 0.85, 0.8571428571428571, 0.8571428571428571, 0.8714285714285714, 0.8642857142857143, 0.8785714285714286, 0.8714285714285714, 0.8642857142857143, 0.8785714285714286, 0.8714285714285714, 0.8785714285714286, 0.8857142857142857, 0.8857142857142857, 0.8857142857142857, 0.9, 0.9071428571428571, 0.9142857142857143, 0.9142857142857143, 0.9142857142857143, 0.9142857142857143, 0.9214285714285714, 0.9214285714285714, 0.9214285714285714, 0.9214285714285714, 0.9214285714285714, 0.9214285714285714, 0.9357142857142857, 0.9428571428571428, 0.9428571428571428, 0.9428571428571428, 0.9428571428571428, 0.95, 0.95, 0.95, 0.95, 0.9571428571428572, 0.9571428571428572, 0.9571428571428572, 0.9571428571428572, 0.9642857142857143, 0.9714285714285714, 0.9714285714285714, 0.9785714285714285, 0.9785714285714285, 0.9785714285714285, 0.9785714285714285, 0.9785714285714285, 0.9785714285714285, 0.9857142857142858, 0.9857142857142858, 0.9928571428571429, 0.9928571428571429, 0.9928571428571429, 0.9928571428571429, 0.9928571428571429, 0.9928571428571429, 0.9928571428571429, 0.9928571428571429, 0.9928571428571429, 0.9928571428571429, 0.9928571428571429, 0.9928571428571429, 0.9928571428571429, 0.9928571428571429, 0.9928571428571429, 1.0, 1.0, 1.0, 1.0, 1.0, 1.0, 1.0, 1.0, 1.0, 1.0, 1.0, 1.0, 1.0, 1.0, 1.0, 1.0, 1.0, 1.0, 1.0, 1.0, 1.0, 1.0, 1.0, 1.0, 1.0, 1.0, 1.0, 1.0, 1.0, 1.0, 1.0, 1.0, 1.0, 1.0, 1.0, 1.0, 1.0, 1.0, 1.0, 1.0, 1.0, 1.0, 1.0, 1.0, 1.0, 1.0, 1.0, 1.0, 1.0, 1.0, 1.0, 1.0, 1.0, 1.0, 1.0, 1.0, 1.0, 1.0, 1.0, 1.0, 1.0, 1.0, 1.0, 1.0, 1.0, 1.0, 1.0, 1.0, 1.0, 1.0, 1.0, 1.0, 1.0, 1.0, 1.0, 1.0, 1.0, 1.0, 1.0, 1.0, 1.0, 1.0, 1.0, 1.0, 1.0, 1.0, 1.0, 1.0, 1.0, 1.0, 1.0, 1.0, 1.0, 1.0, 1.0, 1.0, 1.0, 1.0, 1.0, 1.0, 1.0, 1.0, 1.0, 1.0, 1.0, 1.0, 1.0, 1.0, 1.0, 1.0, 1.0, 1.0, 1.0, 1.0, 1.0, 1.0, 1.0, 1.0, 1.0, 1.0, 1.0, 1.0, 1.0, 1.0, 1.0, 1.0, 1.0, 1.0, 1.0, 1.0, 1.0, 1.0, 1.0, 1.0, 1.0, 1.0, 1.0, 1.0, 1.0, 1.0, 1.0, 1.0, 1.0, 1.0, 1.0, 1.0, 1.0, 1.0, 1.0, 1.0, 1.0, 1.0, 1.0, 1.0, 1.0, 1.0, 1.0, 1.0, 1.0, 1.0, 1.0, 1.0, 1.0, 1.0, 1.0, 1.0, 1.0, 1.0, 1.0, 1.0, 1.0, 1.0, 1.0, 1.0, 1.0, 1.0, 1.0, 1.0, 1.0, 1.0, 1.0, 1.0, 1.0, 1.0, 1.0, 1.0, 1.0, 1.0, 1.0, 1.0, 1.0, 1.0, 1.0, 1.0, 1.0, 1.0, 1.0, 1.0, 1.0, 1.0, 1.0, 1.0, 1.0, 1.0, 1.0, 1.0, 1.0, 1.0, 1.0, 1.0, 1.0, 1.0, 1.0, 1.0, 1.0, 1.0, 1.0, 1.0, 1.0, 1.0, 1.0, 1.0, 1.0, 1.0, 1.0, 1.0, 1.0, 1.0, 1.0, 1.0, 1.0, 1.0, 1.0, 1.0, 1.0, 1.0, 1.0, 1.0, 1.0, 1.0, 1.0, 1.0, 1.0, 1.0, 1.0, 1.0, 1.0, 1.0, 1.0, 1.0, 1.0, 1.0, 1.0, 1.0, 1.0, 1.0, 1.0, 1.0, 1.0, 1.0, 1.0, 1.0, 1.0]
valid_accuracy_list: [0.216, 0.162, 0.162, 0.162, 0.162, 0.162, 0.074, 0.122, 0.114, 0.072, 0.162, 0.162, 0.12, 0.072, 0.072, 0.34, 0.162, 0.122, 0.368, 0.072, 0.122, 0.25, 0.318, 0.058, 0.14, 0.072, 0.318, 0.058, 0.122, 0.184, 0.144, 0.072, 0.126, 0.124, 0.236, 0.196, 0.128, 0.072, 0.084, 0.484, 0.134, 0.216, 0.282, 0.074, 0.122, 0.524, 0.256, 0.384, 0.37, 0.124, 0.172, 0.344, 0.354, 0.564, 0.544, 0.236, 0.262, 0.578, 0.566, 0.518, 0.51, 0.444, 0.54, 0.568, 0.506, 0.556, 0.594, 0.536, 0.574, 0.604, 0.582, 0.602, 0.608, 0.604, 0.604, 0.628, 0.636, 0.64, 0.616, 0.636, 0.654, 0.65, 0.652, 0.664, 0.668, 0.678, 0.678, 0.682, 0.682, 0.688, 0.692, 0.696, 0.7, 0.702, 0.7, 0.694, 0.698, 0.702, 0.702, 0.704, 0.708, 0.706, 0.706, 0.708, 0.714, 0.708, 0.706, 0.714, 0.712, 0.714, 0.718, 0.718, 0.718, 0.718, 0.718, 0.716, 0.714, 0.712, 0.712, 0.712, 0.71, 0.71, 0.71, 0.71, 0.71, 0.71, 0.71, 0.708, 0.708, 0.708, 0.71, 0.71, 0.708, 0.706, 0.706, 0.708, 0.708, 0.704, 0.704, 0.706, 0.706, 0.706, 0.706, 0.706, 0.706, 0.706, 0.706, 0.708, 0.706, 0.704, 0.704, 0.706, 0.706, 0.706, 0.706, 0.706, 0.706, 0.706, 0.706, 0.706, 0.706, 0.706, 0.706, 0.706, 0.706, 0.706, 0.704, 0.706, 0.706, 0.706, 0.706, 0.706, 0.706, 0.706, 0.706, 0.708, 0.708, 0.708, 0.708, 0.708, 0.708, 0.708, 0.706, 0.706, 0.706, 0.706, 0.706, 0.706, 0.706, 0.706, 0.706, 0.706, 0.706, 0.706, 0.706, 0.706, 0.708, 0.708, 0.708, 0.708, 0.71, 0.71, 0.71, 0.71, 0.71, 0.71, 0.71, 0.71, 0.71, 0.71, 0.71, 0.71, 0.71, 0.71, 0.708, 0.708, 0.708, 0.708, 0.708, 0.708, 0.708, 0.708, 0.708, 0.708, 0.708, 0.708, 0.708, 0.708, 0.71, 0.71, 0.71, 0.71, 0.71, 0.71, 0.71, 0.71, 0.71, 0.71, 0.71, 0.71, 0.71, 0.71, 0.71, 0.71, 0.71, 0.71, 0.71, 0.71, 0.71, 0.71, 0.71, 0.708, 0.708, 0.708, 0.708, 0.708, 0.708, 0.708, 0.708, 0.708, 0.708, 0.708, 0.708, 0.708, 0.708, 0.708, 0.708, 0.708, 0.708, 0.708, 0.708, 0.708, 0.708, 0.708, 0.708, 0.708, 0.708, 0.708, 0.708, 0.708, 0.708, 0.708, 0.708, 0.708, 0.708, 0.708, 0.708, 0.708, 0.708, 0.708, 0.708, 0.708, 0.708, 0.708, 0.708, 0.708, 0.708, 0.708, 0.708, 0.708, 0.708, 0.708, 0.708, 0.708, 0.708, 0.708, 0.708, 0.708, 0.708, 0.708, 0.708, 0.708, 0.708, 0.708, 0.708, 0.708, 0.708, 0.708, 0.708, 0.708, 0.708, 0.71, 0.71, 0.71, 0.71, 0.71, 0.71, 0.71, 0.71, 0.712, 0.712, 0.712, 0.712, 0.712, 0.712, 0.71, 0.71, 0.71, 0.71, 0.71, 0.71, 0.71, 0.71, 0.71, 0.71, 0.71, 0.712, 0.712, 0.712, 0.712, 0.712, 0.712, 0.712, 0.712, 0.712, 0.712, 0.71, 0.71, 0.71, 0.71, 0.71, 0.71, 0.71, 0.71, 0.71, 0.71, 0.71, 0.71, 0.71, 0.71, 0.71, 0.71, 0.71, 0.71, 0.71, 0.71, 0.71, 0.71, 0.71, 0.71, 0.71, 0.71, 0.71, 0.71, 0.71, 0.71, 0.71, 0.71, 0.71, 0.712, 0.712, 0.712, 0.712, 0.712, 0.712, 0.712, 0.712, 0.712, 0.712]
test_accuracy_list: [0.179, 0.149, 0.149, 0.149, 0.149, 0.149, 0.091, 0.13, 0.103, 0.091, 0.149, 0.149, 0.106, 0.091, 0.091, 0.386, 0.149, 0.131, 0.374, 0.091, 0.133, 0.222, 0.319, 0.064, 0.163, 0.091, 0.32, 0.064, 0.13, 0.166, 0.184, 0.091, 0.14, 0.135, 0.198, 0.242, 0.148, 0.092, 0.109, 0.515, 0.18, 0.198, 0.283, 0.097, 0.154, 0.534, 0.244, 0.363, 0.404, 0.158, 0.203, 0.351, 0.363, 0.567, 0.557, 0.262, 0.282, 0.584, 0.56, 0.51, 0.507, 0.441, 0.549, 0.58, 0.518, 0.558, 0.609, 0.551, 0.574, 0.599, 0.596, 0.603, 0.621, 0.602, 0.625, 0.63, 0.652, 0.653, 0.634, 0.661, 0.678, 0.68, 0.678, 0.684, 0.679, 0.688, 0.701, 0.706, 0.706, 0.713, 0.712, 0.727, 0.732, 0.732, 0.728, 0.723, 0.728, 0.738, 0.736, 0.737, 0.737, 0.737, 0.733, 0.742, 0.744, 0.744, 0.746, 0.746, 0.743, 0.739, 0.74, 0.737, 0.74, 0.741, 0.74, 0.74, 0.74, 0.742, 0.745, 0.744, 0.743, 0.743, 0.743, 0.744, 0.746, 0.746, 0.744, 0.745, 0.745, 0.742, 0.742, 0.742, 0.74, 0.739, 0.738, 0.737, 0.736, 0.735, 0.735, 0.735, 0.736, 0.735, 0.736, 0.735, 0.734, 0.735, 0.735, 0.734, 0.737, 0.735, 0.734, 0.734, 0.735, 0.735, 0.735, 0.735, 0.735, 0.735, 0.735, 0.738, 0.738, 0.736, 0.735, 0.735, 0.734, 0.734, 0.734, 0.733, 0.733, 0.733, 0.734, 0.733, 0.731, 0.732, 0.732, 0.733, 0.733, 0.733, 0.733, 0.734, 0.734, 0.734, 0.734, 0.734, 0.734, 0.735, 0.735, 0.735, 0.735, 0.735, 0.735, 0.736, 0.736, 0.736, 0.737, 0.737, 0.737, 0.737, 0.737, 0.737, 0.737, 0.737, 0.737, 0.738, 0.738, 0.738, 0.738, 0.738, 0.739, 0.739, 0.739, 0.739, 0.739, 0.739, 0.739, 0.739, 0.739, 0.739, 0.739, 0.739, 0.739, 0.739, 0.738, 0.738, 0.738, 0.738, 0.738, 0.738, 0.738, 0.738, 0.738, 0.738, 0.738, 0.738, 0.738, 0.738, 0.738, 0.74, 0.741, 0.742, 0.742, 0.742, 0.742, 0.742, 0.742, 0.742, 0.742, 0.742, 0.742, 0.742, 0.741, 0.741, 0.741, 0.741, 0.741, 0.741, 0.741, 0.741, 0.741, 0.741, 0.741, 0.741, 0.741, 0.74, 0.74, 0.74, 0.74, 0.74, 0.74, 0.74, 0.74, 0.741, 0.741, 0.741, 0.741, 0.741, 0.741, 0.741, 0.741, 0.741, 0.741, 0.741, 0.74, 0.74, 0.74, 0.739, 0.739, 0.739, 0.739, 0.74, 0.74, 0.74, 0.74, 0.74, 0.74, 0.74, 0.74, 0.74, 0.74, 0.74, 0.74, 0.74, 0.739, 0.739, 0.739, 0.739, 0.739, 0.739, 0.739, 0.739, 0.739, 0.739, 0.738, 0.738, 0.739, 0.739, 0.739, 0.737, 0.737, 0.737, 0.737, 0.737, 0.737, 0.737, 0.737, 0.737, 0.737, 0.737, 0.737, 0.737, 0.737, 0.737, 0.737, 0.737, 0.737, 0.737, 0.737, 0.737, 0.737, 0.737, 0.737, 0.737, 0.737, 0.737, 0.737, 0.737, 0.737, 0.737, 0.737, 0.737, 0.737, 0.737, 0.737, 0.737, 0.737, 0.737, 0.737, 0.737, 0.737, 0.737, 0.737, 0.737, 0.737, 0.737, 0.737, 0.737, 0.737, 0.737, 0.737, 0.737, 0.737, 0.737, 0.737, 0.737, 0.737, 0.737, 0.737, 0.737, 0.737, 0.737, 0.737, 0.738, 0.738, 0.738, 0.738, 0.738, 0.738, 0.738, 0.738, 0.738, 0.738, 0.738, 0.738, 0.738, 0.738, 0.738, 0.738, 0.738, 0.738]
best validation: 0.718
best test: 0.746
num distinct structures: 2365
Experiment run 4
dataset: Cora
num_mp_layers: 3
num_fl_layers: 2
mp_hidden_dim: 3000
fl_hidden_dim: 256
epsilon: 1.118033988749895
optimizer_lr: 0.01
loss_func: CrossEntropyLoss
total_epoch: 400
Epoch: 50, Loss: 1.6246, Train: 75.71%, Valid: 51.00%, Test: 54.70%, Best Valid: 57.20%, Best Test: 58.60%
Epoch: 100, Loss: 0.1276, Train: 99.29%, Valid: 71.60%, Test: 75.00%, Best Valid: 71.60%, Best Test: 75.70%
Epoch: 150, Loss: 0.0080, Train: 100.00%, Valid: 73.20%, Test: 74.80%, Best Valid: 73.20%, Best Test: 75.70%
Epoch: 200, Loss: 0.0033, Train: 100.00%, Valid: 73.80%, Test: 74.70%, Best Valid: 73.80%, Best Test: 75.70%
Epoch: 250, Loss: 0.0019, Train: 100.00%, Valid: 73.40%, Test: 74.40%, Best Valid: 73.80%, Best Test: 75.70%
Epoch: 300, Loss: 0.0013, Train: 100.00%, Valid: 73.60%, Test: 74.40%, Best Valid: 73.80%, Best Test: 75.70%
Epoch: 350, Loss: 0.0009, Train: 100.00%, Valid: 73.40%, Test: 74.40%, Best Valid: 73.80%, Best Test: 75.70%
train_accuracy_list: [0.21428571428571427, 0.17142857142857143, 0.16428571428571428, 0.14285714285714285, 0.14285714285714285, 0.14285714285714285, 0.14285714285714285, 0.14285714285714285, 0.14285714285714285, 0.14285714285714285, 0.14285714285714285, 0.14285714285714285, 0.14285714285714285, 0.14285714285714285, 0.14285714285714285, 0.14285714285714285, 0.14285714285714285, 0.14285714285714285, 0.16428571428571428, 0.15, 0.16428571428571428, 0.2, 0.14285714285714285, 0.14285714285714285, 0.15, 0.14285714285714285, 0.14285714285714285, 0.15, 0.35, 0.2, 0.18571428571428572, 0.19285714285714287, 0.35, 0.37142857142857144, 0.37142857142857144, 0.5142857142857142, 0.4357142857142857, 0.32857142857142857, 0.30714285714285716, 0.3357142857142857, 0.36428571428571427, 0.42142857142857143, 0.4928571428571429, 0.6214285714285714, 0.7071428571428572, 0.75, 0.7928571428571428, 0.8, 0.7928571428571428, 0.7571428571428571, 0.7428571428571429, 0.7142857142857143, 0.7071428571428572, 0.7142857142857143, 0.7071428571428572, 0.7642857142857142, 0.7785714285714286, 0.8142857142857143, 0.8214285714285714, 0.8142857142857143, 0.8071428571428572, 0.8142857142857143, 0.8285714285714286, 0.8357142857142857, 0.8357142857142857, 0.85, 0.85, 0.85, 0.8785714285714286, 0.8785714285714286, 0.8785714285714286, 0.8928571428571429, 0.8928571428571429, 0.8928571428571429, 0.8928571428571429, 0.9071428571428571, 0.9071428571428571, 0.9071428571428571, 0.9, 0.9, 0.9142857142857143, 0.9357142857142857, 0.9357142857142857, 0.9357142857142857, 0.95, 0.95, 0.95, 0.9571428571428572, 0.9571428571428572, 0.9571428571428572, 0.9571428571428572, 0.9642857142857143, 0.9714285714285714, 0.9714285714285714, 0.9714285714285714, 0.9785714285714285, 0.9785714285714285, 0.9857142857142858, 0.9928571428571429, 0.9928571428571429, 0.9928571428571429, 0.9928571428571429, 1.0, 1.0, 1.0, 1.0, 1.0, 1.0, 1.0, 1.0, 1.0, 1.0, 1.0, 1.0, 1.0, 1.0, 1.0, 1.0, 1.0, 1.0, 1.0, 1.0, 1.0, 1.0, 1.0, 1.0, 1.0, 1.0, 1.0, 1.0, 1.0, 1.0, 1.0, 1.0, 1.0, 1.0, 1.0, 1.0, 1.0, 1.0, 1.0, 1.0, 1.0, 1.0, 1.0, 1.0, 1.0, 1.0, 1.0, 1.0, 1.0, 1.0, 1.0, 1.0, 1.0, 1.0, 1.0, 1.0, 1.0, 1.0, 1.0, 1.0, 1.0, 1.0, 1.0, 1.0, 1.0, 1.0, 1.0, 1.0, 1.0, 1.0, 1.0, 1.0, 1.0, 1.0, 1.0, 1.0, 1.0, 1.0, 1.0, 1.0, 1.0, 1.0, 1.0, 1.0, 1.0, 1.0, 1.0, 1.0, 1.0, 1.0, 1.0, 1.0, 1.0, 1.0, 1.0, 1.0, 1.0, 1.0, 1.0, 1.0, 1.0, 1.0, 1.0, 1.0, 1.0, 1.0, 1.0, 1.0, 1.0, 1.0, 1.0, 1.0, 1.0, 1.0, 1.0, 1.0, 1.0, 1.0, 1.0, 1.0, 1.0, 1.0, 1.0, 1.0, 1.0, 1.0, 1.0, 1.0, 1.0, 1.0, 1.0, 1.0, 1.0, 1.0, 1.0, 1.0, 1.0, 1.0, 1.0, 1.0, 1.0, 1.0, 1.0, 1.0, 1.0, 1.0, 1.0, 1.0, 1.0, 1.0, 1.0, 1.0, 1.0, 1.0, 1.0, 1.0, 1.0, 1.0, 1.0, 1.0, 1.0, 1.0, 1.0, 1.0, 1.0, 1.0, 1.0, 1.0, 1.0, 1.0, 1.0, 1.0, 1.0, 1.0, 1.0, 1.0, 1.0, 1.0, 1.0, 1.0, 1.0, 1.0, 1.0, 1.0, 1.0, 1.0, 1.0, 1.0, 1.0, 1.0, 1.0, 1.0, 1.0, 1.0, 1.0, 1.0, 1.0, 1.0, 1.0, 1.0, 1.0, 1.0, 1.0, 1.0, 1.0, 1.0, 1.0, 1.0, 1.0, 1.0, 1.0, 1.0, 1.0, 1.0, 1.0, 1.0, 1.0, 1.0, 1.0, 1.0, 1.0, 1.0, 1.0, 1.0, 1.0, 1.0, 1.0, 1.0, 1.0, 1.0, 1.0, 1.0, 1.0, 1.0, 1.0, 1.0, 1.0, 1.0, 1.0, 1.0, 1.0, 1.0, 1.0, 1.0, 1.0, 1.0, 1.0, 1.0, 1.0, 1.0, 1.0, 1.0, 1.0, 1.0, 1.0, 1.0, 1.0, 1.0, 1.0, 1.0, 1.0, 1.0, 1.0, 1.0, 1.0, 1.0, 1.0, 1.0, 1.0, 1.0, 1.0, 1.0, 1.0, 1.0, 1.0, 1.0, 1.0, 1.0, 1.0, 1.0, 1.0, 1.0, 1.0, 1.0, 1.0, 1.0, 1.0, 1.0, 1.0, 1.0, 1.0, 1.0, 1.0, 1.0, 1.0, 1.0, 1.0]
valid_accuracy_list: [0.148, 0.124, 0.12, 0.114, 0.162, 0.058, 0.122, 0.162, 0.072, 0.316, 0.058, 0.122, 0.162, 0.114, 0.072, 0.316, 0.316, 0.058, 0.064, 0.122, 0.072, 0.088, 0.116, 0.114, 0.316, 0.316, 0.316, 0.316, 0.352, 0.072, 0.07, 0.072, 0.124, 0.13, 0.142, 0.238, 0.216, 0.176, 0.172, 0.184, 0.218, 0.28, 0.34, 0.394, 0.494, 0.56, 0.572, 0.57, 0.554, 0.51, 0.452, 0.416, 0.382, 0.38, 0.406, 0.434, 0.472, 0.52, 0.516, 0.52, 0.524, 0.528, 0.536, 0.548, 0.562, 0.582, 0.588, 0.612, 0.646, 0.65, 0.674, 0.672, 0.672, 0.67, 0.672, 0.674, 0.674, 0.676, 0.676, 0.68, 0.688, 0.684, 0.684, 0.684, 0.686, 0.688, 0.688, 0.688, 0.69, 0.698, 0.696, 0.698, 0.698, 0.702, 0.704, 0.706, 0.706, 0.712, 0.714, 0.716, 0.718, 0.722, 0.718, 0.716, 0.714, 0.716, 0.716, 0.718, 0.722, 0.724, 0.724, 0.722, 0.722, 0.718, 0.718, 0.716, 0.716, 0.72, 0.724, 0.724, 0.724, 0.724, 0.724, 0.724, 0.724, 0.726, 0.726, 0.728, 0.728, 0.728, 0.73, 0.73, 0.73, 0.73, 0.732, 0.732, 0.732, 0.732, 0.732, 0.732, 0.732, 0.732, 0.732, 0.732, 0.732, 0.732, 0.732, 0.732, 0.732, 0.732, 0.732, 0.732, 0.732, 0.732, 0.732, 0.732, 0.732, 0.732, 0.73, 0.73, 0.732, 0.732, 0.732, 0.732, 0.732, 0.734, 0.734, 0.734, 0.734, 0.734, 0.734, 0.734, 0.734, 0.734, 0.732, 0.732, 0.732, 0.732, 0.732, 0.732, 0.732, 0.732, 0.732, 0.734, 0.734, 0.734, 0.736, 0.736, 0.736, 0.736, 0.738, 0.738, 0.738, 0.738, 0.738, 0.738, 0.738, 0.738, 0.738, 0.738, 0.738, 0.738, 0.738, 0.738, 0.738, 0.738, 0.738, 0.738, 0.738, 0.738, 0.738, 0.738, 0.738, 0.736, 0.736, 0.736, 0.736, 0.736, 0.736, 0.736, 0.736, 0.736, 0.736, 0.736, 0.736, 0.736, 0.736, 0.736, 0.736, 0.734, 0.734, 0.734, 0.734, 0.734, 0.734, 0.734, 0.734, 0.734, 0.734, 0.734, 0.734, 0.734, 0.734, 0.734, 0.734, 0.734, 0.734, 0.734, 0.734, 0.734, 0.734, 0.734, 0.734, 0.734, 0.734, 0.734, 0.734, 0.734, 0.734, 0.734, 0.734, 0.734, 0.734, 0.734, 0.734, 0.734, 0.734, 0.734, 0.734, 0.734, 0.734, 0.734, 0.734, 0.734, 0.734, 0.734, 0.736, 0.736, 0.736, 0.736, 0.736, 0.736, 0.736, 0.736, 0.736, 0.736, 0.736, 0.736, 0.736, 0.736, 0.736, 0.736, 0.736, 0.736, 0.736, 0.736, 0.736, 0.736, 0.736, 0.736, 0.736, 0.736, 0.734, 0.734, 0.734, 0.736, 0.736, 0.736, 0.736, 0.736, 0.736, 0.736, 0.736, 0.736, 0.736, 0.736, 0.736, 0.736, 0.736, 0.736, 0.736, 0.736, 0.734, 0.734, 0.734, 0.734, 0.734, 0.734, 0.734, 0.734, 0.734, 0.734, 0.734, 0.734, 0.734, 0.734, 0.734, 0.734, 0.734, 0.734, 0.734, 0.734, 0.734, 0.734, 0.734, 0.734, 0.734, 0.734, 0.734, 0.734, 0.734, 0.734, 0.734, 0.734, 0.734, 0.734, 0.734, 0.734, 0.734, 0.734, 0.734, 0.734, 0.734, 0.734, 0.734, 0.734, 0.734, 0.734, 0.732, 0.732, 0.732, 0.732, 0.732, 0.732, 0.732, 0.732, 0.732, 0.732, 0.732, 0.732, 0.732, 0.732, 0.732, 0.732, 0.732, 0.732, 0.732, 0.732, 0.732, 0.732, 0.732, 0.732, 0.732, 0.732, 0.73, 0.73, 0.73, 0.73, 0.73]
test_accuracy_list: [0.137, 0.113, 0.107, 0.103, 0.149, 0.064, 0.13, 0.149, 0.091, 0.319, 0.064, 0.13, 0.149, 0.103, 0.091, 0.319, 0.319, 0.064, 0.065, 0.132, 0.094, 0.103, 0.103, 0.103, 0.321, 0.319, 0.319, 0.319, 0.373, 0.078, 0.074, 0.077, 0.131, 0.147, 0.159, 0.241, 0.21, 0.184, 0.174, 0.181, 0.208, 0.242, 0.289, 0.353, 0.467, 0.57, 0.586, 0.577, 0.571, 0.547, 0.501, 0.45, 0.418, 0.402, 0.414, 0.446, 0.487, 0.534, 0.544, 0.526, 0.52, 0.524, 0.535, 0.554, 0.569, 0.594, 0.625, 0.64, 0.66, 0.671, 0.689, 0.696, 0.699, 0.703, 0.697, 0.701, 0.699, 0.704, 0.706, 0.711, 0.722, 0.722, 0.717, 0.724, 0.727, 0.728, 0.733, 0.735, 0.744, 0.749, 0.749, 0.753, 0.748, 0.756, 0.755, 0.756, 0.757, 0.754, 0.755, 0.75, 0.746, 0.747, 0.745, 0.743, 0.742, 0.742, 0.74, 0.741, 0.74, 0.742, 0.743, 0.745, 0.746, 0.749, 0.749, 0.75, 0.75, 0.75, 0.749, 0.749, 0.749, 0.748, 0.748, 0.748, 0.747, 0.746, 0.745, 0.746, 0.746, 0.747, 0.748, 0.748, 0.746, 0.746, 0.746, 0.747, 0.747, 0.747, 0.745, 0.747, 0.747, 0.747, 0.747, 0.748, 0.747, 0.747, 0.747, 0.747, 0.748, 0.748, 0.748, 0.748, 0.75, 0.75, 0.749, 0.749, 0.749, 0.749, 0.749, 0.749, 0.749, 0.749, 0.749, 0.749, 0.749, 0.749, 0.749, 0.749, 0.749, 0.749, 0.749, 0.749, 0.749, 0.749, 0.749, 0.749, 0.749, 0.749, 0.749, 0.749, 0.749, 0.749, 0.749, 0.749, 0.749, 0.748, 0.748, 0.748, 0.748, 0.748, 0.748, 0.748, 0.748, 0.748, 0.748, 0.749, 0.747, 0.747, 0.747, 0.747, 0.747, 0.747, 0.747, 0.747, 0.747, 0.747, 0.747, 0.747, 0.747, 0.747, 0.747, 0.747, 0.747, 0.747, 0.747, 0.747, 0.747, 0.747, 0.747, 0.747, 0.747, 0.747, 0.747, 0.747, 0.747, 0.747, 0.747, 0.747, 0.747, 0.747, 0.746, 0.746, 0.746, 0.746, 0.746, 0.745, 0.745, 0.745, 0.744, 0.744, 0.744, 0.744, 0.744, 0.744, 0.744, 0.744, 0.744, 0.744, 0.744, 0.744, 0.744, 0.743, 0.743, 0.743, 0.743, 0.743, 0.742, 0.742, 0.742, 0.742, 0.742, 0.742, 0.742, 0.742, 0.742, 0.742, 0.742, 0.742, 0.742, 0.742, 0.742, 0.742, 0.742, 0.742, 0.742, 0.742, 0.742, 0.742, 0.742, 0.742, 0.742, 0.742, 0.742, 0.742, 0.742, 0.742, 0.742, 0.742, 0.742, 0.742, 0.742, 0.742, 0.743, 0.743, 0.743, 0.744, 0.744, 0.744, 0.744, 0.744, 0.744, 0.744, 0.744, 0.744, 0.744, 0.744, 0.744, 0.743, 0.743, 0.743, 0.743, 0.743, 0.743, 0.743, 0.743, 0.743, 0.743, 0.743, 0.743, 0.743, 0.743, 0.743, 0.743, 0.743, 0.743, 0.743, 0.742, 0.742, 0.742, 0.742, 0.742, 0.742, 0.742, 0.742, 0.742, 0.742, 0.742, 0.742, 0.743, 0.743, 0.743, 0.743, 0.744, 0.744, 0.744, 0.744, 0.744, 0.744, 0.744, 0.744, 0.744, 0.744, 0.744, 0.744, 0.744, 0.744, 0.744, 0.744, 0.744, 0.744, 0.744, 0.744, 0.744, 0.744, 0.744, 0.744, 0.744, 0.744, 0.744, 0.744, 0.744, 0.744, 0.744, 0.744, 0.744, 0.744, 0.744, 0.744, 0.744, 0.744, 0.744, 0.744, 0.745, 0.745, 0.744, 0.744, 0.744, 0.744, 0.744, 0.744, 0.744, 0.744, 0.744, 0.744, 0.744, 0.744, 0.744, 0.744, 0.744]
best validation: 0.738
best test: 0.757
num distinct structures: 2365
Experiment run 5
dataset: Cora
num_mp_layers: 3
num_fl_layers: 2
mp_hidden_dim: 3000
fl_hidden_dim: 512
epsilon: 1.118033988749895
optimizer_lr: 0.01
loss_func: CrossEntropyLoss
total_epoch: 400
Epoch: 50, Loss: 1.6121, Train: 75.00%, Valid: 45.40%, Test: 43.30%, Best Valid: 62.80%, Best Test: 64.40%
Epoch: 100, Loss: 0.4923, Train: 94.29%, Valid: 75.40%, Test: 76.20%, Best Valid: 75.40%, Best Test: 76.20%
Epoch: 150, Loss: 0.1341, Train: 100.00%, Valid: 76.40%, Test: 79.10%, Best Valid: 76.80%, Best Test: 79.50%
Epoch: 200, Loss: 0.0548, Train: 100.00%, Valid: 75.20%, Test: 78.80%, Best Valid: 76.80%, Best Test: 79.50%
Epoch: 250, Loss: 0.0284, Train: 100.00%, Valid: 75.60%, Test: 78.70%, Best Valid: 76.80%, Best Test: 79.50%
Epoch: 300, Loss: 0.0172, Train: 100.00%, Valid: 75.80%, Test: 78.80%, Best Valid: 76.80%, Best Test: 79.50%
Epoch: 350, Loss: 0.0115, Train: 100.00%, Valid: 75.80%, Test: 78.60%, Best Valid: 76.80%, Best Test: 79.50%
train_accuracy_list: [0.14285714285714285, 0.14285714285714285, 0.14285714285714285, 0.14285714285714285, 0.14285714285714285, 0.14285714285714285, 0.14285714285714285, 0.14285714285714285, 0.14285714285714285, 0.14285714285714285, 0.14285714285714285, 0.15, 0.14285714285714285, 0.2785714285714286, 0.2, 0.17142857142857143, 0.15714285714285714, 0.15714285714285714, 0.2, 0.25, 0.39285714285714285, 0.21428571428571427, 0.2, 0.2, 0.2, 0.21428571428571427, 0.3142857142857143, 0.4857142857142857, 0.30714285714285716, 0.30714285714285716, 0.4357142857142857, 0.6, 0.4642857142857143, 0.39285714285714285, 0.38571428571428573, 0.4, 0.4857142857142857, 0.6285714285714286, 0.6785714285714286, 0.55, 0.45, 0.45, 0.5071428571428571, 0.6571428571428571, 0.7642857142857142, 0.85, 0.8357142857142857, 0.8285714285714286, 0.8, 0.75, 0.7571428571428571, 0.7857142857142857, 0.7857142857142857, 0.7857142857142857, 0.8142857142857143, 0.8142857142857143, 0.8214285714285714, 0.8357142857142857, 0.8428571428571429, 0.8428571428571429, 0.85, 0.85, 0.8428571428571429, 0.8357142857142857, 0.85, 0.8428571428571429, 0.8571428571428571, 0.8428571428571429, 0.8571428571428571, 0.8642857142857143, 0.8642857142857143, 0.8714285714285714, 0.8857142857142857, 0.8857142857142857, 0.8857142857142857, 0.8928571428571429, 0.8928571428571429, 0.8857142857142857, 0.8928571428571429, 0.9071428571428571, 0.9142857142857143, 0.9142857142857143, 0.9142857142857143, 0.9142857142857143, 0.9142857142857143, 0.9142857142857143, 0.9071428571428571, 0.9071428571428571, 0.9071428571428571, 0.9071428571428571, 0.9142857142857143, 0.9285714285714286, 0.9285714285714286, 0.9357142857142857, 0.9357142857142857, 0.9357142857142857, 0.9357142857142857, 0.9357142857142857, 0.9357142857142857, 0.9428571428571428, 0.9428571428571428, 0.95, 0.95, 0.95, 0.9571428571428572, 0.9642857142857143, 0.9642857142857143, 0.9642857142857143, 0.9642857142857143, 0.9642857142857143, 0.9642857142857143, 0.9642857142857143, 0.9642857142857143, 0.9642857142857143, 0.9642857142857143, 0.9642857142857143, 0.9714285714285714, 0.9714285714285714, 0.9714285714285714, 0.9714285714285714, 0.9714285714285714, 0.9714285714285714, 0.9714285714285714, 0.9785714285714285, 0.9785714285714285, 0.9785714285714285, 0.9785714285714285, 0.9785714285714285, 0.9857142857142858, 0.9857142857142858, 0.9857142857142858, 0.9857142857142858, 0.9857142857142858, 0.9857142857142858, 0.9857142857142858, 0.9928571428571429, 0.9928571428571429, 0.9928571428571429, 0.9928571428571429, 0.9928571428571429, 0.9928571428571429, 0.9928571428571429, 0.9928571428571429, 0.9928571428571429, 1.0, 1.0, 1.0, 1.0, 1.0, 1.0, 1.0, 1.0, 1.0, 1.0, 1.0, 1.0, 1.0, 1.0, 1.0, 1.0, 1.0, 1.0, 1.0, 1.0, 1.0, 1.0, 1.0, 1.0, 1.0, 1.0, 1.0, 1.0, 1.0, 1.0, 1.0, 1.0, 1.0, 1.0, 1.0, 1.0, 1.0, 1.0, 1.0, 1.0, 1.0, 1.0, 1.0, 1.0, 1.0, 1.0, 1.0, 1.0, 1.0, 1.0, 1.0, 1.0, 1.0, 1.0, 1.0, 1.0, 1.0, 1.0, 1.0, 1.0, 1.0, 1.0, 1.0, 1.0, 1.0, 1.0, 1.0, 1.0, 1.0, 1.0, 1.0, 1.0, 1.0, 1.0, 1.0, 1.0, 1.0, 1.0, 1.0, 1.0, 1.0, 1.0, 1.0, 1.0, 1.0, 1.0, 1.0, 1.0, 1.0, 1.0, 1.0, 1.0, 1.0, 1.0, 1.0, 1.0, 1.0, 1.0, 1.0, 1.0, 1.0, 1.0, 1.0, 1.0, 1.0, 1.0, 1.0, 1.0, 1.0, 1.0, 1.0, 1.0, 1.0, 1.0, 1.0, 1.0, 1.0, 1.0, 1.0, 1.0, 1.0, 1.0, 1.0, 1.0, 1.0, 1.0, 1.0, 1.0, 1.0, 1.0, 1.0, 1.0, 1.0, 1.0, 1.0, 1.0, 1.0, 1.0, 1.0, 1.0, 1.0, 1.0, 1.0, 1.0, 1.0, 1.0, 1.0, 1.0, 1.0, 1.0, 1.0, 1.0, 1.0, 1.0, 1.0, 1.0, 1.0, 1.0, 1.0, 1.0, 1.0, 1.0, 1.0, 1.0, 1.0, 1.0, 1.0, 1.0, 1.0, 1.0, 1.0, 1.0, 1.0, 1.0, 1.0, 1.0, 1.0, 1.0, 1.0, 1.0, 1.0, 1.0, 1.0, 1.0, 1.0, 1.0, 1.0, 1.0, 1.0, 1.0, 1.0, 1.0, 1.0, 1.0, 1.0, 1.0, 1.0, 1.0, 1.0, 1.0, 1.0, 1.0, 1.0, 1.0, 1.0, 1.0, 1.0, 1.0, 1.0, 1.0, 1.0, 1.0, 1.0, 1.0, 1.0, 1.0, 1.0, 1.0, 1.0, 1.0, 1.0, 1.0, 1.0, 1.0, 1.0, 1.0, 1.0, 1.0, 1.0, 1.0, 1.0, 1.0, 1.0, 1.0, 1.0, 1.0, 1.0, 1.0, 1.0, 1.0, 1.0, 1.0, 1.0, 1.0, 1.0, 1.0, 1.0, 1.0, 1.0, 1.0, 1.0, 1.0, 1.0, 1.0, 1.0]
valid_accuracy_list: [0.122, 0.122, 0.122, 0.162, 0.072, 0.156, 0.162, 0.122, 0.058, 0.114, 0.316, 0.072, 0.072, 0.214, 0.17, 0.164, 0.162, 0.164, 0.174, 0.21, 0.29, 0.146, 0.146, 0.144, 0.148, 0.148, 0.15, 0.4, 0.314, 0.294, 0.346, 0.358, 0.26, 0.242, 0.244, 0.244, 0.274, 0.37, 0.382, 0.256, 0.214, 0.228, 0.258, 0.382, 0.528, 0.628, 0.608, 0.55, 0.494, 0.454, 0.44, 0.446, 0.454, 0.458, 0.47, 0.498, 0.566, 0.604, 0.614, 0.62, 0.61, 0.592, 0.582, 0.57, 0.578, 0.58, 0.598, 0.618, 0.634, 0.65, 0.652, 0.656, 0.654, 0.656, 0.658, 0.668, 0.688, 0.688, 0.69, 0.696, 0.702, 0.704, 0.704, 0.708, 0.722, 0.728, 0.728, 0.732, 0.736, 0.736, 0.744, 0.744, 0.746, 0.748, 0.752, 0.754, 0.752, 0.754, 0.754, 0.754, 0.76, 0.762, 0.762, 0.764, 0.758, 0.758, 0.76, 0.758, 0.758, 0.76, 0.762, 0.764, 0.762, 0.76, 0.76, 0.758, 0.76, 0.756, 0.756, 0.756, 0.758, 0.756, 0.756, 0.756, 0.758, 0.76, 0.764, 0.766, 0.768, 0.766, 0.766, 0.764, 0.764, 0.764, 0.766, 0.766, 0.766, 0.766, 0.766, 0.766, 0.764, 0.764, 0.764, 0.764, 0.764, 0.764, 0.766, 0.766, 0.766, 0.764, 0.764, 0.762, 0.762, 0.762, 0.762, 0.762, 0.76, 0.76, 0.76, 0.758, 0.758, 0.758, 0.756, 0.752, 0.752, 0.752, 0.75, 0.75, 0.75, 0.754, 0.754, 0.754, 0.754, 0.754, 0.752, 0.752, 0.75, 0.75, 0.75, 0.75, 0.75, 0.752, 0.752, 0.752, 0.752, 0.752, 0.752, 0.752, 0.752, 0.752, 0.752, 0.752, 0.752, 0.752, 0.752, 0.752, 0.752, 0.752, 0.752, 0.752, 0.752, 0.752, 0.752, 0.752, 0.752, 0.752, 0.752, 0.752, 0.752, 0.752, 0.752, 0.75, 0.75, 0.75, 0.75, 0.75, 0.75, 0.752, 0.752, 0.752, 0.752, 0.752, 0.752, 0.752, 0.752, 0.752, 0.752, 0.752, 0.752, 0.754, 0.752, 0.752, 0.752, 0.752, 0.752, 0.752, 0.75, 0.75, 0.752, 0.752, 0.752, 0.752, 0.752, 0.752, 0.752, 0.754, 0.754, 0.754, 0.754, 0.756, 0.756, 0.756, 0.756, 0.756, 0.756, 0.756, 0.756, 0.758, 0.758, 0.758, 0.758, 0.758, 0.758, 0.758, 0.758, 0.756, 0.756, 0.756, 0.756, 0.756, 0.756, 0.756, 0.756, 0.756, 0.756, 0.756, 0.756, 0.756, 0.756, 0.758, 0.758, 0.758, 0.758, 0.758, 0.758, 0.758, 0.758, 0.758, 0.758, 0.758, 0.758, 0.758, 0.758, 0.758, 0.758, 0.758, 0.758, 0.758, 0.758, 0.758, 0.758, 0.758, 0.758, 0.758, 0.758, 0.758, 0.758, 0.758, 0.758, 0.758, 0.758, 0.758, 0.758, 0.758, 0.758, 0.758, 0.758, 0.758, 0.758, 0.758, 0.758, 0.758, 0.758, 0.758, 0.758, 0.76, 0.76, 0.76, 0.76, 0.76, 0.758, 0.758, 0.758, 0.758, 0.758, 0.758, 0.758, 0.758, 0.758, 0.758, 0.758, 0.758, 0.758, 0.758, 0.758, 0.758, 0.758, 0.758, 0.758, 0.758, 0.758, 0.758, 0.758, 0.758, 0.758, 0.758, 0.758, 0.758, 0.758, 0.758, 0.758, 0.758, 0.758, 0.758, 0.758, 0.758, 0.758, 0.758, 0.758, 0.758, 0.758, 0.758, 0.758, 0.758, 0.758, 0.758, 0.758, 0.758, 0.758, 0.758, 0.758, 0.758, 0.758, 0.758, 0.758, 0.758, 0.758, 0.758, 0.758, 0.758, 0.758, 0.758, 0.758, 0.758, 0.756, 0.756, 0.756, 0.756, 0.756]
test_accuracy_list: [0.13, 0.13, 0.13, 0.149, 0.091, 0.144, 0.149, 0.13, 0.064, 0.103, 0.319, 0.093, 0.091, 0.196, 0.154, 0.149, 0.149, 0.154, 0.164, 0.194, 0.254, 0.149, 0.146, 0.144, 0.143, 0.148, 0.176, 0.45, 0.355, 0.34, 0.399, 0.371, 0.253, 0.24, 0.243, 0.248, 0.264, 0.327, 0.349, 0.257, 0.223, 0.228, 0.272, 0.391, 0.551, 0.644, 0.63, 0.563, 0.477, 0.433, 0.427, 0.428, 0.43, 0.44, 0.468, 0.508, 0.56, 0.616, 0.637, 0.638, 0.624, 0.606, 0.589, 0.585, 0.58, 0.59, 0.61, 0.633, 0.65, 0.668, 0.674, 0.674, 0.674, 0.672, 0.683, 0.694, 0.704, 0.708, 0.715, 0.716, 0.717, 0.72, 0.724, 0.727, 0.733, 0.737, 0.743, 0.744, 0.747, 0.747, 0.747, 0.746, 0.749, 0.752, 0.758, 0.761, 0.761, 0.758, 0.761, 0.762, 0.768, 0.768, 0.772, 0.772, 0.771, 0.771, 0.773, 0.771, 0.773, 0.774, 0.775, 0.778, 0.779, 0.78, 0.78, 0.779, 0.78, 0.781, 0.781, 0.78, 0.781, 0.783, 0.783, 0.784, 0.784, 0.783, 0.783, 0.785, 0.785, 0.786, 0.786, 0.786, 0.789, 0.789, 0.788, 0.789, 0.791, 0.792, 0.792, 0.794, 0.795, 0.794, 0.793, 0.793, 0.793, 0.793, 0.793, 0.793, 0.793, 0.791, 0.79, 0.79, 0.791, 0.791, 0.791, 0.79, 0.789, 0.789, 0.789, 0.789, 0.789, 0.789, 0.789, 0.788, 0.786, 0.786, 0.785, 0.785, 0.785, 0.785, 0.785, 0.784, 0.783, 0.783, 0.783, 0.782, 0.782, 0.783, 0.783, 0.783, 0.783, 0.783, 0.783, 0.783, 0.783, 0.782, 0.782, 0.782, 0.782, 0.782, 0.784, 0.785, 0.786, 0.786, 0.789, 0.788, 0.788, 0.788, 0.788, 0.788, 0.789, 0.789, 0.788, 0.787, 0.787, 0.787, 0.786, 0.787, 0.786, 0.786, 0.786, 0.786, 0.786, 0.786, 0.786, 0.786, 0.787, 0.787, 0.787, 0.787, 0.787, 0.787, 0.787, 0.787, 0.786, 0.785, 0.785, 0.785, 0.786, 0.786, 0.786, 0.786, 0.787, 0.787, 0.787, 0.787, 0.787, 0.787, 0.786, 0.786, 0.786, 0.787, 0.787, 0.787, 0.787, 0.787, 0.787, 0.787, 0.787, 0.787, 0.788, 0.788, 0.788, 0.789, 0.789, 0.789, 0.789, 0.789, 0.789, 0.789, 0.788, 0.788, 0.788, 0.788, 0.788, 0.788, 0.788, 0.788, 0.787, 0.787, 0.787, 0.787, 0.787, 0.787, 0.787, 0.788, 0.788, 0.788, 0.788, 0.788, 0.788, 0.788, 0.788, 0.788, 0.788, 0.789, 0.789, 0.789, 0.789, 0.789, 0.789, 0.789, 0.789, 0.789, 0.789, 0.789, 0.789, 0.788, 0.788, 0.788, 0.788, 0.788, 0.787, 0.787, 0.787, 0.787, 0.787, 0.787, 0.787, 0.787, 0.787, 0.787, 0.787, 0.787, 0.787, 0.787, 0.787, 0.787, 0.787, 0.787, 0.787, 0.787, 0.787, 0.787, 0.787, 0.787, 0.786, 0.786, 0.786, 0.786, 0.786, 0.786, 0.786, 0.786, 0.786, 0.785, 0.785, 0.785, 0.785, 0.785, 0.785, 0.785, 0.785, 0.785, 0.786, 0.786, 0.786, 0.786, 0.786, 0.786, 0.785, 0.785, 0.785, 0.785, 0.785, 0.785, 0.786, 0.786, 0.786, 0.786, 0.785, 0.785, 0.785, 0.785, 0.785, 0.785, 0.785, 0.785, 0.785, 0.785, 0.785, 0.785, 0.785, 0.785, 0.785, 0.785, 0.785, 0.785, 0.785, 0.785, 0.785, 0.785, 0.785, 0.785, 0.785, 0.785, 0.785, 0.785, 0.785, 0.784, 0.784, 0.784, 0.784, 0.784, 0.784, 0.784, 0.784, 0.784, 0.784]
best validation: 0.768
best test: 0.795
num distinct structures: 2365
Experiment run 6
dataset: Cora
num_mp_layers: 3
num_fl_layers: 2
mp_hidden_dim: 3000
fl_hidden_dim: 1024
epsilon: 1.118033988749895
optimizer_lr: 0.01
loss_func: CrossEntropyLoss
total_epoch: 400
Epoch: 50, Loss: 1.2527, Train: 82.14%, Valid: 57.80%, Test: 60.90%, Best Valid: 62.40%, Best Test: 63.60%
Epoch: 100, Loss: 0.0725, Train: 99.29%, Valid: 71.40%, Test: 71.80%, Best Valid: 72.20%, Best Test: 72.10%
Epoch: 150, Loss: 0.0063, Train: 100.00%, Valid: 72.60%, Test: 71.40%, Best Valid: 72.60%, Best Test: 72.10%
Epoch: 200, Loss: 0.0025, Train: 100.00%, Valid: 72.80%, Test: 71.60%, Best Valid: 73.00%, Best Test: 72.10%
Epoch: 250, Loss: 0.0014, Train: 100.00%, Valid: 72.60%, Test: 71.40%, Best Valid: 73.00%, Best Test: 72.10%
Epoch: 300, Loss: 0.0009, Train: 100.00%, Valid: 72.40%, Test: 71.50%, Best Valid: 73.00%, Best Test: 72.10%
Epoch: 350, Loss: 0.0007, Train: 100.00%, Valid: 72.40%, Test: 71.90%, Best Valid: 73.00%, Best Test: 72.10%
train_accuracy_list: [0.14285714285714285, 0.14285714285714285, 0.14285714285714285, 0.14285714285714285, 0.14285714285714285, 0.21428571428571427, 0.14285714285714285, 0.14285714285714285, 0.14285714285714285, 0.14285714285714285, 0.14285714285714285, 0.14285714285714285, 0.14285714285714285, 0.20714285714285716, 0.2357142857142857, 0.32857142857142857, 0.38571428571428573, 0.38571428571428573, 0.18571428571428572, 0.2785714285714286, 0.2357142857142857, 0.3357142857142857, 0.4, 0.3, 0.22857142857142856, 0.37857142857142856, 0.38571428571428573, 0.2857142857142857, 0.4142857142857143, 0.5357142857142857, 0.42857142857142855, 0.39285714285714285, 0.45, 0.7071428571428572, 0.6, 0.5642857142857143, 0.7071428571428572, 0.7214285714285714, 0.6642857142857143, 0.6142857142857143, 0.7785714285714286, 0.8571428571428571, 0.8571428571428571, 0.7928571428571428, 0.8214285714285714, 0.8285714285714286, 0.8285714285714286, 0.8357142857142857, 0.8071428571428572, 0.8214285714285714, 0.8428571428571429, 0.85, 0.8571428571428571, 0.8642857142857143, 0.8785714285714286, 0.8857142857142857, 0.8714285714285714, 0.8714285714285714, 0.8642857142857143, 0.8928571428571429, 0.8928571428571429, 0.8928571428571429, 0.8857142857142857, 0.8928571428571429, 0.9, 0.9, 0.9071428571428571, 0.9142857142857143, 0.9142857142857143, 0.9142857142857143, 0.9142857142857143, 0.9357142857142857, 0.9357142857142857, 0.9357142857142857, 0.95, 0.9642857142857143, 0.9642857142857143, 0.9571428571428572, 0.9642857142857143, 0.9642857142857143, 0.9571428571428572, 0.9571428571428572, 0.9642857142857143, 0.9642857142857143, 0.9714285714285714, 0.9785714285714285, 0.9785714285714285, 0.9785714285714285, 0.9785714285714285, 0.9785714285714285, 0.9785714285714285, 0.9857142857142858, 0.9857142857142858, 0.9857142857142858, 0.9857142857142858, 0.9928571428571429, 0.9928571428571429, 0.9928571428571429, 0.9928571428571429, 0.9928571428571429, 0.9928571428571429, 0.9928571428571429, 0.9928571428571429, 1.0, 1.0, 1.0, 1.0, 1.0, 1.0, 1.0, 1.0, 1.0, 1.0, 1.0, 1.0, 1.0, 1.0, 1.0, 1.0, 1.0, 1.0, 1.0, 1.0, 1.0, 1.0, 1.0, 1.0, 1.0, 1.0, 1.0, 1.0, 1.0, 1.0, 1.0, 1.0, 1.0, 1.0, 1.0, 1.0, 1.0, 1.0, 1.0, 1.0, 1.0, 1.0, 1.0, 1.0, 1.0, 1.0, 1.0, 1.0, 1.0, 1.0, 1.0, 1.0, 1.0, 1.0, 1.0, 1.0, 1.0, 1.0, 1.0, 1.0, 1.0, 1.0, 1.0, 1.0, 1.0, 1.0, 1.0, 1.0, 1.0, 1.0, 1.0, 1.0, 1.0, 1.0, 1.0, 1.0, 1.0, 1.0, 1.0, 1.0, 1.0, 1.0, 1.0, 1.0, 1.0, 1.0, 1.0, 1.0, 1.0, 1.0, 1.0, 1.0, 1.0, 1.0, 1.0, 1.0, 1.0, 1.0, 1.0, 1.0, 1.0, 1.0, 1.0, 1.0, 1.0, 1.0, 1.0, 1.0, 1.0, 1.0, 1.0, 1.0, 1.0, 1.0, 1.0, 1.0, 1.0, 1.0, 1.0, 1.0, 1.0, 1.0, 1.0, 1.0, 1.0, 1.0, 1.0, 1.0, 1.0, 1.0, 1.0, 1.0, 1.0, 1.0, 1.0, 1.0, 1.0, 1.0, 1.0, 1.0, 1.0, 1.0, 1.0, 1.0, 1.0, 1.0, 1.0, 1.0, 1.0, 1.0, 1.0, 1.0, 1.0, 1.0, 1.0, 1.0, 1.0, 1.0, 1.0, 1.0, 1.0, 1.0, 1.0, 1.0, 1.0, 1.0, 1.0, 1.0, 1.0, 1.0, 1.0, 1.0, 1.0, 1.0, 1.0, 1.0, 1.0, 1.0, 1.0, 1.0, 1.0, 1.0, 1.0, 1.0, 1.0, 1.0, 1.0, 1.0, 1.0, 1.0, 1.0, 1.0, 1.0, 1.0, 1.0, 1.0, 1.0, 1.0, 1.0, 1.0, 1.0, 1.0, 1.0, 1.0, 1.0, 1.0, 1.0, 1.0, 1.0, 1.0, 1.0, 1.0, 1.0, 1.0, 1.0, 1.0, 1.0, 1.0, 1.0, 1.0, 1.0, 1.0, 1.0, 1.0, 1.0, 1.0, 1.0, 1.0, 1.0, 1.0, 1.0, 1.0, 1.0, 1.0, 1.0, 1.0, 1.0, 1.0, 1.0, 1.0, 1.0, 1.0, 1.0, 1.0, 1.0, 1.0, 1.0, 1.0, 1.0, 1.0, 1.0, 1.0, 1.0, 1.0, 1.0, 1.0, 1.0, 1.0, 1.0, 1.0, 1.0, 1.0, 1.0, 1.0, 1.0, 1.0, 1.0, 1.0, 1.0, 1.0, 1.0, 1.0, 1.0, 1.0, 1.0, 1.0, 1.0, 1.0, 1.0, 1.0, 1.0, 1.0, 1.0, 1.0, 1.0, 1.0, 1.0, 1.0, 1.0, 1.0, 1.0, 1.0, 1.0, 1.0, 1.0, 1.0]
valid_accuracy_list: [0.122, 0.122, 0.072, 0.114, 0.162, 0.324, 0.058, 0.058, 0.156, 0.156, 0.156, 0.156, 0.158, 0.174, 0.16, 0.314, 0.4, 0.336, 0.182, 0.126, 0.116, 0.156, 0.228, 0.184, 0.17, 0.238, 0.45, 0.378, 0.438, 0.398, 0.33, 0.272, 0.292, 0.44, 0.286, 0.298, 0.44, 0.49, 0.394, 0.364, 0.476, 0.624, 0.582, 0.518, 0.546, 0.544, 0.518, 0.52, 0.552, 0.578, 0.594, 0.6, 0.604, 0.614, 0.642, 0.64, 0.648, 0.626, 0.628, 0.632, 0.642, 0.626, 0.614, 0.638, 0.662, 0.642, 0.646, 0.67, 0.67, 0.654, 0.666, 0.688, 0.676, 0.666, 0.688, 0.694, 0.684, 0.688, 0.694, 0.694, 0.69, 0.69, 0.702, 0.702, 0.7, 0.702, 0.712, 0.71, 0.708, 0.712, 0.714, 0.714, 0.716, 0.716, 0.718, 0.722, 0.718, 0.71, 0.71, 0.714, 0.712, 0.712, 0.714, 0.72, 0.718, 0.716, 0.716, 0.718, 0.716, 0.716, 0.714, 0.712, 0.712, 0.712, 0.71, 0.708, 0.708, 0.708, 0.708, 0.708, 0.708, 0.71, 0.71, 0.708, 0.712, 0.712, 0.718, 0.718, 0.718, 0.716, 0.718, 0.718, 0.716, 0.716, 0.718, 0.722, 0.722, 0.724, 0.724, 0.724, 0.724, 0.724, 0.724, 0.726, 0.726, 0.726, 0.726, 0.726, 0.726, 0.726, 0.726, 0.726, 0.726, 0.726, 0.726, 0.726, 0.726, 0.726, 0.726, 0.726, 0.726, 0.724, 0.724, 0.724, 0.726, 0.726, 0.726, 0.726, 0.726, 0.728, 0.728, 0.728, 0.728, 0.728, 0.728, 0.728, 0.728, 0.728, 0.728, 0.728, 0.728, 0.728, 0.728, 0.728, 0.728, 0.728, 0.728, 0.73, 0.73, 0.73, 0.73, 0.728, 0.73, 0.73, 0.73, 0.73, 0.728, 0.728, 0.728, 0.728, 0.728, 0.728, 0.728, 0.73, 0.73, 0.728, 0.728, 0.728, 0.728, 0.728, 0.728, 0.728, 0.728, 0.728, 0.728, 0.728, 0.728, 0.728, 0.728, 0.728, 0.728, 0.728, 0.728, 0.728, 0.728, 0.728, 0.728, 0.728, 0.728, 0.728, 0.728, 0.728, 0.728, 0.728, 0.728, 0.728, 0.728, 0.728, 0.728, 0.728, 0.726, 0.726, 0.728, 0.728, 0.728, 0.728, 0.726, 0.726, 0.726, 0.726, 0.726, 0.726, 0.728, 0.726, 0.726, 0.726, 0.726, 0.726, 0.726, 0.726, 0.726, 0.726, 0.726, 0.726, 0.726, 0.726, 0.726, 0.726, 0.726, 0.726, 0.726, 0.726, 0.726, 0.726, 0.726, 0.726, 0.726, 0.726, 0.726, 0.726, 0.726, 0.726, 0.726, 0.726, 0.726, 0.726, 0.726, 0.726, 0.726, 0.726, 0.724, 0.726, 0.726, 0.726, 0.726, 0.724, 0.724, 0.724, 0.724, 0.724, 0.724, 0.724, 0.724, 0.724, 0.724, 0.724, 0.724, 0.724, 0.724, 0.724, 0.724, 0.724, 0.724, 0.724, 0.724, 0.724, 0.724, 0.726, 0.726, 0.726, 0.726, 0.726, 0.726, 0.726, 0.726, 0.726, 0.726, 0.726, 0.726, 0.726, 0.726, 0.726, 0.726, 0.726, 0.726, 0.726, 0.726, 0.726, 0.726, 0.726, 0.726, 0.724, 0.726, 0.726, 0.726, 0.726, 0.724, 0.724, 0.724, 0.724, 0.724, 0.724, 0.724, 0.724, 0.724, 0.724, 0.724, 0.724, 0.724, 0.724, 0.724, 0.724, 0.724, 0.724, 0.724, 0.724, 0.724, 0.724, 0.724, 0.724, 0.724, 0.724, 0.724, 0.724, 0.724, 0.724, 0.724, 0.724, 0.724, 0.724, 0.724, 0.724, 0.724, 0.724, 0.724, 0.724, 0.724, 0.724, 0.724, 0.724, 0.724, 0.724, 0.724, 0.724, 0.724, 0.724, 0.724, 0.724, 0.724]
test_accuracy_list: [0.13, 0.13, 0.091, 0.103, 0.149, 0.345, 0.064, 0.064, 0.144, 0.144, 0.144, 0.144, 0.144, 0.156, 0.175, 0.368, 0.428, 0.376, 0.163, 0.124, 0.12, 0.174, 0.214, 0.172, 0.155, 0.235, 0.441, 0.391, 0.455, 0.42, 0.321, 0.254, 0.288, 0.412, 0.28, 0.278, 0.432, 0.492, 0.378, 0.369, 0.46, 0.636, 0.625, 0.564, 0.571, 0.559, 0.495, 0.516, 0.573, 0.609, 0.618, 0.616, 0.605, 0.623, 0.657, 0.673, 0.672, 0.647, 0.639, 0.649, 0.651, 0.631, 0.628, 0.658, 0.689, 0.679, 0.672, 0.694, 0.697, 0.669, 0.684, 0.699, 0.694, 0.691, 0.697, 0.705, 0.702, 0.702, 0.705, 0.701, 0.697, 0.7, 0.709, 0.721, 0.715, 0.718, 0.717, 0.719, 0.712, 0.716, 0.713, 0.717, 0.713, 0.716, 0.717, 0.717, 0.718, 0.72, 0.718, 0.718, 0.718, 0.716, 0.716, 0.716, 0.717, 0.715, 0.714, 0.713, 0.711, 0.707, 0.708, 0.708, 0.709, 0.709, 0.71, 0.711, 0.708, 0.707, 0.708, 0.708, 0.707, 0.707, 0.707, 0.708, 0.706, 0.706, 0.703, 0.705, 0.708, 0.709, 0.709, 0.711, 0.71, 0.711, 0.711, 0.712, 0.712, 0.712, 0.713, 0.714, 0.714, 0.713, 0.714, 0.714, 0.716, 0.716, 0.715, 0.715, 0.714, 0.714, 0.714, 0.714, 0.714, 0.715, 0.715, 0.715, 0.714, 0.714, 0.715, 0.715, 0.715, 0.715, 0.715, 0.715, 0.715, 0.715, 0.715, 0.715, 0.715, 0.714, 0.714, 0.715, 0.716, 0.715, 0.715, 0.715, 0.715, 0.715, 0.716, 0.716, 0.716, 0.717, 0.717, 0.717, 0.716, 0.716, 0.717, 0.717, 0.717, 0.717, 0.717, 0.717, 0.717, 0.717, 0.717, 0.717, 0.716, 0.716, 0.716, 0.716, 0.716, 0.716, 0.716, 0.717, 0.717, 0.717, 0.716, 0.716, 0.716, 0.716, 0.716, 0.716, 0.716, 0.715, 0.715, 0.715, 0.715, 0.715, 0.715, 0.715, 0.715, 0.715, 0.715, 0.714, 0.715, 0.715, 0.715, 0.715, 0.714, 0.714, 0.713, 0.713, 0.714, 0.715, 0.715, 0.714, 0.714, 0.714, 0.714, 0.715, 0.715, 0.716, 0.714, 0.714, 0.714, 0.715, 0.715, 0.716, 0.716, 0.714, 0.714, 0.714, 0.714, 0.714, 0.714, 0.714, 0.714, 0.714, 0.714, 0.715, 0.714, 0.715, 0.715, 0.715, 0.715, 0.715, 0.716, 0.716, 0.716, 0.716, 0.716, 0.715, 0.715, 0.715, 0.716, 0.716, 0.716, 0.715, 0.715, 0.715, 0.716, 0.716, 0.716, 0.716, 0.715, 0.715, 0.715, 0.715, 0.716, 0.716, 0.716, 0.715, 0.715, 0.715, 0.716, 0.716, 0.716, 0.716, 0.716, 0.715, 0.715, 0.716, 0.716, 0.716, 0.716, 0.716, 0.716, 0.716, 0.716, 0.716, 0.716, 0.716, 0.716, 0.716, 0.716, 0.716, 0.716, 0.716, 0.716, 0.716, 0.716, 0.716, 0.716, 0.716, 0.717, 0.717, 0.717, 0.717, 0.717, 0.718, 0.718, 0.717, 0.717, 0.719, 0.719, 0.719, 0.719, 0.719, 0.719, 0.719, 0.719, 0.719, 0.719, 0.719, 0.719, 0.719, 0.719, 0.719, 0.719, 0.719, 0.719, 0.719, 0.719, 0.719, 0.719, 0.719, 0.719, 0.719, 0.719, 0.719, 0.719, 0.719, 0.719, 0.719, 0.719, 0.719, 0.719, 0.719, 0.719, 0.719, 0.719, 0.719, 0.719, 0.719, 0.719, 0.719, 0.719, 0.72, 0.72, 0.72, 0.719, 0.719, 0.72, 0.72, 0.72, 0.721, 0.721, 0.721, 0.721, 0.721, 0.721, 0.721, 0.72, 0.72, 0.72, 0.72, 0.72, 0.72, 0.72]
best validation: 0.73
best test: 0.721
num distinct structures: 2365
Experiment run 7
dataset: Cora
num_mp_layers: 3
num_fl_layers: 2
mp_hidden_dim: 3000
fl_hidden_dim: 2048
epsilon: 1.118033988749895
optimizer_lr: 0.01
loss_func: CrossEntropyLoss
total_epoch: 400
Epoch: 50, Loss: 1.2181, Train: 80.00%, Valid: 50.20%, Test: 50.20%, Best Valid: 53.40%, Best Test: 56.90%
Epoch: 100, Loss: 0.4326, Train: 97.14%, Valid: 72.00%, Test: 75.70%, Best Valid: 72.00%, Best Test: 75.80%
Epoch: 150, Loss: 0.1502, Train: 100.00%, Valid: 73.20%, Test: 76.10%, Best Valid: 74.40%, Best Test: 76.70%
Epoch: 200, Loss: 0.0664, Train: 100.00%, Valid: 72.60%, Test: 76.80%, Best Valid: 74.40%, Best Test: 77.00%
Epoch: 250, Loss: 0.0354, Train: 100.00%, Valid: 73.60%, Test: 76.80%, Best Valid: 74.40%, Best Test: 77.00%
Epoch: 300, Loss: 0.0215, Train: 100.00%, Valid: 74.00%, Test: 76.60%, Best Valid: 74.40%, Best Test: 77.00%
Epoch: 350, Loss: 0.0144, Train: 100.00%, Valid: 74.00%, Test: 76.60%, Best Valid: 74.40%, Best Test: 77.00%
train_accuracy_list: [0.2714285714285714, 0.14285714285714285, 0.24285714285714285, 0.14285714285714285, 0.14285714285714285, 0.14285714285714285, 0.14285714285714285, 0.14285714285714285, 0.14285714285714285, 0.15, 0.2, 0.24285714285714285, 0.20714285714285716, 0.14285714285714285, 0.14285714285714285, 0.19285714285714287, 0.32857142857142857, 0.32142857142857145, 0.42142857142857143, 0.19285714285714287, 0.2, 0.15, 0.15, 0.25, 0.21428571428571427, 0.32142857142857145, 0.21428571428571427, 0.16428571428571428, 0.25, 0.7142857142857143, 0.39285714285714285, 0.3357142857142857, 0.4357142857142857, 0.5571428571428572, 0.5714285714285714, 0.6071428571428571, 0.6071428571428571, 0.5928571428571429, 0.6142857142857143, 0.6071428571428571, 0.7214285714285714, 0.65, 0.5285714285714286, 0.6428571428571429, 0.7785714285714286, 0.8214285714285714, 0.8142857142857143, 0.8285714285714286, 0.8071428571428572, 0.8, 0.8, 0.8071428571428572, 0.7928571428571428, 0.8, 0.8, 0.8357142857142857, 0.8642857142857143, 0.8857142857142857, 0.8714285714285714, 0.8785714285714286, 0.8857142857142857, 0.8928571428571429, 0.8928571428571429, 0.9, 0.9142857142857143, 0.8928571428571429, 0.9142857142857143, 0.9214285714285714, 0.9142857142857143, 0.9071428571428571, 0.9214285714285714, 0.9071428571428571, 0.9, 0.8928571428571429, 0.8928571428571429, 0.8928571428571429, 0.9071428571428571, 0.9142857142857143, 0.9214285714285714, 0.9285714285714286, 0.9285714285714286, 0.9357142857142857, 0.9357142857142857, 0.9357142857142857, 0.9428571428571428, 0.9428571428571428, 0.9428571428571428, 0.9428571428571428, 0.9428571428571428, 0.9428571428571428, 0.9357142857142857, 0.9357142857142857, 0.9357142857142857, 0.95, 0.9571428571428572, 0.9571428571428572, 0.9642857142857143, 0.9642857142857143, 0.9642857142857143, 0.9714285714285714, 0.9785714285714285, 0.9785714285714285, 0.9785714285714285, 0.9785714285714285, 0.9785714285714285, 0.9785714285714285, 0.9785714285714285, 0.9785714285714285, 0.9785714285714285, 0.9785714285714285, 0.9785714285714285, 0.9785714285714285, 0.9785714285714285, 0.9785714285714285, 0.9785714285714285, 0.9785714285714285, 0.9785714285714285, 0.9785714285714285, 0.9785714285714285, 0.9785714285714285, 0.9785714285714285, 0.9785714285714285, 0.9785714285714285, 0.9857142857142858, 0.9857142857142858, 0.9857142857142858, 0.9857142857142858, 0.9857142857142858, 0.9857142857142858, 0.9857142857142858, 0.9857142857142858, 0.9857142857142858, 0.9857142857142858, 0.9857142857142858, 0.9928571428571429, 0.9928571428571429, 0.9928571428571429, 0.9928571428571429, 0.9928571428571429, 0.9928571428571429, 0.9928571428571429, 0.9928571428571429, 1.0, 1.0, 1.0, 1.0, 1.0, 1.0, 1.0, 1.0, 1.0, 1.0, 1.0, 1.0, 1.0, 1.0, 1.0, 1.0, 1.0, 1.0, 1.0, 1.0, 1.0, 1.0, 1.0, 1.0, 1.0, 1.0, 1.0, 1.0, 1.0, 1.0, 1.0, 1.0, 1.0, 1.0, 1.0, 1.0, 1.0, 1.0, 1.0, 1.0, 1.0, 1.0, 1.0, 1.0, 1.0, 1.0, 1.0, 1.0, 1.0, 1.0, 1.0, 1.0, 1.0, 1.0, 1.0, 1.0, 1.0, 1.0, 1.0, 1.0, 1.0, 1.0, 1.0, 1.0, 1.0, 1.0, 1.0, 1.0, 1.0, 1.0, 1.0, 1.0, 1.0, 1.0, 1.0, 1.0, 1.0, 1.0, 1.0, 1.0, 1.0, 1.0, 1.0, 1.0, 1.0, 1.0, 1.0, 1.0, 1.0, 1.0, 1.0, 1.0, 1.0, 1.0, 1.0, 1.0, 1.0, 1.0, 1.0, 1.0, 1.0, 1.0, 1.0, 1.0, 1.0, 1.0, 1.0, 1.0, 1.0, 1.0, 1.0, 1.0, 1.0, 1.0, 1.0, 1.0, 1.0, 1.0, 1.0, 1.0, 1.0, 1.0, 1.0, 1.0, 1.0, 1.0, 1.0, 1.0, 1.0, 1.0, 1.0, 1.0, 1.0, 1.0, 1.0, 1.0, 1.0, 1.0, 1.0, 1.0, 1.0, 1.0, 1.0, 1.0, 1.0, 1.0, 1.0, 1.0, 1.0, 1.0, 1.0, 1.0, 1.0, 1.0, 1.0, 1.0, 1.0, 1.0, 1.0, 1.0, 1.0, 1.0, 1.0, 1.0, 1.0, 1.0, 1.0, 1.0, 1.0, 1.0, 1.0, 1.0, 1.0, 1.0, 1.0, 1.0, 1.0, 1.0, 1.0, 1.0, 1.0, 1.0, 1.0, 1.0, 1.0, 1.0, 1.0, 1.0, 1.0, 1.0, 1.0, 1.0, 1.0, 1.0, 1.0, 1.0, 1.0, 1.0, 1.0, 1.0, 1.0, 1.0, 1.0, 1.0, 1.0, 1.0, 1.0, 1.0, 1.0, 1.0, 1.0, 1.0, 1.0, 1.0, 1.0, 1.0, 1.0, 1.0, 1.0, 1.0, 1.0, 1.0, 1.0, 1.0, 1.0, 1.0, 1.0, 1.0, 1.0, 1.0, 1.0, 1.0, 1.0, 1.0, 1.0, 1.0, 1.0, 1.0, 1.0, 1.0, 1.0, 1.0, 1.0, 1.0, 1.0, 1.0, 1.0, 1.0, 1.0, 1.0, 1.0, 1.0, 1.0, 1.0, 1.0, 1.0, 1.0]
valid_accuracy_list: [0.314, 0.316, 0.256, 0.114, 0.072, 0.122, 0.316, 0.316, 0.058, 0.058, 0.076, 0.18, 0.164, 0.114, 0.114, 0.09, 0.272, 0.258, 0.28, 0.312, 0.338, 0.124, 0.124, 0.156, 0.106, 0.224, 0.344, 0.318, 0.344, 0.528, 0.224, 0.186, 0.3, 0.392, 0.39, 0.394, 0.418, 0.4, 0.35, 0.372, 0.492, 0.47, 0.434, 0.454, 0.534, 0.53, 0.464, 0.502, 0.51, 0.502, 0.498, 0.502, 0.482, 0.462, 0.472, 0.514, 0.584, 0.624, 0.644, 0.654, 0.642, 0.64, 0.612, 0.612, 0.61, 0.604, 0.608, 0.606, 0.604, 0.6, 0.61, 0.626, 0.644, 0.662, 0.68, 0.69, 0.692, 0.686, 0.684, 0.688, 0.688, 0.684, 0.686, 0.692, 0.694, 0.696, 0.702, 0.702, 0.702, 0.702, 0.712, 0.716, 0.714, 0.714, 0.716, 0.718, 0.714, 0.718, 0.718, 0.72, 0.724, 0.722, 0.72, 0.722, 0.722, 0.724, 0.728, 0.724, 0.73, 0.73, 0.73, 0.736, 0.734, 0.734, 0.738, 0.738, 0.738, 0.736, 0.736, 0.738, 0.738, 0.74, 0.74, 0.744, 0.744, 0.744, 0.742, 0.742, 0.742, 0.742, 0.742, 0.742, 0.742, 0.744, 0.744, 0.742, 0.742, 0.744, 0.742, 0.74, 0.738, 0.74, 0.738, 0.738, 0.736, 0.736, 0.734, 0.732, 0.732, 0.732, 0.734, 0.734, 0.734, 0.734, 0.734, 0.734, 0.732, 0.732, 0.732, 0.732, 0.732, 0.732, 0.732, 0.732, 0.73, 0.73, 0.73, 0.732, 0.732, 0.732, 0.732, 0.732, 0.732, 0.732, 0.734, 0.732, 0.732, 0.73, 0.73, 0.728, 0.728, 0.728, 0.728, 0.728, 0.728, 0.728, 0.728, 0.728, 0.728, 0.728, 0.728, 0.726, 0.726, 0.726, 0.726, 0.726, 0.726, 0.726, 0.726, 0.726, 0.726, 0.724, 0.724, 0.724, 0.724, 0.724, 0.726, 0.728, 0.728, 0.73, 0.73, 0.732, 0.732, 0.732, 0.732, 0.732, 0.732, 0.73, 0.73, 0.73, 0.732, 0.732, 0.732, 0.732, 0.732, 0.732, 0.732, 0.732, 0.734, 0.734, 0.734, 0.736, 0.736, 0.736, 0.736, 0.736, 0.736, 0.736, 0.736, 0.738, 0.736, 0.736, 0.736, 0.736, 0.736, 0.736, 0.736, 0.736, 0.736, 0.736, 0.736, 0.734, 0.734, 0.734, 0.734, 0.734, 0.734, 0.734, 0.734, 0.734, 0.734, 0.734, 0.736, 0.736, 0.736, 0.736, 0.736, 0.736, 0.736, 0.736, 0.736, 0.736, 0.736, 0.736, 0.736, 0.736, 0.736, 0.736, 0.736, 0.736, 0.736, 0.736, 0.736, 0.736, 0.736, 0.736, 0.736, 0.736, 0.736, 0.736, 0.738, 0.738, 0.738, 0.738, 0.738, 0.738, 0.738, 0.738, 0.738, 0.74, 0.74, 0.74, 0.74, 0.74, 0.74, 0.74, 0.74, 0.74, 0.74, 0.74, 0.74, 0.74, 0.74, 0.74, 0.74, 0.74, 0.738, 0.74, 0.74, 0.74, 0.74, 0.74, 0.74, 0.74, 0.74, 0.74, 0.74, 0.74, 0.74, 0.74, 0.74, 0.74, 0.74, 0.74, 0.74, 0.74, 0.74, 0.74, 0.74, 0.74, 0.74, 0.74, 0.74, 0.74, 0.74, 0.74, 0.74, 0.74, 0.74, 0.74, 0.74, 0.74, 0.74, 0.742, 0.742, 0.742, 0.742, 0.742, 0.742, 0.742, 0.742, 0.742, 0.742, 0.742, 0.742, 0.742, 0.742, 0.742, 0.742, 0.742, 0.742, 0.742, 0.742, 0.742, 0.742, 0.742, 0.742, 0.742, 0.742, 0.742, 0.742, 0.742, 0.742, 0.742, 0.742, 0.742, 0.742, 0.742, 0.742, 0.742, 0.742, 0.742, 0.742, 0.742, 0.742, 0.742, 0.742, 0.742, 0.742]
test_accuracy_list: [0.327, 0.319, 0.232, 0.103, 0.091, 0.13, 0.319, 0.32, 0.064, 0.066, 0.089, 0.167, 0.157, 0.103, 0.103, 0.095, 0.242, 0.235, 0.265, 0.324, 0.341, 0.135, 0.131, 0.179, 0.119, 0.258, 0.352, 0.324, 0.353, 0.546, 0.21, 0.175, 0.255, 0.359, 0.359, 0.364, 0.378, 0.363, 0.306, 0.357, 0.5, 0.523, 0.476, 0.504, 0.569, 0.535, 0.482, 0.479, 0.496, 0.502, 0.5, 0.487, 0.468, 0.455, 0.46, 0.507, 0.583, 0.663, 0.688, 0.681, 0.664, 0.654, 0.629, 0.623, 0.629, 0.635, 0.635, 0.628, 0.624, 0.619, 0.619, 0.638, 0.673, 0.692, 0.704, 0.713, 0.714, 0.712, 0.707, 0.711, 0.717, 0.724, 0.728, 0.728, 0.733, 0.728, 0.731, 0.731, 0.737, 0.745, 0.753, 0.751, 0.752, 0.753, 0.753, 0.752, 0.755, 0.756, 0.758, 0.757, 0.759, 0.76, 0.761, 0.761, 0.759, 0.761, 0.761, 0.762, 0.765, 0.763, 0.766, 0.764, 0.762, 0.761, 0.759, 0.761, 0.762, 0.765, 0.766, 0.767, 0.767, 0.767, 0.765, 0.764, 0.763, 0.762, 0.762, 0.762, 0.761, 0.76, 0.76, 0.76, 0.76, 0.761, 0.76, 0.76, 0.759, 0.76, 0.76, 0.759, 0.759, 0.759, 0.759, 0.76, 0.759, 0.761, 0.762, 0.762, 0.761, 0.761, 0.76, 0.76, 0.761, 0.761, 0.76, 0.761, 0.761, 0.762, 0.762, 0.762, 0.763, 0.763, 0.763, 0.764, 0.764, 0.764, 0.764, 0.762, 0.762, 0.762, 0.762, 0.763, 0.762, 0.763, 0.763, 0.763, 0.763, 0.764, 0.763, 0.763, 0.765, 0.764, 0.765, 0.765, 0.766, 0.766, 0.767, 0.767, 0.768, 0.768, 0.768, 0.768, 0.769, 0.769, 0.77, 0.77, 0.769, 0.769, 0.768, 0.768, 0.768, 0.768, 0.768, 0.768, 0.767, 0.767, 0.767, 0.765, 0.765, 0.765, 0.765, 0.765, 0.765, 0.765, 0.766, 0.766, 0.766, 0.766, 0.766, 0.766, 0.765, 0.765, 0.765, 0.765, 0.765, 0.765, 0.767, 0.767, 0.767, 0.767, 0.767, 0.767, 0.767, 0.767, 0.767, 0.767, 0.768, 0.768, 0.768, 0.769, 0.769, 0.769, 0.769, 0.769, 0.769, 0.769, 0.769, 0.768, 0.768, 0.768, 0.767, 0.767, 0.768, 0.768, 0.768, 0.768, 0.768, 0.768, 0.768, 0.768, 0.768, 0.768, 0.769, 0.769, 0.769, 0.768, 0.768, 0.768, 0.767, 0.767, 0.767, 0.767, 0.767, 0.768, 0.768, 0.768, 0.768, 0.768, 0.768, 0.768, 0.768, 0.768, 0.768, 0.768, 0.768, 0.768, 0.767, 0.767, 0.767, 0.767, 0.766, 0.766, 0.766, 0.766, 0.766, 0.766, 0.766, 0.767, 0.767, 0.766, 0.765, 0.765, 0.766, 0.766, 0.766, 0.766, 0.766, 0.766, 0.766, 0.766, 0.766, 0.766, 0.766, 0.766, 0.766, 0.766, 0.766, 0.766, 0.765, 0.764, 0.764, 0.764, 0.764, 0.764, 0.764, 0.764, 0.764, 0.764, 0.764, 0.766, 0.766, 0.766, 0.766, 0.766, 0.766, 0.766, 0.766, 0.766, 0.766, 0.766, 0.766, 0.765, 0.765, 0.765, 0.765, 0.765, 0.765, 0.766, 0.766, 0.766, 0.766, 0.766, 0.766, 0.764, 0.764, 0.764, 0.763, 0.763, 0.763, 0.763, 0.763, 0.763, 0.763, 0.763, 0.763, 0.763, 0.764, 0.764, 0.764, 0.764, 0.764, 0.764, 0.764, 0.765, 0.765, 0.764, 0.764, 0.764, 0.764, 0.764, 0.763, 0.763, 0.763, 0.763, 0.763, 0.763, 0.763, 0.763, 0.763, 0.763, 0.763, 0.763, 0.764, 0.764, 0.764, 0.764, 0.764, 0.764, 0.764]
best validation: 0.744
best test: 0.77
num distinct structures: 2365
Experiment run 8
dataset: Cora
num_mp_layers: 3
num_fl_layers: 2
mp_hidden_dim: 3000
fl_hidden_dim: 4096
epsilon: 1.118033988749895
optimizer_lr: 0.01
loss_func: CrossEntropyLoss
total_epoch: 400
Epoch: 50, Loss: 0.8972, Train: 88.57%, Valid: 66.80%, Test: 68.30%, Best Valid: 66.80%, Best Test: 69.70%
Epoch: 100, Loss: 0.2577, Train: 98.57%, Valid: 77.20%, Test: 76.90%, Best Valid: 77.20%, Best Test: 77.20%
Epoch: 150, Loss: 0.0876, Train: 100.00%, Valid: 76.80%, Test: 77.90%, Best Valid: 77.40%, Best Test: 78.00%
Epoch: 200, Loss: 0.0410, Train: 100.00%, Valid: 75.60%, Test: 77.60%, Best Valid: 77.40%, Best Test: 78.00%
Epoch: 250, Loss: 0.0231, Train: 100.00%, Valid: 75.60%, Test: 77.30%, Best Valid: 77.40%, Best Test: 78.00%
Epoch: 300, Loss: 0.0147, Train: 100.00%, Valid: 75.00%, Test: 77.10%, Best Valid: 77.40%, Best Test: 78.00%
Epoch: 350, Loss: 0.0102, Train: 100.00%, Valid: 75.00%, Test: 76.80%, Best Valid: 77.40%, Best Test: 78.00%
train_accuracy_list: [0.15714285714285714, 0.14285714285714285, 0.14285714285714285, 0.2357142857142857, 0.14285714285714285, 0.14285714285714285, 0.14285714285714285, 0.14285714285714285, 0.17857142857142858, 0.14285714285714285, 0.22857142857142856, 0.15714285714285714, 0.22142857142857142, 0.15714285714285714, 0.2714285714285714, 0.35, 0.30714285714285716, 0.35714285714285715, 0.3142857142857143, 0.35, 0.36428571428571427, 0.2857142857142857, 0.36428571428571427, 0.5928571428571429, 0.40714285714285714, 0.45, 0.45, 0.4857142857142857, 0.7428571428571429, 0.6214285714285714, 0.55, 0.5285714285714286, 0.6142857142857143, 0.7285714285714285, 0.8642857142857143, 0.7142857142857143, 0.6142857142857143, 0.6285714285714286, 0.8214285714285714, 0.8571428571428571, 0.8071428571428572, 0.7642857142857142, 0.7357142857142858, 0.8, 0.8642857142857143, 0.8785714285714286, 0.9, 0.8857142857142857, 0.8785714285714286, 0.8857142857142857, 0.8928571428571429, 0.8928571428571429, 0.8785714285714286, 0.8714285714285714, 0.8785714285714286, 0.8857142857142857, 0.8928571428571429, 0.9142857142857143, 0.9071428571428571, 0.9071428571428571, 0.9214285714285714, 0.9214285714285714, 0.9214285714285714, 0.9214285714285714, 0.9214285714285714, 0.9214285714285714, 0.9214285714285714, 0.9214285714285714, 0.9285714285714286, 0.9285714285714286, 0.9285714285714286, 0.9357142857142857, 0.9357142857142857, 0.9357142857142857, 0.9357142857142857, 0.9357142857142857, 0.9357142857142857, 0.9357142857142857, 0.9428571428571428, 0.9428571428571428, 0.95, 0.95, 0.95, 0.9571428571428572, 0.9571428571428572, 0.9571428571428572, 0.9642857142857143, 0.9642857142857143, 0.9642857142857143, 0.9642857142857143, 0.9642857142857143, 0.9785714285714285, 0.9785714285714285, 0.9785714285714285, 0.9785714285714285, 0.9785714285714285, 0.9857142857142858, 0.9857142857142858, 0.9857142857142858, 0.9857142857142858, 0.9857142857142858, 0.9857142857142858, 0.9857142857142858, 0.9857142857142858, 0.9857142857142858, 0.9857142857142858, 0.9857142857142858, 0.9857142857142858, 0.9857142857142858, 0.9857142857142858, 0.9857142857142858, 0.9857142857142858, 0.9857142857142858, 0.9857142857142858, 0.9857142857142858, 0.9857142857142858, 0.9857142857142858, 0.9857142857142858, 0.9857142857142858, 0.9857142857142858, 0.9857142857142858, 0.9857142857142858, 0.9928571428571429, 0.9928571428571429, 0.9928571428571429, 0.9928571428571429, 0.9928571428571429, 0.9928571428571429, 1.0, 1.0, 1.0, 1.0, 1.0, 1.0, 1.0, 1.0, 1.0, 1.0, 1.0, 1.0, 1.0, 1.0, 1.0, 1.0, 1.0, 1.0, 1.0, 1.0, 1.0, 1.0, 1.0, 1.0, 1.0, 1.0, 1.0, 1.0, 1.0, 1.0, 1.0, 1.0, 1.0, 1.0, 1.0, 1.0, 1.0, 1.0, 1.0, 1.0, 1.0, 1.0, 1.0, 1.0, 1.0, 1.0, 1.0, 1.0, 1.0, 1.0, 1.0, 1.0, 1.0, 1.0, 1.0, 1.0, 1.0, 1.0, 1.0, 1.0, 1.0, 1.0, 1.0, 1.0, 1.0, 1.0, 1.0, 1.0, 1.0, 1.0, 1.0, 1.0, 1.0, 1.0, 1.0, 1.0, 1.0, 1.0, 1.0, 1.0, 1.0, 1.0, 1.0, 1.0, 1.0, 1.0, 1.0, 1.0, 1.0, 1.0, 1.0, 1.0, 1.0, 1.0, 1.0, 1.0, 1.0, 1.0, 1.0, 1.0, 1.0, 1.0, 1.0, 1.0, 1.0, 1.0, 1.0, 1.0, 1.0, 1.0, 1.0, 1.0, 1.0, 1.0, 1.0, 1.0, 1.0, 1.0, 1.0, 1.0, 1.0, 1.0, 1.0, 1.0, 1.0, 1.0, 1.0, 1.0, 1.0, 1.0, 1.0, 1.0, 1.0, 1.0, 1.0, 1.0, 1.0, 1.0, 1.0, 1.0, 1.0, 1.0, 1.0, 1.0, 1.0, 1.0, 1.0, 1.0, 1.0, 1.0, 1.0, 1.0, 1.0, 1.0, 1.0, 1.0, 1.0, 1.0, 1.0, 1.0, 1.0, 1.0, 1.0, 1.0, 1.0, 1.0, 1.0, 1.0, 1.0, 1.0, 1.0, 1.0, 1.0, 1.0, 1.0, 1.0, 1.0, 1.0, 1.0, 1.0, 1.0, 1.0, 1.0, 1.0, 1.0, 1.0, 1.0, 1.0, 1.0, 1.0, 1.0, 1.0, 1.0, 1.0, 1.0, 1.0, 1.0, 1.0, 1.0, 1.0, 1.0, 1.0, 1.0, 1.0, 1.0, 1.0, 1.0, 1.0, 1.0, 1.0, 1.0, 1.0, 1.0, 1.0, 1.0, 1.0, 1.0, 1.0, 1.0, 1.0, 1.0, 1.0, 1.0, 1.0, 1.0, 1.0, 1.0, 1.0, 1.0, 1.0, 1.0, 1.0, 1.0, 1.0, 1.0, 1.0, 1.0, 1.0, 1.0, 1.0, 1.0, 1.0, 1.0, 1.0, 1.0, 1.0, 1.0, 1.0, 1.0, 1.0, 1.0, 1.0, 1.0, 1.0, 1.0, 1.0, 1.0, 1.0, 1.0, 1.0, 1.0, 1.0, 1.0, 1.0, 1.0, 1.0, 1.0, 1.0, 1.0, 1.0, 1.0]
valid_accuracy_list: [0.114, 0.058, 0.156, 0.276, 0.122, 0.122, 0.122, 0.122, 0.122, 0.114, 0.118, 0.058, 0.212, 0.164, 0.356, 0.33, 0.182, 0.13, 0.106, 0.154, 0.18, 0.12, 0.164, 0.49, 0.45, 0.424, 0.372, 0.332, 0.452, 0.294, 0.232, 0.2, 0.266, 0.42, 0.61, 0.532, 0.504, 0.49, 0.566, 0.602, 0.504, 0.414, 0.4, 0.454, 0.562, 0.634, 0.66, 0.64, 0.644, 0.668, 0.688, 0.638, 0.592, 0.562, 0.582, 0.63, 0.666, 0.694, 0.702, 0.708, 0.706, 0.688, 0.68, 0.682, 0.68, 0.672, 0.694, 0.708, 0.718, 0.73, 0.738, 0.73, 0.73, 0.726, 0.718, 0.722, 0.73, 0.734, 0.748, 0.752, 0.756, 0.758, 0.758, 0.764, 0.762, 0.76, 0.762, 0.766, 0.768, 0.766, 0.768, 0.77, 0.77, 0.772, 0.77, 0.77, 0.77, 0.77, 0.772, 0.772, 0.774, 0.774, 0.772, 0.77, 0.766, 0.764, 0.762, 0.76, 0.76, 0.76, 0.762, 0.766, 0.766, 0.768, 0.766, 0.766, 0.766, 0.766, 0.768, 0.768, 0.768, 0.768, 0.768, 0.768, 0.768, 0.768, 0.768, 0.768, 0.768, 0.768, 0.766, 0.766, 0.768, 0.768, 0.768, 0.77, 0.77, 0.77, 0.772, 0.772, 0.772, 0.772, 0.772, 0.772, 0.772, 0.772, 0.772, 0.772, 0.77, 0.768, 0.768, 0.768, 0.766, 0.766, 0.766, 0.768, 0.768, 0.768, 0.768, 0.768, 0.766, 0.764, 0.764, 0.764, 0.764, 0.76, 0.76, 0.76, 0.76, 0.76, 0.76, 0.76, 0.76, 0.76, 0.758, 0.758, 0.758, 0.758, 0.758, 0.758, 0.758, 0.758, 0.756, 0.756, 0.756, 0.756, 0.756, 0.758, 0.758, 0.756, 0.756, 0.756, 0.756, 0.756, 0.756, 0.758, 0.758, 0.758, 0.756, 0.756, 0.756, 0.756, 0.756, 0.756, 0.756, 0.758, 0.758, 0.758, 0.758, 0.758, 0.758, 0.758, 0.758, 0.758, 0.758, 0.758, 0.76, 0.76, 0.76, 0.758, 0.758, 0.758, 0.758, 0.756, 0.756, 0.756, 0.756, 0.756, 0.756, 0.756, 0.756, 0.756, 0.756, 0.756, 0.756, 0.756, 0.756, 0.756, 0.754, 0.754, 0.754, 0.754, 0.754, 0.754, 0.756, 0.756, 0.756, 0.756, 0.756, 0.756, 0.756, 0.756, 0.756, 0.756, 0.756, 0.756, 0.756, 0.756, 0.756, 0.756, 0.756, 0.756, 0.756, 0.756, 0.756, 0.756, 0.756, 0.756, 0.756, 0.756, 0.754, 0.756, 0.754, 0.754, 0.754, 0.754, 0.754, 0.754, 0.754, 0.752, 0.752, 0.752, 0.752, 0.75, 0.75, 0.75, 0.75, 0.75, 0.75, 0.75, 0.75, 0.75, 0.75, 0.75, 0.75, 0.75, 0.75, 0.75, 0.75, 0.75, 0.75, 0.75, 0.75, 0.75, 0.75, 0.75, 0.75, 0.75, 0.75, 0.75, 0.75, 0.75, 0.75, 0.75, 0.75, 0.75, 0.75, 0.75, 0.75, 0.75, 0.75, 0.75, 0.752, 0.752, 0.752, 0.752, 0.752, 0.752, 0.752, 0.752, 0.752, 0.752, 0.752, 0.752, 0.752, 0.752, 0.752, 0.752, 0.752, 0.752, 0.752, 0.752, 0.752, 0.752, 0.752, 0.75, 0.75, 0.75, 0.75, 0.75, 0.75, 0.75, 0.75, 0.75, 0.75, 0.752, 0.752, 0.752, 0.752, 0.752, 0.752, 0.752, 0.752, 0.752, 0.752, 0.752, 0.752, 0.752, 0.752, 0.752, 0.754, 0.754, 0.754, 0.752, 0.752, 0.752, 0.752, 0.752, 0.752, 0.752, 0.752, 0.754, 0.754, 0.754, 0.754, 0.754, 0.754, 0.754, 0.754, 0.754, 0.754, 0.754, 0.754, 0.754, 0.754, 0.754, 0.754, 0.752, 0.752]
test_accuracy_list: [0.104, 0.064, 0.144, 0.294, 0.13, 0.13, 0.13, 0.13, 0.106, 0.103, 0.112, 0.066, 0.195, 0.15, 0.388, 0.367, 0.181, 0.156, 0.133, 0.162, 0.192, 0.117, 0.172, 0.512, 0.441, 0.456, 0.385, 0.328, 0.413, 0.302, 0.239, 0.211, 0.267, 0.427, 0.631, 0.539, 0.501, 0.503, 0.576, 0.604, 0.481, 0.414, 0.402, 0.439, 0.551, 0.677, 0.697, 0.677, 0.671, 0.683, 0.693, 0.658, 0.605, 0.565, 0.59, 0.65, 0.687, 0.711, 0.716, 0.714, 0.712, 0.709, 0.703, 0.699, 0.691, 0.697, 0.71, 0.725, 0.733, 0.742, 0.743, 0.745, 0.744, 0.737, 0.735, 0.74, 0.742, 0.75, 0.754, 0.758, 0.761, 0.761, 0.757, 0.754, 0.75, 0.75, 0.753, 0.76, 0.766, 0.768, 0.772, 0.771, 0.766, 0.767, 0.765, 0.764, 0.766, 0.769, 0.771, 0.769, 0.774, 0.775, 0.773, 0.773, 0.771, 0.774, 0.772, 0.77, 0.772, 0.772, 0.771, 0.77, 0.771, 0.772, 0.772, 0.773, 0.773, 0.771, 0.772, 0.772, 0.771, 0.77, 0.773, 0.776, 0.777, 0.777, 0.776, 0.775, 0.775, 0.775, 0.775, 0.775, 0.776, 0.776, 0.777, 0.777, 0.777, 0.779, 0.779, 0.777, 0.777, 0.777, 0.777, 0.778, 0.779, 0.779, 0.78, 0.779, 0.779, 0.779, 0.779, 0.779, 0.78, 0.78, 0.779, 0.779, 0.778, 0.778, 0.778, 0.778, 0.778, 0.776, 0.776, 0.775, 0.775, 0.775, 0.775, 0.775, 0.775, 0.775, 0.775, 0.775, 0.775, 0.776, 0.775, 0.775, 0.776, 0.776, 0.777, 0.777, 0.777, 0.777, 0.777, 0.777, 0.777, 0.776, 0.775, 0.775, 0.775, 0.774, 0.773, 0.774, 0.774, 0.775, 0.776, 0.776, 0.775, 0.775, 0.775, 0.776, 0.776, 0.776, 0.776, 0.776, 0.776, 0.777, 0.777, 0.777, 0.777, 0.777, 0.776, 0.776, 0.776, 0.776, 0.776, 0.776, 0.776, 0.776, 0.776, 0.776, 0.776, 0.776, 0.776, 0.776, 0.776, 0.776, 0.776, 0.776, 0.776, 0.775, 0.775, 0.775, 0.775, 0.775, 0.775, 0.774, 0.774, 0.774, 0.775, 0.775, 0.775, 0.774, 0.774, 0.774, 0.774, 0.774, 0.774, 0.773, 0.773, 0.773, 0.773, 0.773, 0.773, 0.773, 0.773, 0.773, 0.773, 0.773, 0.773, 0.773, 0.773, 0.773, 0.773, 0.773, 0.773, 0.773, 0.773, 0.772, 0.772, 0.772, 0.771, 0.771, 0.771, 0.771, 0.771, 0.771, 0.771, 0.771, 0.771, 0.772, 0.772, 0.772, 0.772, 0.772, 0.771, 0.771, 0.771, 0.771, 0.771, 0.771, 0.771, 0.771, 0.771, 0.771, 0.772, 0.771, 0.771, 0.771, 0.771, 0.771, 0.77, 0.77, 0.77, 0.77, 0.77, 0.77, 0.77, 0.77, 0.77, 0.77, 0.769, 0.769, 0.769, 0.769, 0.769, 0.769, 0.769, 0.769, 0.768, 0.768, 0.768, 0.768, 0.768, 0.768, 0.768, 0.768, 0.768, 0.768, 0.767, 0.767, 0.767, 0.767, 0.767, 0.767, 0.767, 0.768, 0.768, 0.768, 0.768, 0.767, 0.767, 0.767, 0.767, 0.767, 0.767, 0.767, 0.768, 0.768, 0.768, 0.768, 0.768, 0.767, 0.767, 0.767, 0.768, 0.768, 0.769, 0.769, 0.769, 0.769, 0.77, 0.77, 0.77, 0.77, 0.77, 0.771, 0.771, 0.771, 0.771, 0.771, 0.771, 0.771, 0.77, 0.77, 0.77, 0.77, 0.77, 0.77, 0.77, 0.77, 0.77, 0.77, 0.77, 0.77, 0.77, 0.77, 0.77, 0.77, 0.77, 0.77, 0.77, 0.77, 0.77, 0.77, 0.77, 0.77, 0.77, 0.77, 0.77]
best validation: 0.774
best test: 0.78
End abalation study
