/Users/yifanguan/gnn_research/GraphLearning/venv/bin/python main.py --mp_depth
Begin abalation study
num distinct structures: 2365
Experiment run 0
dataset: Cora
num_mp_layers: 1
num_fl_layers: 2
mp_hidden_dim: 3000
fl_hidden_dim: 512
epsilon: 1.118033988749895
optimizer_lr: 0.01
loss_func: CrossEntropyLoss
total_epoch: 400
Epoch: 50, Loss: 0.7962, Train: 92.86%, Valid: 67.60%, Test: 68.60%, Best Valid: 68.40%, Best Test: 68.60%
Epoch: 100, Loss: 0.0614, Train: 100.00%, Valid: 71.20%, Test: 73.50%, Best Valid: 71.20%, Best Test: 74.30%
Epoch: 150, Loss: 0.0142, Train: 100.00%, Valid: 71.00%, Test: 72.40%, Best Valid: 71.60%, Best Test: 74.30%
Epoch: 200, Loss: 0.0065, Train: 100.00%, Valid: 70.80%, Test: 72.40%, Best Valid: 71.60%, Best Test: 74.30%
Epoch: 250, Loss: 0.0038, Train: 100.00%, Valid: 71.20%, Test: 72.10%, Best Valid: 71.60%, Best Test: 74.30%
Epoch: 300, Loss: 0.0025, Train: 100.00%, Valid: 71.00%, Test: 72.20%, Best Valid: 71.60%, Best Test: 74.30%
Epoch: 350, Loss: 0.0018, Train: 100.00%, Valid: 71.20%, Test: 72.30%, Best Valid: 71.60%, Best Test: 74.30%
train_accuracy_list: [0.15, 0.21428571428571427, 0.14285714285714285, 0.14285714285714285, 0.14285714285714285, 0.14285714285714285, 0.14285714285714285, 0.17142857142857143, 0.2857142857142857, 0.16428571428571428, 0.14285714285714285, 0.14285714285714285, 0.14285714285714285, 0.2571428571428571, 0.14285714285714285, 0.3, 0.38571428571428573, 0.29285714285714287, 0.45714285714285713, 0.45, 0.4785714285714286, 0.40714285714285714, 0.35714285714285715, 0.32857142857142857, 0.3142857142857143, 0.37857142857142856, 0.6142857142857143, 0.45714285714285713, 0.4857142857142857, 0.6, 0.7428571428571429, 0.8, 0.8214285714285714, 0.7642857142857142, 0.75, 0.7642857142857142, 0.8, 0.8357142857142857, 0.8714285714285714, 0.8714285714285714, 0.8857142857142857, 0.8928571428571429, 0.9142857142857143, 0.9214285714285714, 0.9142857142857143, 0.9, 0.9, 0.9142857142857143, 0.9285714285714286, 0.9285714285714286, 0.9357142857142857, 0.9571428571428572, 0.9642857142857143, 0.9571428571428572, 0.9571428571428572, 0.9714285714285714, 0.9785714285714285, 0.9785714285714285, 0.9857142857142858, 0.9785714285714285, 0.9785714285714285, 0.9928571428571429, 0.9928571428571429, 0.9928571428571429, 0.9928571428571429, 0.9928571428571429, 0.9928571428571429, 0.9928571428571429, 0.9928571428571429, 1.0, 1.0, 1.0, 1.0, 1.0, 1.0, 1.0, 1.0, 1.0, 1.0, 1.0, 1.0, 1.0, 1.0, 1.0, 1.0, 1.0, 1.0, 1.0, 1.0, 1.0, 1.0, 1.0, 1.0, 1.0, 1.0, 1.0, 1.0, 1.0, 1.0, 1.0, 1.0, 1.0, 1.0, 1.0, 1.0, 1.0, 1.0, 1.0, 1.0, 1.0, 1.0, 1.0, 1.0, 1.0, 1.0, 1.0, 1.0, 1.0, 1.0, 1.0, 1.0, 1.0, 1.0, 1.0, 1.0, 1.0, 1.0, 1.0, 1.0, 1.0, 1.0, 1.0, 1.0, 1.0, 1.0, 1.0, 1.0, 1.0, 1.0, 1.0, 1.0, 1.0, 1.0, 1.0, 1.0, 1.0, 1.0, 1.0, 1.0, 1.0, 1.0, 1.0, 1.0, 1.0, 1.0, 1.0, 1.0, 1.0, 1.0, 1.0, 1.0, 1.0, 1.0, 1.0, 1.0, 1.0, 1.0, 1.0, 1.0, 1.0, 1.0, 1.0, 1.0, 1.0, 1.0, 1.0, 1.0, 1.0, 1.0, 1.0, 1.0, 1.0, 1.0, 1.0, 1.0, 1.0, 1.0, 1.0, 1.0, 1.0, 1.0, 1.0, 1.0, 1.0, 1.0, 1.0, 1.0, 1.0, 1.0, 1.0, 1.0, 1.0, 1.0, 1.0, 1.0, 1.0, 1.0, 1.0, 1.0, 1.0, 1.0, 1.0, 1.0, 1.0, 1.0, 1.0, 1.0, 1.0, 1.0, 1.0, 1.0, 1.0, 1.0, 1.0, 1.0, 1.0, 1.0, 1.0, 1.0, 1.0, 1.0, 1.0, 1.0, 1.0, 1.0, 1.0, 1.0, 1.0, 1.0, 1.0, 1.0, 1.0, 1.0, 1.0, 1.0, 1.0, 1.0, 1.0, 1.0, 1.0, 1.0, 1.0, 1.0, 1.0, 1.0, 1.0, 1.0, 1.0, 1.0, 1.0, 1.0, 1.0, 1.0, 1.0, 1.0, 1.0, 1.0, 1.0, 1.0, 1.0, 1.0, 1.0, 1.0, 1.0, 1.0, 1.0, 1.0, 1.0, 1.0, 1.0, 1.0, 1.0, 1.0, 1.0, 1.0, 1.0, 1.0, 1.0, 1.0, 1.0, 1.0, 1.0, 1.0, 1.0, 1.0, 1.0, 1.0, 1.0, 1.0, 1.0, 1.0, 1.0, 1.0, 1.0, 1.0, 1.0, 1.0, 1.0, 1.0, 1.0, 1.0, 1.0, 1.0, 1.0, 1.0, 1.0, 1.0, 1.0, 1.0, 1.0, 1.0, 1.0, 1.0, 1.0, 1.0, 1.0, 1.0, 1.0, 1.0, 1.0, 1.0, 1.0, 1.0, 1.0, 1.0, 1.0, 1.0, 1.0, 1.0, 1.0, 1.0, 1.0, 1.0, 1.0, 1.0, 1.0, 1.0, 1.0, 1.0, 1.0, 1.0, 1.0, 1.0, 1.0, 1.0, 1.0, 1.0, 1.0, 1.0, 1.0, 1.0, 1.0, 1.0, 1.0, 1.0, 1.0, 1.0, 1.0, 1.0, 1.0, 1.0, 1.0, 1.0, 1.0, 1.0, 1.0, 1.0, 1.0, 1.0, 1.0, 1.0, 1.0, 1.0, 1.0, 1.0, 1.0, 1.0, 1.0, 1.0, 1.0, 1.0, 1.0, 1.0, 1.0, 1.0, 1.0, 1.0, 1.0, 1.0]
valid_accuracy_list: [0.072, 0.09, 0.316, 0.058, 0.162, 0.072, 0.122, 0.122, 0.372, 0.318, 0.316, 0.316, 0.316, 0.286, 0.156, 0.178, 0.2, 0.206, 0.268, 0.31, 0.222, 0.186, 0.198, 0.4, 0.366, 0.382, 0.452, 0.218, 0.26, 0.344, 0.384, 0.4, 0.428, 0.408, 0.454, 0.506, 0.552, 0.616, 0.608, 0.57, 0.562, 0.582, 0.598, 0.61, 0.636, 0.654, 0.672, 0.684, 0.68, 0.676, 0.678, 0.672, 0.668, 0.678, 0.682, 0.682, 0.682, 0.694, 0.698, 0.696, 0.7, 0.706, 0.708, 0.712, 0.71, 0.706, 0.706, 0.708, 0.708, 0.71, 0.708, 0.706, 0.708, 0.708, 0.708, 0.712, 0.712, 0.712, 0.712, 0.706, 0.704, 0.702, 0.704, 0.704, 0.704, 0.708, 0.708, 0.704, 0.704, 0.702, 0.702, 0.704, 0.704, 0.708, 0.71, 0.708, 0.708, 0.71, 0.71, 0.712, 0.71, 0.71, 0.708, 0.708, 0.71, 0.708, 0.706, 0.708, 0.706, 0.706, 0.706, 0.712, 0.714, 0.712, 0.712, 0.712, 0.712, 0.712, 0.712, 0.712, 0.712, 0.712, 0.712, 0.712, 0.712, 0.712, 0.712, 0.712, 0.716, 0.716, 0.714, 0.714, 0.714, 0.714, 0.712, 0.71, 0.71, 0.71, 0.71, 0.71, 0.708, 0.708, 0.708, 0.708, 0.708, 0.71, 0.71, 0.71, 0.71, 0.71, 0.71, 0.712, 0.712, 0.712, 0.712, 0.712, 0.712, 0.712, 0.71, 0.71, 0.71, 0.71, 0.71, 0.71, 0.708, 0.708, 0.708, 0.708, 0.708, 0.708, 0.708, 0.708, 0.708, 0.708, 0.708, 0.708, 0.71, 0.708, 0.708, 0.708, 0.708, 0.708, 0.708, 0.708, 0.708, 0.708, 0.708, 0.708, 0.708, 0.708, 0.708, 0.708, 0.708, 0.708, 0.708, 0.708, 0.708, 0.708, 0.708, 0.708, 0.708, 0.708, 0.708, 0.708, 0.708, 0.708, 0.708, 0.708, 0.708, 0.708, 0.708, 0.708, 0.708, 0.708, 0.708, 0.708, 0.708, 0.708, 0.708, 0.708, 0.71, 0.71, 0.71, 0.71, 0.71, 0.71, 0.71, 0.71, 0.71, 0.71, 0.71, 0.712, 0.712, 0.714, 0.714, 0.714, 0.714, 0.714, 0.714, 0.714, 0.714, 0.714, 0.712, 0.712, 0.712, 0.712, 0.712, 0.712, 0.712, 0.712, 0.712, 0.712, 0.712, 0.712, 0.712, 0.712, 0.712, 0.712, 0.712, 0.712, 0.712, 0.712, 0.712, 0.712, 0.712, 0.712, 0.712, 0.712, 0.712, 0.712, 0.712, 0.712, 0.712, 0.712, 0.712, 0.712, 0.712, 0.712, 0.712, 0.712, 0.712, 0.712, 0.712, 0.712, 0.712, 0.712, 0.712, 0.712, 0.712, 0.712, 0.712, 0.712, 0.712, 0.712, 0.712, 0.71, 0.71, 0.71, 0.71, 0.71, 0.71, 0.71, 0.708, 0.708, 0.708, 0.708, 0.708, 0.708, 0.708, 0.708, 0.708, 0.708, 0.708, 0.708, 0.708, 0.708, 0.708, 0.708, 0.708, 0.708, 0.708, 0.708, 0.708, 0.708, 0.708, 0.708, 0.708, 0.708, 0.71, 0.71, 0.71, 0.71, 0.71, 0.71, 0.71, 0.71, 0.71, 0.71, 0.71, 0.712, 0.712, 0.712, 0.712, 0.712, 0.712, 0.712, 0.712, 0.712, 0.712, 0.712, 0.712, 0.712, 0.712, 0.712, 0.712, 0.712, 0.71, 0.71, 0.71, 0.71, 0.71, 0.71, 0.71, 0.71, 0.71, 0.71, 0.71, 0.71, 0.71, 0.71, 0.71, 0.71, 0.71, 0.71, 0.71, 0.71, 0.71, 0.71, 0.71, 0.71, 0.71, 0.71, 0.712, 0.71, 0.712, 0.712, 0.712, 0.714, 0.714, 0.712, 0.71, 0.71, 0.712, 0.714, 0.71, 0.71, 0.71, 0.71, 0.71]
test_accuracy_list: [0.093, 0.113, 0.319, 0.064, 0.149, 0.091, 0.13, 0.106, 0.374, 0.321, 0.319, 0.319, 0.32, 0.305, 0.144, 0.18, 0.198, 0.206, 0.287, 0.321, 0.228, 0.168, 0.237, 0.402, 0.365, 0.381, 0.461, 0.231, 0.253, 0.319, 0.364, 0.426, 0.44, 0.438, 0.465, 0.511, 0.548, 0.597, 0.615, 0.605, 0.593, 0.605, 0.613, 0.627, 0.641, 0.654, 0.67, 0.675, 0.679, 0.686, 0.692, 0.694, 0.703, 0.7, 0.705, 0.709, 0.712, 0.719, 0.727, 0.731, 0.731, 0.733, 0.736, 0.737, 0.739, 0.738, 0.74, 0.743, 0.742, 0.738, 0.739, 0.736, 0.735, 0.735, 0.737, 0.737, 0.734, 0.735, 0.736, 0.735, 0.735, 0.734, 0.734, 0.73, 0.733, 0.732, 0.733, 0.733, 0.733, 0.731, 0.732, 0.733, 0.734, 0.734, 0.734, 0.735, 0.734, 0.734, 0.736, 0.735, 0.734, 0.735, 0.732, 0.732, 0.732, 0.733, 0.732, 0.73, 0.731, 0.731, 0.731, 0.73, 0.73, 0.73, 0.728, 0.729, 0.729, 0.729, 0.729, 0.727, 0.727, 0.727, 0.727, 0.727, 0.727, 0.726, 0.726, 0.726, 0.726, 0.728, 0.728, 0.729, 0.729, 0.727, 0.727, 0.727, 0.727, 0.727, 0.727, 0.728, 0.727, 0.726, 0.726, 0.726, 0.726, 0.725, 0.725, 0.726, 0.725, 0.724, 0.724, 0.724, 0.723, 0.723, 0.724, 0.724, 0.725, 0.725, 0.725, 0.725, 0.724, 0.724, 0.723, 0.723, 0.723, 0.724, 0.725, 0.725, 0.725, 0.725, 0.725, 0.725, 0.725, 0.726, 0.726, 0.726, 0.726, 0.726, 0.726, 0.726, 0.725, 0.725, 0.725, 0.725, 0.725, 0.725, 0.725, 0.725, 0.725, 0.725, 0.725, 0.726, 0.725, 0.725, 0.725, 0.725, 0.724, 0.724, 0.724, 0.724, 0.723, 0.723, 0.723, 0.723, 0.723, 0.723, 0.723, 0.722, 0.722, 0.721, 0.721, 0.721, 0.72, 0.72, 0.72, 0.72, 0.72, 0.72, 0.72, 0.719, 0.719, 0.719, 0.719, 0.719, 0.719, 0.719, 0.719, 0.719, 0.719, 0.719, 0.719, 0.721, 0.721, 0.721, 0.721, 0.721, 0.721, 0.721, 0.722, 0.721, 0.721, 0.721, 0.72, 0.72, 0.72, 0.72, 0.72, 0.72, 0.72, 0.721, 0.721, 0.721, 0.721, 0.72, 0.72, 0.72, 0.719, 0.719, 0.719, 0.719, 0.719, 0.719, 0.719, 0.719, 0.719, 0.719, 0.719, 0.719, 0.719, 0.719, 0.719, 0.719, 0.72, 0.72, 0.72, 0.719, 0.719, 0.719, 0.719, 0.719, 0.72, 0.72, 0.72, 0.72, 0.72, 0.72, 0.72, 0.721, 0.721, 0.721, 0.721, 0.721, 0.721, 0.721, 0.721, 0.721, 0.721, 0.721, 0.721, 0.722, 0.722, 0.722, 0.722, 0.722, 0.722, 0.722, 0.722, 0.722, 0.723, 0.723, 0.723, 0.723, 0.723, 0.723, 0.723, 0.724, 0.723, 0.724, 0.724, 0.724, 0.724, 0.724, 0.724, 0.724, 0.724, 0.724, 0.724, 0.724, 0.724, 0.723, 0.723, 0.723, 0.723, 0.723, 0.723, 0.723, 0.723, 0.724, 0.724, 0.724, 0.724, 0.724, 0.723, 0.723, 0.723, 0.723, 0.723, 0.723, 0.723, 0.723, 0.723, 0.723, 0.723, 0.723, 0.723, 0.723, 0.723, 0.723, 0.723, 0.723, 0.723, 0.723, 0.723, 0.722, 0.722, 0.722, 0.722, 0.722, 0.722, 0.722, 0.722, 0.722, 0.722, 0.722, 0.722, 0.722, 0.722, 0.722, 0.722, 0.722, 0.722, 0.722, 0.722, 0.722, 0.721, 0.721, 0.722, 0.721, 0.721, 0.72, 0.721, 0.721, 0.72, 0.72, 0.72, 0.72, 0.72, 0.72, 0.72]
best validation: 0.716
best test: 0.743
num distinct structures: 2365
Experiment run 1
dataset: Cora
num_mp_layers: 2
num_fl_layers: 2
mp_hidden_dim: 3000
fl_hidden_dim: 512
epsilon: 1.118033988749895
optimizer_lr: 0.01
loss_func: CrossEntropyLoss
total_epoch: 400
Epoch: 50, Loss: 1.3710, Train: 85.71%, Valid: 57.00%, Test: 57.20%, Best Valid: 57.40%, Best Test: 61.90%
Epoch: 100, Loss: 0.2218, Train: 100.00%, Valid: 75.00%, Test: 77.90%, Best Valid: 75.40%, Best Test: 77.90%
Epoch: 150, Loss: 0.0496, Train: 100.00%, Valid: 74.40%, Test: 77.70%, Best Valid: 75.40%, Best Test: 78.20%
Epoch: 200, Loss: 0.0208, Train: 100.00%, Valid: 74.20%, Test: 77.80%, Best Valid: 75.40%, Best Test: 78.20%
Epoch: 250, Loss: 0.0117, Train: 100.00%, Valid: 74.20%, Test: 77.70%, Best Valid: 75.40%, Best Test: 78.20%
Epoch: 300, Loss: 0.0076, Train: 100.00%, Valid: 74.20%, Test: 77.20%, Best Valid: 75.40%, Best Test: 78.20%
Epoch: 350, Loss: 0.0054, Train: 100.00%, Valid: 73.60%, Test: 77.20%, Best Valid: 75.40%, Best Test: 78.20%
train_accuracy_list: [0.14285714285714285, 0.21428571428571427, 0.14285714285714285, 0.14285714285714285, 0.14285714285714285, 0.14285714285714285, 0.14285714285714285, 0.14285714285714285, 0.14285714285714285, 0.14285714285714285, 0.14285714285714285, 0.14285714285714285, 0.20714285714285716, 0.39285714285714285, 0.36428571428571427, 0.3, 0.29285714285714287, 0.30714285714285716, 0.25, 0.19285714285714287, 0.17857142857142858, 0.25, 0.24285714285714285, 0.17142857142857143, 0.3, 0.4142857142857143, 0.4357142857142857, 0.5571428571428572, 0.4857142857142857, 0.4142857142857143, 0.36428571428571427, 0.32142857142857145, 0.42142857142857143, 0.6785714285714286, 0.7571428571428571, 0.7071428571428572, 0.6785714285714286, 0.7285714285714285, 0.7642857142857142, 0.7857142857142857, 0.8357142857142857, 0.85, 0.8428571428571429, 0.8214285714285714, 0.8285714285714286, 0.8357142857142857, 0.8357142857142857, 0.8357142857142857, 0.8428571428571429, 0.8571428571428571, 0.8857142857142857, 0.8928571428571429, 0.9071428571428571, 0.9071428571428571, 0.9285714285714286, 0.9357142857142857, 0.9142857142857143, 0.9142857142857143, 0.9071428571428571, 0.9214285714285714, 0.9214285714285714, 0.9214285714285714, 0.9142857142857143, 0.9142857142857143, 0.9285714285714286, 0.95, 0.9571428571428572, 0.9571428571428572, 0.95, 0.95, 0.95, 0.95, 0.9571428571428572, 0.9642857142857143, 0.9714285714285714, 0.9714285714285714, 0.9714285714285714, 0.9714285714285714, 0.9642857142857143, 0.9642857142857143, 0.9642857142857143, 0.9714285714285714, 0.9714285714285714, 0.9714285714285714, 0.9714285714285714, 0.9714285714285714, 0.9714285714285714, 0.9785714285714285, 0.9857142857142858, 0.9857142857142858, 0.9857142857142858, 0.9857142857142858, 0.9857142857142858, 0.9928571428571429, 0.9928571428571429, 0.9928571428571429, 0.9928571428571429, 1.0, 1.0, 1.0, 1.0, 1.0, 1.0, 1.0, 1.0, 1.0, 1.0, 1.0, 1.0, 1.0, 1.0, 1.0, 1.0, 1.0, 1.0, 1.0, 1.0, 1.0, 1.0, 1.0, 1.0, 1.0, 1.0, 1.0, 1.0, 1.0, 1.0, 1.0, 1.0, 1.0, 1.0, 1.0, 1.0, 1.0, 1.0, 1.0, 1.0, 1.0, 1.0, 1.0, 1.0, 1.0, 1.0, 1.0, 1.0, 1.0, 1.0, 1.0, 1.0, 1.0, 1.0, 1.0, 1.0, 1.0, 1.0, 1.0, 1.0, 1.0, 1.0, 1.0, 1.0, 1.0, 1.0, 1.0, 1.0, 1.0, 1.0, 1.0, 1.0, 1.0, 1.0, 1.0, 1.0, 1.0, 1.0, 1.0, 1.0, 1.0, 1.0, 1.0, 1.0, 1.0, 1.0, 1.0, 1.0, 1.0, 1.0, 1.0, 1.0, 1.0, 1.0, 1.0, 1.0, 1.0, 1.0, 1.0, 1.0, 1.0, 1.0, 1.0, 1.0, 1.0, 1.0, 1.0, 1.0, 1.0, 1.0, 1.0, 1.0, 1.0, 1.0, 1.0, 1.0, 1.0, 1.0, 1.0, 1.0, 1.0, 1.0, 1.0, 1.0, 1.0, 1.0, 1.0, 1.0, 1.0, 1.0, 1.0, 1.0, 1.0, 1.0, 1.0, 1.0, 1.0, 1.0, 1.0, 1.0, 1.0, 1.0, 1.0, 1.0, 1.0, 1.0, 1.0, 1.0, 1.0, 1.0, 1.0, 1.0, 1.0, 1.0, 1.0, 1.0, 1.0, 1.0, 1.0, 1.0, 1.0, 1.0, 1.0, 1.0, 1.0, 1.0, 1.0, 1.0, 1.0, 1.0, 1.0, 1.0, 1.0, 1.0, 1.0, 1.0, 1.0, 1.0, 1.0, 1.0, 1.0, 1.0, 1.0, 1.0, 1.0, 1.0, 1.0, 1.0, 1.0, 1.0, 1.0, 1.0, 1.0, 1.0, 1.0, 1.0, 1.0, 1.0, 1.0, 1.0, 1.0, 1.0, 1.0, 1.0, 1.0, 1.0, 1.0, 1.0, 1.0, 1.0, 1.0, 1.0, 1.0, 1.0, 1.0, 1.0, 1.0, 1.0, 1.0, 1.0, 1.0, 1.0, 1.0, 1.0, 1.0, 1.0, 1.0, 1.0, 1.0, 1.0, 1.0, 1.0, 1.0, 1.0, 1.0, 1.0, 1.0, 1.0, 1.0, 1.0, 1.0, 1.0, 1.0, 1.0, 1.0, 1.0, 1.0, 1.0, 1.0, 1.0, 1.0, 1.0, 1.0, 1.0, 1.0, 1.0, 1.0, 1.0, 1.0, 1.0, 1.0, 1.0, 1.0, 1.0, 1.0, 1.0, 1.0, 1.0, 1.0, 1.0, 1.0, 1.0, 1.0, 1.0, 1.0, 1.0, 1.0, 1.0, 1.0, 1.0, 1.0, 1.0, 1.0, 1.0, 1.0, 1.0, 1.0, 1.0, 1.0, 1.0, 1.0, 1.0, 1.0, 1.0, 1.0, 1.0, 1.0, 1.0, 1.0, 1.0, 1.0, 1.0]
valid_accuracy_list: [0.122, 0.188, 0.162, 0.114, 0.058, 0.316, 0.162, 0.156, 0.072, 0.114, 0.114, 0.114, 0.13, 0.302, 0.418, 0.412, 0.34, 0.308, 0.12, 0.068, 0.062, 0.108, 0.178, 0.166, 0.216, 0.294, 0.296, 0.274, 0.266, 0.182, 0.15, 0.162, 0.208, 0.354, 0.574, 0.528, 0.502, 0.512, 0.552, 0.57, 0.574, 0.568, 0.532, 0.51, 0.506, 0.514, 0.53, 0.536, 0.558, 0.57, 0.602, 0.64, 0.646, 0.662, 0.688, 0.69, 0.684, 0.68, 0.664, 0.65, 0.652, 0.648, 0.652, 0.652, 0.68, 0.694, 0.704, 0.716, 0.718, 0.728, 0.728, 0.724, 0.726, 0.726, 0.726, 0.73, 0.726, 0.736, 0.74, 0.748, 0.746, 0.746, 0.746, 0.748, 0.748, 0.752, 0.752, 0.752, 0.75, 0.754, 0.75, 0.752, 0.75, 0.752, 0.754, 0.75, 0.75, 0.75, 0.752, 0.75, 0.754, 0.754, 0.75, 0.748, 0.748, 0.748, 0.748, 0.748, 0.748, 0.746, 0.742, 0.742, 0.736, 0.734, 0.736, 0.74, 0.742, 0.742, 0.742, 0.742, 0.742, 0.742, 0.74, 0.738, 0.738, 0.738, 0.738, 0.738, 0.738, 0.738, 0.74, 0.738, 0.74, 0.74, 0.74, 0.742, 0.742, 0.742, 0.742, 0.74, 0.742, 0.742, 0.742, 0.744, 0.742, 0.742, 0.742, 0.744, 0.744, 0.744, 0.744, 0.744, 0.744, 0.744, 0.744, 0.744, 0.744, 0.746, 0.748, 0.748, 0.746, 0.746, 0.746, 0.746, 0.746, 0.746, 0.746, 0.746, 0.746, 0.746, 0.746, 0.746, 0.746, 0.746, 0.746, 0.746, 0.746, 0.746, 0.744, 0.744, 0.744, 0.744, 0.744, 0.744, 0.744, 0.744, 0.744, 0.744, 0.744, 0.742, 0.742, 0.742, 0.742, 0.742, 0.742, 0.742, 0.742, 0.742, 0.742, 0.742, 0.742, 0.746, 0.746, 0.746, 0.746, 0.746, 0.746, 0.746, 0.746, 0.746, 0.746, 0.746, 0.746, 0.744, 0.744, 0.744, 0.744, 0.744, 0.746, 0.746, 0.746, 0.746, 0.746, 0.746, 0.746, 0.746, 0.746, 0.746, 0.746, 0.746, 0.746, 0.746, 0.746, 0.746, 0.746, 0.746, 0.746, 0.746, 0.746, 0.746, 0.744, 0.744, 0.744, 0.744, 0.742, 0.742, 0.742, 0.742, 0.742, 0.742, 0.742, 0.742, 0.742, 0.742, 0.742, 0.742, 0.742, 0.742, 0.742, 0.742, 0.742, 0.742, 0.744, 0.744, 0.744, 0.744, 0.744, 0.744, 0.744, 0.744, 0.744, 0.744, 0.744, 0.744, 0.744, 0.744, 0.744, 0.744, 0.744, 0.744, 0.744, 0.744, 0.744, 0.744, 0.744, 0.744, 0.744, 0.744, 0.744, 0.744, 0.744, 0.742, 0.742, 0.742, 0.742, 0.742, 0.742, 0.742, 0.742, 0.742, 0.742, 0.74, 0.74, 0.74, 0.74, 0.74, 0.74, 0.74, 0.74, 0.74, 0.74, 0.74, 0.74, 0.74, 0.74, 0.738, 0.738, 0.738, 0.738, 0.738, 0.738, 0.738, 0.738, 0.738, 0.738, 0.738, 0.738, 0.736, 0.736, 0.736, 0.736, 0.736, 0.736, 0.736, 0.736, 0.736, 0.736, 0.736, 0.736, 0.736, 0.736, 0.736, 0.736, 0.736, 0.736, 0.736, 0.736, 0.736, 0.736, 0.736, 0.736, 0.736, 0.736, 0.736, 0.736, 0.736, 0.736, 0.736, 0.736, 0.736, 0.736, 0.736, 0.736, 0.736, 0.736, 0.736, 0.736, 0.736, 0.736, 0.736, 0.736, 0.736, 0.736, 0.736, 0.736, 0.736, 0.736, 0.736, 0.736, 0.736, 0.736, 0.736, 0.736, 0.736, 0.736, 0.736, 0.736, 0.736, 0.736, 0.736, 0.736, 0.736, 0.736, 0.738, 0.738, 0.738, 0.738, 0.738, 0.738]
test_accuracy_list: [0.13, 0.176, 0.149, 0.103, 0.064, 0.319, 0.149, 0.144, 0.091, 0.103, 0.103, 0.103, 0.121, 0.281, 0.412, 0.399, 0.348, 0.334, 0.171, 0.079, 0.076, 0.117, 0.185, 0.158, 0.199, 0.301, 0.298, 0.29, 0.255, 0.184, 0.157, 0.152, 0.178, 0.359, 0.56, 0.54, 0.51, 0.525, 0.551, 0.594, 0.619, 0.602, 0.562, 0.53, 0.516, 0.53, 0.539, 0.54, 0.547, 0.572, 0.619, 0.654, 0.688, 0.715, 0.718, 0.717, 0.712, 0.703, 0.698, 0.694, 0.681, 0.684, 0.693, 0.694, 0.705, 0.722, 0.726, 0.735, 0.741, 0.746, 0.745, 0.75, 0.748, 0.747, 0.746, 0.747, 0.75, 0.753, 0.753, 0.759, 0.759, 0.76, 0.766, 0.767, 0.771, 0.771, 0.771, 0.772, 0.772, 0.771, 0.774, 0.774, 0.775, 0.776, 0.777, 0.779, 0.778, 0.777, 0.776, 0.779, 0.78, 0.78, 0.78, 0.782, 0.78, 0.778, 0.781, 0.78, 0.78, 0.78, 0.779, 0.78, 0.78, 0.78, 0.781, 0.782, 0.782, 0.782, 0.782, 0.782, 0.781, 0.78, 0.779, 0.779, 0.779, 0.778, 0.778, 0.776, 0.779, 0.779, 0.779, 0.779, 0.778, 0.779, 0.779, 0.779, 0.779, 0.778, 0.778, 0.777, 0.777, 0.777, 0.776, 0.776, 0.777, 0.777, 0.777, 0.777, 0.777, 0.777, 0.777, 0.777, 0.777, 0.779, 0.779, 0.781, 0.78, 0.78, 0.78, 0.781, 0.78, 0.78, 0.78, 0.78, 0.781, 0.781, 0.78, 0.78, 0.78, 0.782, 0.782, 0.782, 0.781, 0.781, 0.781, 0.781, 0.779, 0.779, 0.78, 0.78, 0.78, 0.78, 0.78, 0.78, 0.78, 0.78, 0.78, 0.78, 0.781, 0.781, 0.781, 0.78, 0.78, 0.779, 0.779, 0.779, 0.779, 0.778, 0.778, 0.778, 0.777, 0.776, 0.776, 0.776, 0.776, 0.776, 0.777, 0.777, 0.777, 0.777, 0.777, 0.778, 0.778, 0.778, 0.777, 0.777, 0.777, 0.777, 0.776, 0.776, 0.775, 0.775, 0.775, 0.775, 0.775, 0.775, 0.776, 0.776, 0.776, 0.776, 0.776, 0.776, 0.776, 0.777, 0.777, 0.777, 0.777, 0.777, 0.777, 0.777, 0.777, 0.777, 0.777, 0.777, 0.777, 0.777, 0.777, 0.777, 0.777, 0.777, 0.777, 0.777, 0.776, 0.775, 0.775, 0.775, 0.775, 0.775, 0.775, 0.775, 0.775, 0.775, 0.775, 0.775, 0.775, 0.774, 0.773, 0.773, 0.773, 0.773, 0.773, 0.772, 0.771, 0.771, 0.77, 0.771, 0.771, 0.771, 0.771, 0.771, 0.771, 0.771, 0.771, 0.771, 0.771, 0.771, 0.771, 0.771, 0.771, 0.771, 0.771, 0.771, 0.771, 0.771, 0.771, 0.772, 0.772, 0.772, 0.772, 0.772, 0.772, 0.771, 0.771, 0.771, 0.771, 0.771, 0.771, 0.771, 0.771, 0.772, 0.772, 0.772, 0.772, 0.772, 0.772, 0.772, 0.772, 0.772, 0.772, 0.771, 0.771, 0.771, 0.771, 0.771, 0.771, 0.771, 0.771, 0.771, 0.772, 0.772, 0.772, 0.772, 0.772, 0.772, 0.772, 0.772, 0.772, 0.772, 0.772, 0.772, 0.772, 0.772, 0.772, 0.772, 0.772, 0.772, 0.772, 0.772, 0.772, 0.772, 0.772, 0.772, 0.772, 0.772, 0.772, 0.772, 0.772, 0.772, 0.772, 0.772, 0.772, 0.772, 0.772, 0.772, 0.772, 0.772, 0.772, 0.772, 0.772, 0.772, 0.772, 0.772, 0.772, 0.772, 0.772, 0.772, 0.772, 0.772, 0.772, 0.772, 0.772, 0.771, 0.771, 0.771, 0.771, 0.771, 0.771, 0.771, 0.77, 0.77, 0.77, 0.77, 0.77, 0.77, 0.77, 0.77, 0.77, 0.77, 0.77]
best validation: 0.754
best test: 0.782
num distinct structures: 2365
Experiment run 2
dataset: Cora
num_mp_layers: 3
num_fl_layers: 2
mp_hidden_dim: 3000
fl_hidden_dim: 512
epsilon: 1.118033988749895
optimizer_lr: 0.01
loss_func: CrossEntropyLoss
total_epoch: 400
Epoch: 50, Loss: 1.6121, Train: 75.00%, Valid: 45.40%, Test: 43.30%, Best Valid: 62.80%, Best Test: 64.40%
Epoch: 100, Loss: 0.4923, Train: 94.29%, Valid: 75.40%, Test: 76.20%, Best Valid: 75.40%, Best Test: 76.20%
Epoch: 150, Loss: 0.1341, Train: 100.00%, Valid: 76.40%, Test: 79.10%, Best Valid: 76.80%, Best Test: 79.50%
Epoch: 200, Loss: 0.0548, Train: 100.00%, Valid: 75.20%, Test: 78.80%, Best Valid: 76.80%, Best Test: 79.50%
Epoch: 250, Loss: 0.0284, Train: 100.00%, Valid: 75.60%, Test: 78.70%, Best Valid: 76.80%, Best Test: 79.50%
Epoch: 300, Loss: 0.0172, Train: 100.00%, Valid: 75.80%, Test: 78.80%, Best Valid: 76.80%, Best Test: 79.50%
Epoch: 350, Loss: 0.0115, Train: 100.00%, Valid: 75.80%, Test: 78.60%, Best Valid: 76.80%, Best Test: 79.50%
train_accuracy_list: [0.14285714285714285, 0.14285714285714285, 0.14285714285714285, 0.14285714285714285, 0.14285714285714285, 0.14285714285714285, 0.14285714285714285, 0.14285714285714285, 0.14285714285714285, 0.14285714285714285, 0.14285714285714285, 0.15, 0.14285714285714285, 0.2785714285714286, 0.2, 0.17142857142857143, 0.15714285714285714, 0.15714285714285714, 0.2, 0.25, 0.39285714285714285, 0.21428571428571427, 0.2, 0.2, 0.2, 0.21428571428571427, 0.3142857142857143, 0.4857142857142857, 0.30714285714285716, 0.30714285714285716, 0.4357142857142857, 0.6, 0.4642857142857143, 0.39285714285714285, 0.38571428571428573, 0.4, 0.4857142857142857, 0.6285714285714286, 0.6785714285714286, 0.55, 0.45, 0.45, 0.5071428571428571, 0.6571428571428571, 0.7642857142857142, 0.85, 0.8357142857142857, 0.8285714285714286, 0.8, 0.75, 0.7571428571428571, 0.7857142857142857, 0.7857142857142857, 0.7857142857142857, 0.8142857142857143, 0.8142857142857143, 0.8214285714285714, 0.8357142857142857, 0.8428571428571429, 0.8428571428571429, 0.85, 0.85, 0.8428571428571429, 0.8357142857142857, 0.85, 0.8428571428571429, 0.8571428571428571, 0.8428571428571429, 0.8571428571428571, 0.8642857142857143, 0.8642857142857143, 0.8714285714285714, 0.8857142857142857, 0.8857142857142857, 0.8857142857142857, 0.8928571428571429, 0.8928571428571429, 0.8857142857142857, 0.8928571428571429, 0.9071428571428571, 0.9142857142857143, 0.9142857142857143, 0.9142857142857143, 0.9142857142857143, 0.9142857142857143, 0.9142857142857143, 0.9071428571428571, 0.9071428571428571, 0.9071428571428571, 0.9071428571428571, 0.9142857142857143, 0.9285714285714286, 0.9285714285714286, 0.9357142857142857, 0.9357142857142857, 0.9357142857142857, 0.9357142857142857, 0.9357142857142857, 0.9357142857142857, 0.9428571428571428, 0.9428571428571428, 0.95, 0.95, 0.95, 0.9571428571428572, 0.9642857142857143, 0.9642857142857143, 0.9642857142857143, 0.9642857142857143, 0.9642857142857143, 0.9642857142857143, 0.9642857142857143, 0.9642857142857143, 0.9642857142857143, 0.9642857142857143, 0.9642857142857143, 0.9714285714285714, 0.9714285714285714, 0.9714285714285714, 0.9714285714285714, 0.9714285714285714, 0.9714285714285714, 0.9714285714285714, 0.9785714285714285, 0.9785714285714285, 0.9785714285714285, 0.9785714285714285, 0.9785714285714285, 0.9857142857142858, 0.9857142857142858, 0.9857142857142858, 0.9857142857142858, 0.9857142857142858, 0.9857142857142858, 0.9857142857142858, 0.9928571428571429, 0.9928571428571429, 0.9928571428571429, 0.9928571428571429, 0.9928571428571429, 0.9928571428571429, 0.9928571428571429, 0.9928571428571429, 0.9928571428571429, 1.0, 1.0, 1.0, 1.0, 1.0, 1.0, 1.0, 1.0, 1.0, 1.0, 1.0, 1.0, 1.0, 1.0, 1.0, 1.0, 1.0, 1.0, 1.0, 1.0, 1.0, 1.0, 1.0, 1.0, 1.0, 1.0, 1.0, 1.0, 1.0, 1.0, 1.0, 1.0, 1.0, 1.0, 1.0, 1.0, 1.0, 1.0, 1.0, 1.0, 1.0, 1.0, 1.0, 1.0, 1.0, 1.0, 1.0, 1.0, 1.0, 1.0, 1.0, 1.0, 1.0, 1.0, 1.0, 1.0, 1.0, 1.0, 1.0, 1.0, 1.0, 1.0, 1.0, 1.0, 1.0, 1.0, 1.0, 1.0, 1.0, 1.0, 1.0, 1.0, 1.0, 1.0, 1.0, 1.0, 1.0, 1.0, 1.0, 1.0, 1.0, 1.0, 1.0, 1.0, 1.0, 1.0, 1.0, 1.0, 1.0, 1.0, 1.0, 1.0, 1.0, 1.0, 1.0, 1.0, 1.0, 1.0, 1.0, 1.0, 1.0, 1.0, 1.0, 1.0, 1.0, 1.0, 1.0, 1.0, 1.0, 1.0, 1.0, 1.0, 1.0, 1.0, 1.0, 1.0, 1.0, 1.0, 1.0, 1.0, 1.0, 1.0, 1.0, 1.0, 1.0, 1.0, 1.0, 1.0, 1.0, 1.0, 1.0, 1.0, 1.0, 1.0, 1.0, 1.0, 1.0, 1.0, 1.0, 1.0, 1.0, 1.0, 1.0, 1.0, 1.0, 1.0, 1.0, 1.0, 1.0, 1.0, 1.0, 1.0, 1.0, 1.0, 1.0, 1.0, 1.0, 1.0, 1.0, 1.0, 1.0, 1.0, 1.0, 1.0, 1.0, 1.0, 1.0, 1.0, 1.0, 1.0, 1.0, 1.0, 1.0, 1.0, 1.0, 1.0, 1.0, 1.0, 1.0, 1.0, 1.0, 1.0, 1.0, 1.0, 1.0, 1.0, 1.0, 1.0, 1.0, 1.0, 1.0, 1.0, 1.0, 1.0, 1.0, 1.0, 1.0, 1.0, 1.0, 1.0, 1.0, 1.0, 1.0, 1.0, 1.0, 1.0, 1.0, 1.0, 1.0, 1.0, 1.0, 1.0, 1.0, 1.0, 1.0, 1.0, 1.0, 1.0, 1.0, 1.0, 1.0, 1.0, 1.0, 1.0, 1.0, 1.0, 1.0, 1.0, 1.0, 1.0, 1.0, 1.0, 1.0, 1.0, 1.0, 1.0, 1.0, 1.0, 1.0, 1.0, 1.0, 1.0, 1.0, 1.0, 1.0, 1.0, 1.0, 1.0, 1.0, 1.0, 1.0, 1.0, 1.0, 1.0, 1.0]
valid_accuracy_list: [0.122, 0.122, 0.122, 0.162, 0.072, 0.156, 0.162, 0.122, 0.058, 0.114, 0.316, 0.072, 0.072, 0.214, 0.17, 0.164, 0.162, 0.164, 0.174, 0.21, 0.29, 0.146, 0.146, 0.144, 0.148, 0.148, 0.15, 0.4, 0.314, 0.294, 0.346, 0.358, 0.26, 0.242, 0.244, 0.244, 0.274, 0.37, 0.382, 0.256, 0.214, 0.228, 0.258, 0.382, 0.528, 0.628, 0.608, 0.55, 0.494, 0.454, 0.44, 0.446, 0.454, 0.458, 0.47, 0.498, 0.566, 0.604, 0.614, 0.62, 0.61, 0.592, 0.582, 0.57, 0.578, 0.58, 0.598, 0.618, 0.634, 0.65, 0.652, 0.656, 0.654, 0.656, 0.658, 0.668, 0.688, 0.688, 0.69, 0.696, 0.702, 0.704, 0.704, 0.708, 0.722, 0.728, 0.728, 0.732, 0.736, 0.736, 0.744, 0.744, 0.746, 0.748, 0.752, 0.754, 0.752, 0.754, 0.754, 0.754, 0.76, 0.762, 0.762, 0.764, 0.758, 0.758, 0.76, 0.758, 0.758, 0.76, 0.762, 0.764, 0.762, 0.76, 0.76, 0.758, 0.76, 0.756, 0.756, 0.756, 0.758, 0.756, 0.756, 0.756, 0.758, 0.76, 0.764, 0.766, 0.768, 0.766, 0.766, 0.764, 0.764, 0.764, 0.766, 0.766, 0.766, 0.766, 0.766, 0.766, 0.764, 0.764, 0.764, 0.764, 0.764, 0.764, 0.766, 0.766, 0.766, 0.764, 0.764, 0.762, 0.762, 0.762, 0.762, 0.762, 0.76, 0.76, 0.76, 0.758, 0.758, 0.758, 0.756, 0.752, 0.752, 0.752, 0.75, 0.75, 0.75, 0.754, 0.754, 0.754, 0.754, 0.754, 0.752, 0.752, 0.75, 0.75, 0.75, 0.75, 0.75, 0.752, 0.752, 0.752, 0.752, 0.752, 0.752, 0.752, 0.752, 0.752, 0.752, 0.752, 0.752, 0.752, 0.752, 0.752, 0.752, 0.752, 0.752, 0.752, 0.752, 0.752, 0.752, 0.752, 0.752, 0.752, 0.752, 0.752, 0.752, 0.752, 0.752, 0.75, 0.75, 0.75, 0.75, 0.75, 0.75, 0.752, 0.752, 0.752, 0.752, 0.752, 0.752, 0.752, 0.752, 0.752, 0.752, 0.752, 0.752, 0.754, 0.752, 0.752, 0.752, 0.752, 0.752, 0.752, 0.75, 0.75, 0.752, 0.752, 0.752, 0.752, 0.752, 0.752, 0.752, 0.754, 0.754, 0.754, 0.754, 0.756, 0.756, 0.756, 0.756, 0.756, 0.756, 0.756, 0.756, 0.758, 0.758, 0.758, 0.758, 0.758, 0.758, 0.758, 0.758, 0.756, 0.756, 0.756, 0.756, 0.756, 0.756, 0.756, 0.756, 0.756, 0.756, 0.756, 0.756, 0.756, 0.756, 0.758, 0.758, 0.758, 0.758, 0.758, 0.758, 0.758, 0.758, 0.758, 0.758, 0.758, 0.758, 0.758, 0.758, 0.758, 0.758, 0.758, 0.758, 0.758, 0.758, 0.758, 0.758, 0.758, 0.758, 0.758, 0.758, 0.758, 0.758, 0.758, 0.758, 0.758, 0.758, 0.758, 0.758, 0.758, 0.758, 0.758, 0.758, 0.758, 0.758, 0.758, 0.758, 0.758, 0.758, 0.758, 0.758, 0.76, 0.76, 0.76, 0.76, 0.76, 0.758, 0.758, 0.758, 0.758, 0.758, 0.758, 0.758, 0.758, 0.758, 0.758, 0.758, 0.758, 0.758, 0.758, 0.758, 0.758, 0.758, 0.758, 0.758, 0.758, 0.758, 0.758, 0.758, 0.758, 0.758, 0.758, 0.758, 0.758, 0.758, 0.758, 0.758, 0.758, 0.758, 0.758, 0.758, 0.758, 0.758, 0.758, 0.758, 0.758, 0.758, 0.758, 0.758, 0.758, 0.758, 0.758, 0.758, 0.758, 0.758, 0.758, 0.758, 0.758, 0.758, 0.758, 0.758, 0.758, 0.758, 0.758, 0.758, 0.758, 0.758, 0.758, 0.758, 0.758, 0.756, 0.756, 0.756, 0.756, 0.756]
test_accuracy_list: [0.13, 0.13, 0.13, 0.149, 0.091, 0.144, 0.149, 0.13, 0.064, 0.103, 0.319, 0.093, 0.091, 0.196, 0.154, 0.149, 0.149, 0.154, 0.164, 0.194, 0.254, 0.149, 0.146, 0.144, 0.143, 0.148, 0.176, 0.45, 0.355, 0.34, 0.399, 0.371, 0.253, 0.24, 0.243, 0.248, 0.264, 0.327, 0.349, 0.257, 0.223, 0.228, 0.272, 0.391, 0.551, 0.644, 0.63, 0.563, 0.477, 0.433, 0.427, 0.428, 0.43, 0.44, 0.468, 0.508, 0.56, 0.616, 0.637, 0.638, 0.624, 0.606, 0.589, 0.585, 0.58, 0.59, 0.61, 0.633, 0.65, 0.668, 0.674, 0.674, 0.674, 0.672, 0.683, 0.694, 0.704, 0.708, 0.715, 0.716, 0.717, 0.72, 0.724, 0.727, 0.733, 0.737, 0.743, 0.744, 0.747, 0.747, 0.747, 0.746, 0.749, 0.752, 0.758, 0.761, 0.761, 0.758, 0.761, 0.762, 0.768, 0.768, 0.772, 0.772, 0.771, 0.771, 0.773, 0.771, 0.773, 0.774, 0.775, 0.778, 0.779, 0.78, 0.78, 0.779, 0.78, 0.781, 0.781, 0.78, 0.781, 0.783, 0.783, 0.784, 0.784, 0.783, 0.783, 0.785, 0.785, 0.786, 0.786, 0.786, 0.789, 0.789, 0.788, 0.789, 0.791, 0.792, 0.792, 0.794, 0.795, 0.794, 0.793, 0.793, 0.793, 0.793, 0.793, 0.793, 0.793, 0.791, 0.79, 0.79, 0.791, 0.791, 0.791, 0.79, 0.789, 0.789, 0.789, 0.789, 0.789, 0.789, 0.789, 0.788, 0.786, 0.786, 0.785, 0.785, 0.785, 0.785, 0.785, 0.784, 0.783, 0.783, 0.783, 0.782, 0.782, 0.783, 0.783, 0.783, 0.783, 0.783, 0.783, 0.783, 0.783, 0.782, 0.782, 0.782, 0.782, 0.782, 0.784, 0.785, 0.786, 0.786, 0.789, 0.788, 0.788, 0.788, 0.788, 0.788, 0.789, 0.789, 0.788, 0.787, 0.787, 0.787, 0.786, 0.787, 0.786, 0.786, 0.786, 0.786, 0.786, 0.786, 0.786, 0.786, 0.787, 0.787, 0.787, 0.787, 0.787, 0.787, 0.787, 0.787, 0.786, 0.785, 0.785, 0.785, 0.786, 0.786, 0.786, 0.786, 0.787, 0.787, 0.787, 0.787, 0.787, 0.787, 0.786, 0.786, 0.786, 0.787, 0.787, 0.787, 0.787, 0.787, 0.787, 0.787, 0.787, 0.787, 0.788, 0.788, 0.788, 0.789, 0.789, 0.789, 0.789, 0.789, 0.789, 0.789, 0.788, 0.788, 0.788, 0.788, 0.788, 0.788, 0.788, 0.788, 0.787, 0.787, 0.787, 0.787, 0.787, 0.787, 0.787, 0.788, 0.788, 0.788, 0.788, 0.788, 0.788, 0.788, 0.788, 0.788, 0.788, 0.789, 0.789, 0.789, 0.789, 0.789, 0.789, 0.789, 0.789, 0.789, 0.789, 0.789, 0.789, 0.788, 0.788, 0.788, 0.788, 0.788, 0.787, 0.787, 0.787, 0.787, 0.787, 0.787, 0.787, 0.787, 0.787, 0.787, 0.787, 0.787, 0.787, 0.787, 0.787, 0.787, 0.787, 0.787, 0.787, 0.787, 0.787, 0.787, 0.787, 0.787, 0.786, 0.786, 0.786, 0.786, 0.786, 0.786, 0.786, 0.786, 0.786, 0.785, 0.785, 0.785, 0.785, 0.785, 0.785, 0.785, 0.785, 0.785, 0.786, 0.786, 0.786, 0.786, 0.786, 0.786, 0.785, 0.785, 0.785, 0.785, 0.785, 0.785, 0.786, 0.786, 0.786, 0.786, 0.785, 0.785, 0.785, 0.785, 0.785, 0.785, 0.785, 0.785, 0.785, 0.785, 0.785, 0.785, 0.785, 0.785, 0.785, 0.785, 0.785, 0.785, 0.785, 0.785, 0.785, 0.785, 0.785, 0.785, 0.785, 0.785, 0.785, 0.785, 0.785, 0.784, 0.784, 0.784, 0.784, 0.784, 0.784, 0.784, 0.784, 0.784, 0.784]
best validation: 0.768
best test: 0.795
num distinct structures: 2365
Experiment run 3
dataset: Cora
num_mp_layers: 4
num_fl_layers: 2
mp_hidden_dim: 3000
fl_hidden_dim: 512
epsilon: 1.118033988749895
optimizer_lr: 0.01
loss_func: CrossEntropyLoss
total_epoch: 400
Epoch: 50, Loss: 1.7795, Train: 55.00%, Valid: 28.80%, Test: 31.20%, Best Valid: 34.40%, Best Test: 33.50%
Epoch: 100, Loss: 0.9299, Train: 86.43%, Valid: 67.00%, Test: 70.00%, Best Valid: 67.00%, Best Test: 70.00%
Epoch: 150, Loss: 0.2771, Train: 95.71%, Valid: 76.60%, Test: 79.10%, Best Valid: 77.00%, Best Test: 79.10%
Epoch: 200, Loss: 0.1137, Train: 100.00%, Valid: 77.20%, Test: 80.00%, Best Valid: 77.60%, Best Test: 80.10%
Epoch: 250, Loss: 0.0587, Train: 100.00%, Valid: 76.80%, Test: 79.60%, Best Valid: 77.60%, Best Test: 80.10%
Epoch: 300, Loss: 0.0351, Train: 100.00%, Valid: 77.00%, Test: 79.70%, Best Valid: 77.60%, Best Test: 80.10%
Epoch: 350, Loss: 0.0231, Train: 100.00%, Valid: 77.80%, Test: 79.20%, Best Valid: 77.80%, Best Test: 80.10%
train_accuracy_list: [0.15714285714285714, 0.15714285714285714, 0.15714285714285714, 0.14285714285714285, 0.14285714285714285, 0.14285714285714285, 0.14285714285714285, 0.14285714285714285, 0.14285714285714285, 0.14285714285714285, 0.14285714285714285, 0.14285714285714285, 0.14285714285714285, 0.14285714285714285, 0.14285714285714285, 0.14285714285714285, 0.14285714285714285, 0.14285714285714285, 0.29285714285714287, 0.15, 0.14285714285714285, 0.14285714285714285, 0.14285714285714285, 0.14285714285714285, 0.14285714285714285, 0.14285714285714285, 0.14285714285714285, 0.15, 0.15714285714285714, 0.18571428571428572, 0.2857142857142857, 0.2571428571428571, 0.2642857142857143, 0.30714285714285716, 0.42142857142857143, 0.5214285714285715, 0.45, 0.2785714285714286, 0.22857142857142856, 0.22142857142857142, 0.24285714285714285, 0.37857142857142856, 0.5785714285714286, 0.55, 0.42142857142857143, 0.40714285714285714, 0.42142857142857143, 0.4357142857142857, 0.5, 0.55, 0.6214285714285714, 0.6714285714285714, 0.7142857142857143, 0.7714285714285715, 0.7857142857142857, 0.7214285714285714, 0.7142857142857143, 0.7071428571428572, 0.7142857142857143, 0.7214285714285714, 0.7428571428571429, 0.7357142857142858, 0.7428571428571429, 0.7642857142857142, 0.7928571428571428, 0.8, 0.8, 0.7857142857142857, 0.7857142857142857, 0.7928571428571428, 0.8, 0.8, 0.8, 0.7785714285714286, 0.7857142857142857, 0.7857142857142857, 0.7857142857142857, 0.8, 0.8, 0.8071428571428572, 0.8071428571428572, 0.8214285714285714, 0.8214285714285714, 0.8142857142857143, 0.8142857142857143, 0.8214285714285714, 0.8357142857142857, 0.8357142857142857, 0.8357142857142857, 0.8357142857142857, 0.8428571428571429, 0.8428571428571429, 0.8428571428571429, 0.8428571428571429, 0.8428571428571429, 0.85, 0.8571428571428571, 0.8571428571428571, 0.8642857142857143, 0.8642857142857143, 0.8642857142857143, 0.8857142857142857, 0.9, 0.9, 0.9071428571428571, 0.9071428571428571, 0.9142857142857143, 0.9214285714285714, 0.9214285714285714, 0.9214285714285714, 0.9214285714285714, 0.9214285714285714, 0.9214285714285714, 0.9214285714285714, 0.9142857142857143, 0.9142857142857143, 0.9214285714285714, 0.9214285714285714, 0.9214285714285714, 0.9214285714285714, 0.9285714285714286, 0.9285714285714286, 0.9428571428571428, 0.9428571428571428, 0.95, 0.95, 0.95, 0.95, 0.95, 0.95, 0.9571428571428572, 0.9642857142857143, 0.9642857142857143, 0.9642857142857143, 0.9642857142857143, 0.9642857142857143, 0.9642857142857143, 0.9642857142857143, 0.9642857142857143, 0.9642857142857143, 0.9642857142857143, 0.9642857142857143, 0.9642857142857143, 0.9571428571428572, 0.9571428571428572, 0.9571428571428572, 0.9571428571428572, 0.9571428571428572, 0.9571428571428572, 0.9571428571428572, 0.9571428571428572, 0.9571428571428572, 0.9642857142857143, 0.9642857142857143, 0.9642857142857143, 0.9642857142857143, 0.9642857142857143, 0.9642857142857143, 0.9642857142857143, 0.9642857142857143, 0.9642857142857143, 0.9714285714285714, 0.9714285714285714, 0.9785714285714285, 0.9785714285714285, 0.9857142857142858, 0.9857142857142858, 0.9857142857142858, 0.9857142857142858, 0.9857142857142858, 0.9857142857142858, 0.9857142857142858, 0.9857142857142858, 0.9857142857142858, 0.9857142857142858, 0.9857142857142858, 0.9857142857142858, 0.9857142857142858, 0.9857142857142858, 0.9857142857142858, 0.9857142857142858, 1.0, 1.0, 1.0, 1.0, 1.0, 1.0, 1.0, 1.0, 1.0, 1.0, 1.0, 1.0, 1.0, 1.0, 1.0, 1.0, 1.0, 1.0, 1.0, 1.0, 1.0, 1.0, 1.0, 1.0, 1.0, 1.0, 1.0, 1.0, 1.0, 1.0, 1.0, 1.0, 1.0, 1.0, 1.0, 1.0, 1.0, 1.0, 1.0, 1.0, 1.0, 1.0, 1.0, 1.0, 1.0, 1.0, 1.0, 1.0, 1.0, 1.0, 1.0, 1.0, 1.0, 1.0, 1.0, 1.0, 1.0, 1.0, 1.0, 1.0, 1.0, 1.0, 1.0, 1.0, 1.0, 1.0, 1.0, 1.0, 1.0, 1.0, 1.0, 1.0, 1.0, 1.0, 1.0, 1.0, 1.0, 1.0, 1.0, 1.0, 1.0, 1.0, 1.0, 1.0, 1.0, 1.0, 1.0, 1.0, 1.0, 1.0, 1.0, 1.0, 1.0, 1.0, 1.0, 1.0, 1.0, 1.0, 1.0, 1.0, 1.0, 1.0, 1.0, 1.0, 1.0, 1.0, 1.0, 1.0, 1.0, 1.0, 1.0, 1.0, 1.0, 1.0, 1.0, 1.0, 1.0, 1.0, 1.0, 1.0, 1.0, 1.0, 1.0, 1.0, 1.0, 1.0, 1.0, 1.0, 1.0, 1.0, 1.0, 1.0, 1.0, 1.0, 1.0, 1.0, 1.0, 1.0, 1.0, 1.0, 1.0, 1.0, 1.0, 1.0, 1.0, 1.0, 1.0, 1.0, 1.0, 1.0, 1.0, 1.0, 1.0, 1.0, 1.0, 1.0, 1.0, 1.0, 1.0, 1.0, 1.0, 1.0, 1.0, 1.0, 1.0, 1.0, 1.0, 1.0, 1.0, 1.0, 1.0, 1.0, 1.0, 1.0, 1.0, 1.0, 1.0, 1.0, 1.0, 1.0, 1.0, 1.0, 1.0, 1.0, 1.0, 1.0, 1.0, 1.0, 1.0, 1.0, 1.0, 1.0, 1.0, 1.0, 1.0, 1.0, 1.0, 1.0, 1.0, 1.0, 1.0, 1.0, 1.0, 1.0, 1.0, 1.0, 1.0, 1.0, 1.0, 1.0, 1.0, 1.0, 1.0, 1.0, 1.0, 1.0, 1.0, 1.0]
valid_accuracy_list: [0.064, 0.12, 0.122, 0.316, 0.122, 0.156, 0.316, 0.162, 0.122, 0.058, 0.114, 0.316, 0.156, 0.072, 0.162, 0.058, 0.058, 0.058, 0.15, 0.128, 0.122, 0.122, 0.122, 0.122, 0.122, 0.122, 0.122, 0.124, 0.124, 0.13, 0.16, 0.152, 0.162, 0.192, 0.26, 0.344, 0.228, 0.104, 0.082, 0.076, 0.09, 0.15, 0.284, 0.266, 0.174, 0.184, 0.198, 0.21, 0.248, 0.288, 0.344, 0.356, 0.392, 0.448, 0.448, 0.424, 0.406, 0.402, 0.41, 0.42, 0.428, 0.454, 0.448, 0.458, 0.466, 0.48, 0.498, 0.506, 0.502, 0.496, 0.494, 0.48, 0.486, 0.49, 0.5, 0.498, 0.496, 0.512, 0.516, 0.518, 0.524, 0.526, 0.53, 0.534, 0.546, 0.552, 0.564, 0.578, 0.586, 0.586, 0.59, 0.586, 0.588, 0.594, 0.61, 0.624, 0.646, 0.656, 0.664, 0.67, 0.678, 0.684, 0.696, 0.696, 0.702, 0.704, 0.714, 0.72, 0.728, 0.732, 0.736, 0.74, 0.746, 0.75, 0.75, 0.754, 0.754, 0.752, 0.754, 0.754, 0.756, 0.756, 0.756, 0.758, 0.758, 0.76, 0.76, 0.76, 0.762, 0.764, 0.764, 0.764, 0.77, 0.768, 0.768, 0.77, 0.768, 0.768, 0.768, 0.766, 0.766, 0.766, 0.766, 0.766, 0.768, 0.766, 0.768, 0.768, 0.766, 0.766, 0.766, 0.766, 0.766, 0.766, 0.768, 0.768, 0.772, 0.772, 0.77, 0.768, 0.77, 0.77, 0.77, 0.77, 0.77, 0.77, 0.77, 0.77, 0.77, 0.77, 0.77, 0.77, 0.77, 0.77, 0.77, 0.772, 0.774, 0.774, 0.774, 0.774, 0.774, 0.774, 0.774, 0.774, 0.774, 0.774, 0.774, 0.776, 0.776, 0.776, 0.776, 0.772, 0.772, 0.772, 0.772, 0.772, 0.774, 0.772, 0.772, 0.772, 0.774, 0.774, 0.774, 0.774, 0.774, 0.772, 0.772, 0.772, 0.772, 0.77, 0.77, 0.77, 0.77, 0.77, 0.77, 0.77, 0.77, 0.77, 0.77, 0.77, 0.77, 0.77, 0.77, 0.77, 0.768, 0.768, 0.768, 0.768, 0.768, 0.768, 0.768, 0.768, 0.768, 0.768, 0.768, 0.768, 0.768, 0.768, 0.768, 0.768, 0.768, 0.768, 0.768, 0.768, 0.768, 0.768, 0.768, 0.768, 0.768, 0.768, 0.768, 0.768, 0.768, 0.77, 0.77, 0.77, 0.77, 0.77, 0.77, 0.77, 0.77, 0.768, 0.768, 0.768, 0.766, 0.766, 0.766, 0.766, 0.766, 0.766, 0.766, 0.766, 0.766, 0.766, 0.766, 0.766, 0.766, 0.766, 0.766, 0.766, 0.766, 0.766, 0.768, 0.768, 0.768, 0.768, 0.768, 0.77, 0.77, 0.77, 0.77, 0.77, 0.77, 0.77, 0.77, 0.77, 0.77, 0.77, 0.77, 0.77, 0.77, 0.77, 0.77, 0.77, 0.77, 0.77, 0.77, 0.77, 0.77, 0.77, 0.772, 0.772, 0.772, 0.772, 0.772, 0.772, 0.774, 0.774, 0.774, 0.774, 0.774, 0.774, 0.774, 0.774, 0.774, 0.774, 0.774, 0.774, 0.774, 0.774, 0.774, 0.774, 0.776, 0.776, 0.778, 0.778, 0.778, 0.778, 0.778, 0.778, 0.778, 0.778, 0.778, 0.778, 0.778, 0.778, 0.778, 0.778, 0.778, 0.778, 0.778, 0.778, 0.778, 0.778, 0.776, 0.776, 0.776, 0.776, 0.776, 0.776, 0.776, 0.776, 0.776, 0.776, 0.776, 0.776, 0.776, 0.776, 0.776, 0.776, 0.776, 0.776, 0.776, 0.776, 0.776, 0.776, 0.776, 0.776, 0.776, 0.776, 0.776, 0.778, 0.778, 0.778, 0.778, 0.778, 0.778, 0.778, 0.778, 0.778, 0.78, 0.78, 0.78, 0.78, 0.78, 0.78, 0.78, 0.78, 0.78]
test_accuracy_list: [0.063, 0.131, 0.133, 0.319, 0.13, 0.144, 0.319, 0.149, 0.13, 0.064, 0.103, 0.319, 0.144, 0.091, 0.149, 0.064, 0.064, 0.064, 0.13, 0.134, 0.13, 0.13, 0.13, 0.13, 0.13, 0.13, 0.13, 0.13, 0.131, 0.136, 0.174, 0.156, 0.176, 0.201, 0.26, 0.335, 0.214, 0.122, 0.097, 0.088, 0.1, 0.156, 0.301, 0.258, 0.2, 0.199, 0.216, 0.238, 0.276, 0.312, 0.36, 0.373, 0.405, 0.446, 0.461, 0.42, 0.38, 0.372, 0.384, 0.403, 0.417, 0.437, 0.447, 0.457, 0.466, 0.48, 0.493, 0.504, 0.499, 0.489, 0.488, 0.481, 0.479, 0.487, 0.489, 0.5, 0.509, 0.521, 0.522, 0.538, 0.537, 0.537, 0.541, 0.545, 0.556, 0.567, 0.585, 0.606, 0.619, 0.63, 0.632, 0.634, 0.633, 0.638, 0.649, 0.664, 0.67, 0.686, 0.693, 0.7, 0.707, 0.715, 0.723, 0.73, 0.738, 0.741, 0.74, 0.747, 0.757, 0.764, 0.767, 0.769, 0.773, 0.775, 0.776, 0.776, 0.778, 0.781, 0.78, 0.78, 0.779, 0.778, 0.782, 0.785, 0.785, 0.782, 0.781, 0.78, 0.782, 0.781, 0.783, 0.785, 0.784, 0.785, 0.787, 0.788, 0.788, 0.787, 0.787, 0.788, 0.789, 0.79, 0.789, 0.79, 0.789, 0.787, 0.786, 0.79, 0.79, 0.791, 0.793, 0.794, 0.794, 0.794, 0.795, 0.796, 0.796, 0.795, 0.796, 0.797, 0.797, 0.797, 0.797, 0.796, 0.797, 0.797, 0.799, 0.798, 0.799, 0.797, 0.797, 0.797, 0.797, 0.797, 0.797, 0.797, 0.799, 0.799, 0.799, 0.799, 0.799, 0.799, 0.8, 0.801, 0.801, 0.801, 0.8, 0.8, 0.801, 0.801, 0.801, 0.801, 0.801, 0.801, 0.8, 0.8, 0.8, 0.801, 0.801, 0.8, 0.8, 0.8, 0.799, 0.799, 0.799, 0.8, 0.8, 0.8, 0.8, 0.8, 0.799, 0.799, 0.799, 0.799, 0.799, 0.799, 0.799, 0.798, 0.797, 0.797, 0.796, 0.796, 0.796, 0.796, 0.797, 0.797, 0.797, 0.797, 0.797, 0.797, 0.798, 0.798, 0.798, 0.798, 0.796, 0.795, 0.794, 0.794, 0.794, 0.794, 0.794, 0.794, 0.794, 0.794, 0.795, 0.796, 0.796, 0.796, 0.796, 0.796, 0.797, 0.797, 0.798, 0.798, 0.798, 0.798, 0.798, 0.798, 0.798, 0.798, 0.798, 0.799, 0.799, 0.799, 0.799, 0.799, 0.798, 0.8, 0.8, 0.801, 0.801, 0.801, 0.801, 0.8, 0.798, 0.798, 0.798, 0.798, 0.798, 0.798, 0.798, 0.798, 0.799, 0.799, 0.799, 0.8, 0.8, 0.8, 0.8, 0.8, 0.799, 0.799, 0.798, 0.798, 0.798, 0.798, 0.797, 0.797, 0.797, 0.797, 0.795, 0.795, 0.795, 0.795, 0.795, 0.795, 0.795, 0.795, 0.795, 0.795, 0.795, 0.796, 0.796, 0.796, 0.796, 0.796, 0.797, 0.797, 0.796, 0.796, 0.796, 0.796, 0.796, 0.796, 0.796, 0.795, 0.795, 0.795, 0.794, 0.794, 0.794, 0.794, 0.794, 0.794, 0.794, 0.794, 0.794, 0.794, 0.794, 0.793, 0.793, 0.793, 0.793, 0.792, 0.793, 0.793, 0.793, 0.793, 0.793, 0.792, 0.792, 0.792, 0.792, 0.792, 0.792, 0.792, 0.792, 0.792, 0.792, 0.792, 0.792, 0.792, 0.792, 0.792, 0.792, 0.792, 0.792, 0.791, 0.791, 0.791, 0.791, 0.791, 0.79, 0.79, 0.79, 0.79, 0.79, 0.79, 0.79, 0.79, 0.79, 0.79, 0.791, 0.79, 0.79, 0.79, 0.79, 0.79, 0.79, 0.791, 0.791, 0.791, 0.791, 0.791, 0.791, 0.791, 0.791, 0.791, 0.791]
best validation: 0.78
best test: 0.801
num distinct structures: 2365
Experiment run 4
dataset: Cora
num_mp_layers: 5
num_fl_layers: 2
mp_hidden_dim: 3000
fl_hidden_dim: 512
epsilon: 1.118033988749895
optimizer_lr: 0.01
loss_func: CrossEntropyLoss
total_epoch: 400
Epoch: 50, Loss: 1.8587, Train: 49.29%, Valid: 30.60%, Test: 29.90%, Best Valid: 33.80%, Best Test: 34.80%
