Begin abalation study
num distinct structures: 2365
Experiment run 0
dataset: Cora
num_mp_layers: 1
num_fl_layers: 2
mp_hidden_dim: 3000
fl_hidden_dim: 512
epsilon: 1.118033988749895
optimizer_lr: 0.01
loss_func: CrossEntropyLoss
total_epoch: 400
Epoch: 50, Loss: 0.1135, Train: 100.00%, Valid: 72.20%, Test: 72.60%, Best Valid: 72.20%, Best Test: 72.60%
Epoch: 100, Loss: 0.0000, Train: 100.00%, Valid: 73.00%, Test: 73.90%, Best Valid: 73.80%, Best Test: 73.90%
Epoch: 150, Loss: 0.0000, Train: 100.00%, Valid: 72.20%, Test: 73.70%, Best Valid: 73.80%, Best Test: 74.00%
Epoch: 200, Loss: 0.0000, Train: 100.00%, Valid: 72.20%, Test: 73.80%, Best Valid: 73.80%, Best Test: 74.00%
Epoch: 250, Loss: 0.0000, Train: 100.00%, Valid: 72.40%, Test: 73.80%, Best Valid: 73.80%, Best Test: 74.00%
Epoch: 300, Loss: 0.0000, Train: 100.00%, Valid: 72.60%, Test: 73.90%, Best Valid: 73.80%, Best Test: 74.00%
Epoch: 350, Loss: 0.0000, Train: 100.00%, Valid: 72.80%, Test: 73.90%, Best Valid: 73.80%, Best Test: 74.00%
train_accuracy_list: [0.15, 0.21428571428571427, 0.14285714285714285, 0.14285714285714285, 0.14285714285714285, 0.14285714285714285, 0.14285714285714285, 0.2, 0.20714285714285716, 0.2857142857142857, 0.2857142857142857, 0.2357142857142857, 0.18571428571428572, 0.2642857142857143, 0.30714285714285716, 0.2357142857142857, 0.2857142857142857, 0.3, 0.17857142857142858, 0.35, 0.42857142857142855, 0.4, 0.4357142857142857, 0.6071428571428571, 0.5214285714285715, 0.5214285714285715, 0.5285714285714286, 0.5357142857142857, 0.5714285714285714, 0.7, 0.9142857142857143, 0.9428571428571428, 0.9214285714285714, 0.9142857142857143, 0.9357142857142857, 0.9642857142857143, 0.9714285714285714, 0.9571428571428572, 0.95, 0.9571428571428572, 0.9571428571428572, 0.9928571428571429, 0.9928571428571429, 0.9928571428571429, 0.9928571428571429, 0.9928571428571429, 0.9928571428571429, 1.0, 1.0, 1.0, 1.0, 1.0, 1.0, 1.0, 1.0, 1.0, 1.0, 1.0, 1.0, 1.0, 1.0, 1.0, 1.0, 1.0, 1.0, 1.0, 1.0, 1.0, 1.0, 1.0, 1.0, 1.0, 1.0, 1.0, 1.0, 1.0, 1.0, 1.0, 1.0, 1.0, 1.0, 1.0, 1.0, 1.0, 1.0, 1.0, 1.0, 1.0, 1.0, 1.0, 1.0, 1.0, 1.0, 1.0, 1.0, 1.0, 1.0, 1.0, 1.0, 1.0, 1.0, 1.0, 1.0, 1.0, 1.0, 1.0, 1.0, 1.0, 1.0, 1.0, 1.0, 1.0, 1.0, 1.0, 1.0, 1.0, 1.0, 1.0, 1.0, 1.0, 1.0, 1.0, 1.0, 1.0, 1.0, 1.0, 1.0, 1.0, 1.0, 1.0, 1.0, 1.0, 1.0, 1.0, 1.0, 1.0, 1.0, 1.0, 1.0, 1.0, 1.0, 1.0, 1.0, 1.0, 1.0, 1.0, 1.0, 1.0, 1.0, 1.0, 1.0, 1.0, 1.0, 1.0, 1.0, 1.0, 1.0, 1.0, 1.0, 1.0, 1.0, 1.0, 1.0, 1.0, 1.0, 1.0, 1.0, 1.0, 1.0, 1.0, 1.0, 1.0, 1.0, 1.0, 1.0, 1.0, 1.0, 1.0, 1.0, 1.0, 1.0, 1.0, 1.0, 1.0, 1.0, 1.0, 1.0, 1.0, 1.0, 1.0, 1.0, 1.0, 1.0, 1.0, 1.0, 1.0, 1.0, 1.0, 1.0, 1.0, 1.0, 1.0, 1.0, 1.0, 1.0, 1.0, 1.0, 1.0, 1.0, 1.0, 1.0, 1.0, 1.0, 1.0, 1.0, 1.0, 1.0, 1.0, 1.0, 1.0, 1.0, 1.0, 1.0, 1.0, 1.0, 1.0, 1.0, 1.0, 1.0, 1.0, 1.0, 1.0, 1.0, 1.0, 1.0, 1.0, 1.0, 1.0, 1.0, 1.0, 1.0, 1.0, 1.0, 1.0, 1.0, 1.0, 1.0, 1.0, 1.0, 1.0, 1.0, 1.0, 1.0, 1.0, 1.0, 1.0, 1.0, 1.0, 1.0, 1.0, 1.0, 1.0, 1.0, 1.0, 1.0, 1.0, 1.0, 1.0, 1.0, 1.0, 1.0, 1.0, 1.0, 1.0, 1.0, 1.0, 1.0, 1.0, 1.0, 1.0, 1.0, 1.0, 1.0, 1.0, 1.0, 1.0, 1.0, 1.0, 1.0, 1.0, 1.0, 1.0, 1.0, 1.0, 1.0, 1.0, 1.0, 1.0, 1.0, 1.0, 1.0, 1.0, 1.0, 1.0, 1.0, 1.0, 1.0, 1.0, 1.0, 1.0, 1.0, 1.0, 1.0, 1.0, 1.0, 1.0, 1.0, 1.0, 1.0, 1.0, 1.0, 1.0, 1.0, 1.0, 1.0, 1.0, 1.0, 1.0, 1.0, 1.0, 1.0, 1.0, 1.0, 1.0, 1.0, 1.0, 1.0, 1.0, 1.0, 1.0, 1.0, 1.0, 1.0, 1.0, 1.0, 1.0, 1.0, 1.0, 1.0, 1.0, 1.0, 1.0, 1.0, 1.0, 1.0, 1.0, 1.0, 1.0, 1.0, 1.0, 1.0, 1.0, 1.0, 1.0, 1.0, 1.0, 1.0, 1.0, 1.0, 1.0, 1.0, 1.0, 1.0, 1.0, 1.0, 1.0, 1.0, 1.0, 1.0, 1.0, 1.0, 1.0, 1.0, 1.0, 1.0, 1.0, 1.0, 1.0, 1.0, 1.0, 1.0, 1.0, 1.0, 1.0, 1.0, 1.0, 1.0, 1.0, 1.0]
valid_accuracy_list: [0.072, 0.09, 0.316, 0.156, 0.162, 0.072, 0.122, 0.138, 0.13, 0.316, 0.378, 0.336, 0.32, 0.32, 0.312, 0.092, 0.134, 0.242, 0.164, 0.228, 0.324, 0.246, 0.162, 0.214, 0.196, 0.246, 0.414, 0.438, 0.434, 0.43, 0.506, 0.562, 0.482, 0.464, 0.51, 0.544, 0.586, 0.63, 0.64, 0.658, 0.674, 0.684, 0.708, 0.698, 0.698, 0.692, 0.692, 0.71, 0.712, 0.722, 0.716, 0.718, 0.714, 0.714, 0.716, 0.716, 0.712, 0.706, 0.704, 0.702, 0.708, 0.72, 0.724, 0.73, 0.73, 0.73, 0.736, 0.734, 0.734, 0.734, 0.734, 0.736, 0.736, 0.734, 0.734, 0.734, 0.734, 0.736, 0.736, 0.734, 0.734, 0.738, 0.736, 0.734, 0.732, 0.73, 0.73, 0.73, 0.73, 0.732, 0.728, 0.728, 0.728, 0.728, 0.728, 0.732, 0.732, 0.73, 0.73, 0.73, 0.728, 0.728, 0.728, 0.728, 0.728, 0.728, 0.728, 0.728, 0.728, 0.728, 0.728, 0.728, 0.728, 0.728, 0.728, 0.73, 0.73, 0.73, 0.73, 0.728, 0.728, 0.728, 0.728, 0.726, 0.724, 0.724, 0.724, 0.724, 0.724, 0.724, 0.724, 0.724, 0.724, 0.724, 0.724, 0.724, 0.724, 0.724, 0.724, 0.724, 0.724, 0.724, 0.722, 0.722, 0.722, 0.722, 0.722, 0.722, 0.722, 0.722, 0.722, 0.722, 0.722, 0.722, 0.724, 0.724, 0.724, 0.724, 0.724, 0.724, 0.724, 0.724, 0.724, 0.724, 0.724, 0.724, 0.724, 0.724, 0.724, 0.724, 0.722, 0.722, 0.722, 0.722, 0.722, 0.722, 0.722, 0.722, 0.722, 0.722, 0.722, 0.722, 0.722, 0.722, 0.722, 0.722, 0.722, 0.722, 0.722, 0.722, 0.722, 0.722, 0.722, 0.722, 0.722, 0.722, 0.722, 0.722, 0.722, 0.722, 0.722, 0.722, 0.722, 0.722, 0.722, 0.722, 0.722, 0.722, 0.722, 0.722, 0.722, 0.722, 0.722, 0.722, 0.722, 0.722, 0.722, 0.722, 0.722, 0.722, 0.722, 0.722, 0.722, 0.722, 0.722, 0.722, 0.722, 0.722, 0.722, 0.722, 0.722, 0.722, 0.722, 0.722, 0.722, 0.722, 0.722, 0.722, 0.722, 0.722, 0.724, 0.724, 0.724, 0.724, 0.724, 0.724, 0.724, 0.724, 0.724, 0.724, 0.724, 0.724, 0.724, 0.724, 0.724, 0.724, 0.724, 0.726, 0.726, 0.726, 0.726, 0.726, 0.726, 0.726, 0.726, 0.726, 0.726, 0.726, 0.726, 0.726, 0.726, 0.726, 0.726, 0.726, 0.726, 0.726, 0.726, 0.726, 0.726, 0.726, 0.726, 0.726, 0.726, 0.726, 0.726, 0.726, 0.726, 0.726, 0.726, 0.726, 0.726, 0.726, 0.726, 0.726, 0.726, 0.726, 0.726, 0.726, 0.726, 0.726, 0.726, 0.726, 0.726, 0.726, 0.726, 0.728, 0.728, 0.726, 0.726, 0.726, 0.726, 0.726, 0.726, 0.726, 0.726, 0.726, 0.726, 0.726, 0.726, 0.726, 0.726, 0.726, 0.726, 0.726, 0.726, 0.726, 0.726, 0.726, 0.728, 0.728, 0.728, 0.728, 0.728, 0.728, 0.728, 0.728, 0.728, 0.728, 0.728, 0.728, 0.728, 0.728, 0.728, 0.728, 0.728, 0.728, 0.728, 0.728, 0.728, 0.728, 0.728, 0.728, 0.728, 0.728, 0.728, 0.728, 0.728, 0.728, 0.728, 0.728, 0.728, 0.728, 0.728, 0.728, 0.728, 0.728, 0.728, 0.728, 0.728, 0.728, 0.728, 0.728, 0.728, 0.728, 0.728, 0.728, 0.728, 0.728, 0.728, 0.728, 0.728, 0.728, 0.728, 0.728, 0.728, 0.728, 0.728, 0.728, 0.728, 0.728, 0.728, 0.728, 0.728, 0.728, 0.728, 0.728, 0.728, 0.728, 0.728]
test_accuracy_list: [0.093, 0.113, 0.319, 0.144, 0.149, 0.091, 0.13, 0.144, 0.12, 0.351, 0.367, 0.329, 0.323, 0.329, 0.34, 0.105, 0.161, 0.241, 0.156, 0.222, 0.314, 0.26, 0.187, 0.208, 0.193, 0.276, 0.421, 0.441, 0.428, 0.436, 0.539, 0.602, 0.506, 0.465, 0.51, 0.584, 0.612, 0.648, 0.641, 0.641, 0.661, 0.699, 0.705, 0.703, 0.702, 0.709, 0.709, 0.716, 0.726, 0.726, 0.732, 0.732, 0.725, 0.725, 0.723, 0.718, 0.723, 0.719, 0.717, 0.715, 0.722, 0.724, 0.728, 0.728, 0.729, 0.731, 0.732, 0.733, 0.736, 0.737, 0.737, 0.737, 0.735, 0.735, 0.735, 0.736, 0.737, 0.735, 0.736, 0.736, 0.736, 0.737, 0.736, 0.736, 0.736, 0.736, 0.736, 0.737, 0.738, 0.738, 0.739, 0.738, 0.737, 0.737, 0.736, 0.738, 0.738, 0.738, 0.738, 0.739, 0.739, 0.739, 0.739, 0.74, 0.74, 0.74, 0.739, 0.739, 0.739, 0.738, 0.738, 0.737, 0.737, 0.737, 0.737, 0.737, 0.737, 0.738, 0.738, 0.738, 0.738, 0.738, 0.738, 0.738, 0.737, 0.737, 0.737, 0.736, 0.735, 0.735, 0.735, 0.735, 0.735, 0.736, 0.736, 0.736, 0.736, 0.736, 0.737, 0.737, 0.737, 0.737, 0.737, 0.737, 0.737, 0.737, 0.737, 0.737, 0.737, 0.737, 0.737, 0.737, 0.737, 0.737, 0.737, 0.738, 0.738, 0.738, 0.738, 0.738, 0.738, 0.738, 0.738, 0.738, 0.74, 0.74, 0.74, 0.74, 0.74, 0.74, 0.74, 0.74, 0.74, 0.74, 0.74, 0.74, 0.74, 0.74, 0.74, 0.74, 0.74, 0.74, 0.74, 0.74, 0.74, 0.74, 0.739, 0.739, 0.739, 0.739, 0.739, 0.739, 0.738, 0.739, 0.74, 0.74, 0.739, 0.739, 0.738, 0.738, 0.738, 0.739, 0.739, 0.739, 0.739, 0.739, 0.739, 0.738, 0.738, 0.738, 0.738, 0.738, 0.738, 0.738, 0.738, 0.738, 0.738, 0.738, 0.738, 0.738, 0.738, 0.738, 0.738, 0.738, 0.738, 0.738, 0.738, 0.738, 0.738, 0.738, 0.738, 0.738, 0.738, 0.738, 0.738, 0.738, 0.738, 0.738, 0.738, 0.738, 0.738, 0.738, 0.738, 0.738, 0.738, 0.738, 0.738, 0.738, 0.738, 0.738, 0.739, 0.739, 0.739, 0.739, 0.739, 0.739, 0.739, 0.739, 0.739, 0.739, 0.74, 0.74, 0.739, 0.739, 0.739, 0.739, 0.739, 0.739, 0.74, 0.74, 0.74, 0.74, 0.738, 0.738, 0.738, 0.738, 0.738, 0.739, 0.739, 0.739, 0.739, 0.739, 0.739, 0.739, 0.738, 0.738, 0.738, 0.739, 0.739, 0.739, 0.739, 0.739, 0.739, 0.739, 0.738, 0.738, 0.739, 0.739, 0.739, 0.739, 0.739, 0.739, 0.739, 0.739, 0.739, 0.739, 0.739, 0.739, 0.739, 0.739, 0.739, 0.739, 0.739, 0.739, 0.739, 0.739, 0.739, 0.739, 0.739, 0.739, 0.739, 0.739, 0.739, 0.739, 0.739, 0.739, 0.739, 0.739, 0.739, 0.739, 0.739, 0.739, 0.739, 0.739, 0.739, 0.739, 0.739, 0.739, 0.739, 0.739, 0.739, 0.739, 0.739, 0.739, 0.739, 0.739, 0.739, 0.739, 0.739, 0.739, 0.739, 0.739, 0.739, 0.739, 0.739, 0.739, 0.739, 0.739, 0.739, 0.739, 0.739, 0.739, 0.739, 0.739, 0.739, 0.739, 0.739, 0.739, 0.739, 0.739, 0.739, 0.739, 0.739, 0.739, 0.739, 0.739, 0.739, 0.739, 0.739, 0.739, 0.739, 0.739, 0.739, 0.739, 0.739, 0.739, 0.739, 0.739, 0.739, 0.739, 0.739, 0.738, 0.738, 0.738, 0.738, 0.738, 0.738, 0.738, 0.738]
best validation: 0.738
best test: 0.74
num distinct structures: 2365
Experiment run 1
dataset: Cora
num_mp_layers: 2
num_fl_layers: 2
mp_hidden_dim: 3000
fl_hidden_dim: 512
epsilon: 1.118033988749895
optimizer_lr: 0.01
loss_func: CrossEntropyLoss
total_epoch: 400
Epoch: 50, Loss: 0.8845, Train: 85.71%, Valid: 63.20%, Test: 64.30%, Best Valid: 64.60%, Best Test: 64.30%
Epoch: 100, Loss: 0.0000, Train: 100.00%, Valid: 76.20%, Test: 76.20%, Best Valid: 78.20%, Best Test: 76.40%
Epoch: 150, Loss: 0.0000, Train: 100.00%, Valid: 76.00%, Test: 75.30%, Best Valid: 78.20%, Best Test: 76.40%
Epoch: 200, Loss: 0.0000, Train: 100.00%, Valid: 76.20%, Test: 75.80%, Best Valid: 78.20%, Best Test: 76.40%
Epoch: 250, Loss: 0.0000, Train: 100.00%, Valid: 76.40%, Test: 76.00%, Best Valid: 78.20%, Best Test: 76.40%
Epoch: 300, Loss: 0.0000, Train: 100.00%, Valid: 76.60%, Test: 76.10%, Best Valid: 78.20%, Best Test: 76.40%
Epoch: 350, Loss: 0.0000, Train: 100.00%, Valid: 76.80%, Test: 76.20%, Best Valid: 78.20%, Best Test: 76.40%
train_accuracy_list: [0.14285714285714285, 0.2714285714285714, 0.2714285714285714, 0.14285714285714285, 0.17142857142857143, 0.14285714285714285, 0.14285714285714285, 0.14285714285714285, 0.14285714285714285, 0.14285714285714285, 0.16428571428571428, 0.2785714285714286, 0.15, 0.14285714285714285, 0.15714285714285714, 0.14285714285714285, 0.14285714285714285, 0.15, 0.17142857142857143, 0.15, 0.15, 0.17857142857142858, 0.14285714285714285, 0.14285714285714285, 0.15714285714285714, 0.15, 0.17857142857142858, 0.2571428571428571, 0.32142857142857145, 0.20714285714285716, 0.2357142857142857, 0.2571428571428571, 0.2642857142857143, 0.4, 0.4928571428571429, 0.5214285714285715, 0.5642857142857143, 0.55, 0.5142857142857142, 0.4928571428571429, 0.5928571428571429, 0.6571428571428571, 0.7, 0.7142857142857143, 0.7785714285714286, 0.7857142857142857, 0.7857142857142857, 0.8071428571428572, 0.8, 0.8571428571428571, 0.9428571428571428, 0.9428571428571428, 0.9785714285714285, 0.9642857142857143, 0.9642857142857143, 0.9928571428571429, 0.9928571428571429, 0.9928571428571429, 1.0, 0.9928571428571429, 0.9928571428571429, 1.0, 0.9928571428571429, 0.9928571428571429, 1.0, 1.0, 1.0, 1.0, 1.0, 1.0, 1.0, 1.0, 1.0, 1.0, 1.0, 1.0, 1.0, 1.0, 1.0, 1.0, 1.0, 1.0, 1.0, 1.0, 1.0, 1.0, 1.0, 1.0, 1.0, 1.0, 1.0, 1.0, 1.0, 1.0, 1.0, 1.0, 1.0, 1.0, 1.0, 1.0, 1.0, 1.0, 1.0, 1.0, 1.0, 1.0, 1.0, 1.0, 1.0, 1.0, 1.0, 1.0, 1.0, 1.0, 1.0, 1.0, 1.0, 1.0, 1.0, 1.0, 1.0, 1.0, 1.0, 1.0, 1.0, 1.0, 1.0, 1.0, 1.0, 1.0, 1.0, 1.0, 1.0, 1.0, 1.0, 1.0, 1.0, 1.0, 1.0, 1.0, 1.0, 1.0, 1.0, 1.0, 1.0, 1.0, 1.0, 1.0, 1.0, 1.0, 1.0, 1.0, 1.0, 1.0, 1.0, 1.0, 1.0, 1.0, 1.0, 1.0, 1.0, 1.0, 1.0, 1.0, 1.0, 1.0, 1.0, 1.0, 1.0, 1.0, 1.0, 1.0, 1.0, 1.0, 1.0, 1.0, 1.0, 1.0, 1.0, 1.0, 1.0, 1.0, 1.0, 1.0, 1.0, 1.0, 1.0, 1.0, 1.0, 1.0, 1.0, 1.0, 1.0, 1.0, 1.0, 1.0, 1.0, 1.0, 1.0, 1.0, 1.0, 1.0, 1.0, 1.0, 1.0, 1.0, 1.0, 1.0, 1.0, 1.0, 1.0, 1.0, 1.0, 1.0, 1.0, 1.0, 1.0, 1.0, 1.0, 1.0, 1.0, 1.0, 1.0, 1.0, 1.0, 1.0, 1.0, 1.0, 1.0, 1.0, 1.0, 1.0, 1.0, 1.0, 1.0, 1.0, 1.0, 1.0, 1.0, 1.0, 1.0, 1.0, 1.0, 1.0, 1.0, 1.0, 1.0, 1.0, 1.0, 1.0, 1.0, 1.0, 1.0, 1.0, 1.0, 1.0, 1.0, 1.0, 1.0, 1.0, 1.0, 1.0, 1.0, 1.0, 1.0, 1.0, 1.0, 1.0, 1.0, 1.0, 1.0, 1.0, 1.0, 1.0, 1.0, 1.0, 1.0, 1.0, 1.0, 1.0, 1.0, 1.0, 1.0, 1.0, 1.0, 1.0, 1.0, 1.0, 1.0, 1.0, 1.0, 1.0, 1.0, 1.0, 1.0, 1.0, 1.0, 1.0, 1.0, 1.0, 1.0, 1.0, 1.0, 1.0, 1.0, 1.0, 1.0, 1.0, 1.0, 1.0, 1.0, 1.0, 1.0, 1.0, 1.0, 1.0, 1.0, 1.0, 1.0, 1.0, 1.0, 1.0, 1.0, 1.0, 1.0, 1.0, 1.0, 1.0, 1.0, 1.0, 1.0, 1.0, 1.0, 1.0, 1.0, 1.0, 1.0, 1.0, 1.0, 1.0, 1.0, 1.0, 1.0, 1.0, 1.0, 1.0, 1.0, 1.0, 1.0, 1.0, 1.0, 1.0, 1.0, 1.0, 1.0, 1.0, 1.0, 1.0, 1.0, 1.0, 1.0, 1.0, 1.0, 1.0, 1.0, 1.0, 1.0, 1.0, 1.0, 1.0, 1.0, 1.0, 1.0, 1.0, 1.0, 1.0, 1.0, 1.0, 1.0, 1.0, 1.0, 1.0, 1.0, 1.0, 1.0, 1.0, 1.0, 1.0, 1.0, 1.0, 1.0, 1.0, 1.0, 1.0, 1.0, 1.0, 1.0, 1.0, 1.0]
valid_accuracy_list: [0.122, 0.23, 0.206, 0.058, 0.17, 0.122, 0.114, 0.072, 0.072, 0.072, 0.072, 0.19, 0.16, 0.158, 0.302, 0.316, 0.316, 0.058, 0.058, 0.162, 0.122, 0.144, 0.114, 0.116, 0.118, 0.072, 0.072, 0.196, 0.392, 0.324, 0.326, 0.33, 0.336, 0.364, 0.384, 0.268, 0.298, 0.338, 0.318, 0.306, 0.354, 0.424, 0.55, 0.598, 0.646, 0.642, 0.624, 0.618, 0.608, 0.632, 0.686, 0.688, 0.666, 0.62, 0.636, 0.696, 0.716, 0.726, 0.726, 0.724, 0.732, 0.736, 0.742, 0.73, 0.736, 0.736, 0.74, 0.738, 0.744, 0.75, 0.762, 0.764, 0.776, 0.78, 0.778, 0.778, 0.776, 0.778, 0.782, 0.778, 0.774, 0.774, 0.776, 0.776, 0.776, 0.776, 0.776, 0.776, 0.774, 0.774, 0.768, 0.768, 0.766, 0.766, 0.762, 0.762, 0.762, 0.762, 0.762, 0.762, 0.762, 0.762, 0.762, 0.762, 0.762, 0.762, 0.762, 0.762, 0.762, 0.762, 0.762, 0.764, 0.764, 0.764, 0.764, 0.768, 0.768, 0.768, 0.768, 0.768, 0.768, 0.768, 0.766, 0.766, 0.764, 0.764, 0.764, 0.764, 0.764, 0.764, 0.764, 0.764, 0.764, 0.764, 0.764, 0.766, 0.766, 0.766, 0.766, 0.766, 0.766, 0.766, 0.766, 0.764, 0.764, 0.764, 0.764, 0.762, 0.762, 0.76, 0.762, 0.762, 0.766, 0.766, 0.766, 0.766, 0.764, 0.76, 0.76, 0.76, 0.76, 0.76, 0.76, 0.762, 0.762, 0.764, 0.762, 0.762, 0.762, 0.762, 0.762, 0.762, 0.762, 0.762, 0.762, 0.762, 0.762, 0.762, 0.762, 0.762, 0.762, 0.762, 0.762, 0.762, 0.762, 0.762, 0.762, 0.762, 0.762, 0.762, 0.762, 0.762, 0.762, 0.762, 0.762, 0.762, 0.762, 0.762, 0.762, 0.762, 0.762, 0.764, 0.764, 0.764, 0.764, 0.764, 0.762, 0.764, 0.764, 0.764, 0.764, 0.764, 0.764, 0.764, 0.764, 0.764, 0.764, 0.764, 0.764, 0.764, 0.764, 0.764, 0.764, 0.764, 0.764, 0.764, 0.764, 0.764, 0.764, 0.764, 0.764, 0.764, 0.764, 0.764, 0.764, 0.764, 0.764, 0.764, 0.762, 0.762, 0.764, 0.764, 0.764, 0.764, 0.764, 0.764, 0.762, 0.762, 0.764, 0.764, 0.764, 0.764, 0.764, 0.764, 0.762, 0.762, 0.762, 0.762, 0.764, 0.764, 0.764, 0.762, 0.762, 0.762, 0.762, 0.762, 0.762, 0.762, 0.762, 0.762, 0.762, 0.762, 0.762, 0.762, 0.762, 0.762, 0.762, 0.762, 0.762, 0.762, 0.762, 0.762, 0.762, 0.762, 0.762, 0.762, 0.762, 0.762, 0.762, 0.762, 0.762, 0.762, 0.762, 0.762, 0.762, 0.762, 0.762, 0.762, 0.764, 0.766, 0.764, 0.764, 0.764, 0.764, 0.764, 0.764, 0.764, 0.762, 0.764, 0.764, 0.764, 0.764, 0.764, 0.764, 0.764, 0.764, 0.762, 0.762, 0.764, 0.766, 0.766, 0.766, 0.766, 0.764, 0.764, 0.764, 0.766, 0.766, 0.766, 0.766, 0.764, 0.764, 0.764, 0.766, 0.766, 0.766, 0.766, 0.766, 0.764, 0.762, 0.762, 0.764, 0.768, 0.768, 0.768, 0.768, 0.766, 0.762, 0.762, 0.768, 0.768, 0.768, 0.768, 0.768, 0.768, 0.764, 0.764, 0.764, 0.764, 0.764, 0.764, 0.764, 0.764, 0.764, 0.764, 0.764, 0.764, 0.764, 0.764, 0.766, 0.766, 0.766, 0.766, 0.766, 0.764, 0.764, 0.764, 0.764, 0.764, 0.764, 0.766, 0.766, 0.766, 0.766, 0.766, 0.766, 0.764, 0.764, 0.764, 0.764, 0.764, 0.766, 0.766, 0.766, 0.766, 0.766, 0.766, 0.766, 0.764]
test_accuracy_list: [0.13, 0.221, 0.201, 0.064, 0.151, 0.13, 0.103, 0.091, 0.091, 0.091, 0.095, 0.188, 0.144, 0.144, 0.31, 0.318, 0.319, 0.064, 0.068, 0.149, 0.132, 0.142, 0.103, 0.103, 0.105, 0.092, 0.095, 0.176, 0.394, 0.334, 0.341, 0.341, 0.345, 0.387, 0.388, 0.293, 0.304, 0.336, 0.327, 0.308, 0.376, 0.434, 0.528, 0.588, 0.625, 0.636, 0.625, 0.618, 0.613, 0.643, 0.675, 0.672, 0.655, 0.625, 0.639, 0.669, 0.688, 0.689, 0.695, 0.697, 0.701, 0.713, 0.709, 0.718, 0.726, 0.722, 0.725, 0.733, 0.736, 0.737, 0.745, 0.748, 0.749, 0.753, 0.752, 0.756, 0.759, 0.761, 0.761, 0.758, 0.759, 0.759, 0.76, 0.76, 0.762, 0.763, 0.763, 0.761, 0.761, 0.76, 0.762, 0.764, 0.762, 0.762, 0.761, 0.761, 0.762, 0.763, 0.762, 0.762, 0.763, 0.763, 0.762, 0.76, 0.758, 0.759, 0.76, 0.759, 0.759, 0.759, 0.759, 0.759, 0.759, 0.759, 0.759, 0.759, 0.758, 0.758, 0.757, 0.756, 0.756, 0.756, 0.756, 0.756, 0.755, 0.755, 0.756, 0.756, 0.755, 0.755, 0.755, 0.754, 0.754, 0.754, 0.754, 0.754, 0.755, 0.755, 0.755, 0.755, 0.755, 0.754, 0.753, 0.753, 0.753, 0.753, 0.753, 0.753, 0.753, 0.753, 0.753, 0.753, 0.753, 0.753, 0.754, 0.754, 0.754, 0.753, 0.752, 0.752, 0.752, 0.752, 0.753, 0.753, 0.754, 0.754, 0.754, 0.754, 0.753, 0.753, 0.753, 0.753, 0.753, 0.753, 0.753, 0.753, 0.753, 0.753, 0.753, 0.755, 0.755, 0.755, 0.755, 0.755, 0.755, 0.755, 0.755, 0.755, 0.755, 0.755, 0.756, 0.756, 0.756, 0.755, 0.755, 0.757, 0.757, 0.758, 0.758, 0.758, 0.758, 0.758, 0.758, 0.758, 0.758, 0.758, 0.758, 0.758, 0.758, 0.758, 0.758, 0.758, 0.758, 0.758, 0.758, 0.758, 0.758, 0.758, 0.758, 0.758, 0.758, 0.758, 0.758, 0.758, 0.758, 0.758, 0.758, 0.758, 0.758, 0.758, 0.758, 0.758, 0.759, 0.759, 0.759, 0.759, 0.759, 0.759, 0.759, 0.759, 0.759, 0.76, 0.76, 0.76, 0.76, 0.76, 0.76, 0.76, 0.76, 0.76, 0.76, 0.76, 0.76, 0.76, 0.76, 0.76, 0.76, 0.76, 0.76, 0.76, 0.76, 0.76, 0.76, 0.76, 0.76, 0.76, 0.76, 0.76, 0.76, 0.76, 0.76, 0.76, 0.76, 0.76, 0.76, 0.76, 0.76, 0.76, 0.76, 0.76, 0.76, 0.76, 0.76, 0.76, 0.76, 0.76, 0.76, 0.76, 0.761, 0.761, 0.759, 0.759, 0.759, 0.761, 0.761, 0.761, 0.761, 0.761, 0.759, 0.761, 0.761, 0.762, 0.762, 0.762, 0.762, 0.761, 0.761, 0.761, 0.761, 0.761, 0.762, 0.762, 0.762, 0.762, 0.762, 0.761, 0.761, 0.76, 0.762, 0.762, 0.762, 0.762, 0.762, 0.762, 0.761, 0.761, 0.761, 0.761, 0.761, 0.761, 0.761, 0.761, 0.761, 0.761, 0.761, 0.761, 0.761, 0.761, 0.762, 0.762, 0.762, 0.762, 0.762, 0.762, 0.762, 0.762, 0.762, 0.762, 0.762, 0.762, 0.762, 0.762, 0.762, 0.762, 0.762, 0.762, 0.762, 0.762, 0.762, 0.762, 0.762, 0.762, 0.762, 0.762, 0.762, 0.762, 0.762, 0.762, 0.762, 0.762, 0.762, 0.762, 0.762, 0.762, 0.762, 0.762, 0.762, 0.762, 0.762, 0.762, 0.762, 0.763, 0.763, 0.763, 0.763, 0.763, 0.763, 0.763, 0.762, 0.763, 0.763, 0.763, 0.763, 0.763, 0.763, 0.763, 0.763, 0.763, 0.763]
best validation: 0.782
best test: 0.764
num distinct structures: 2365
Experiment run 2
dataset: Cora
num_mp_layers: 3
num_fl_layers: 2
mp_hidden_dim: 3000
fl_hidden_dim: 512
epsilon: 1.118033988749895
optimizer_lr: 0.01
loss_func: CrossEntropyLoss
total_epoch: 400
Epoch: 50, Loss: 0.6009, Train: 90.00%, Valid: 47.60%, Test: 50.70%, Best Valid: 48.80%, Best Test: 50.70%
Epoch: 100, Loss: 0.0011, Train: 100.00%, Valid: 72.40%, Test: 72.90%, Best Valid: 73.00%, Best Test: 73.00%
Epoch: 150, Loss: 0.0002, Train: 100.00%, Valid: 72.20%, Test: 71.90%, Best Valid: 73.00%, Best Test: 73.00%
Epoch: 200, Loss: 0.0001, Train: 100.00%, Valid: 72.40%, Test: 71.70%, Best Valid: 73.00%, Best Test: 73.00%
Epoch: 250, Loss: 0.0001, Train: 100.00%, Valid: 73.40%, Test: 71.70%, Best Valid: 73.40%, Best Test: 73.00%
Epoch: 300, Loss: 0.0000, Train: 100.00%, Valid: 72.80%, Test: 72.00%, Best Valid: 73.40%, Best Test: 73.00%
Epoch: 350, Loss: 0.0000, Train: 100.00%, Valid: 72.80%, Test: 71.80%, Best Valid: 73.40%, Best Test: 73.00%
train_accuracy_list: [0.14285714285714285, 0.14285714285714285, 0.14285714285714285, 0.14285714285714285, 0.14285714285714285, 0.14285714285714285, 0.14285714285714285, 0.16428571428571428, 0.14285714285714285, 0.14285714285714285, 0.14285714285714285, 0.14285714285714285, 0.14285714285714285, 0.14285714285714285, 0.15, 0.14285714285714285, 0.15, 0.15, 0.14285714285714285, 0.15, 0.15, 0.15, 0.16428571428571428, 0.15, 0.21428571428571427, 0.17857142857142858, 0.17857142857142858, 0.22857142857142856, 0.2857142857142857, 0.2785714285714286, 0.35, 0.3, 0.29285714285714287, 0.29285714285714287, 0.30714285714285716, 0.32857142857142857, 0.32857142857142857, 0.3357142857142857, 0.37857142857142856, 0.45, 0.6, 0.75, 0.7285714285714285, 0.7428571428571429, 0.8, 0.7071428571428572, 0.8, 0.8285714285714286, 0.8428571428571429, 0.9, 0.9285714285714286, 0.9214285714285714, 0.5642857142857143, 0.6142857142857143, 0.5785714285714286, 0.9142857142857143, 0.6785714285714286, 0.7214285714285714, 0.7357142857142858, 0.8071428571428572, 0.9285714285714286, 0.8428571428571429, 0.8428571428571429, 0.8714285714285714, 0.9642857142857143, 0.9857142857142858, 0.9785714285714285, 1.0, 0.9928571428571429, 0.9857142857142858, 0.9928571428571429, 1.0, 1.0, 1.0, 1.0, 1.0, 1.0, 1.0, 1.0, 1.0, 1.0, 1.0, 1.0, 1.0, 1.0, 1.0, 1.0, 1.0, 1.0, 1.0, 1.0, 1.0, 1.0, 1.0, 1.0, 1.0, 1.0, 1.0, 1.0, 1.0, 1.0, 1.0, 1.0, 1.0, 1.0, 1.0, 1.0, 1.0, 1.0, 1.0, 1.0, 1.0, 1.0, 1.0, 1.0, 1.0, 1.0, 1.0, 1.0, 1.0, 1.0, 1.0, 1.0, 1.0, 1.0, 1.0, 1.0, 1.0, 1.0, 1.0, 1.0, 1.0, 1.0, 1.0, 1.0, 1.0, 1.0, 1.0, 1.0, 1.0, 1.0, 1.0, 1.0, 1.0, 1.0, 1.0, 1.0, 1.0, 1.0, 1.0, 1.0, 1.0, 1.0, 1.0, 1.0, 1.0, 1.0, 1.0, 1.0, 1.0, 1.0, 1.0, 1.0, 1.0, 1.0, 1.0, 1.0, 1.0, 1.0, 1.0, 1.0, 1.0, 1.0, 1.0, 1.0, 1.0, 1.0, 1.0, 1.0, 1.0, 1.0, 1.0, 1.0, 1.0, 1.0, 1.0, 1.0, 1.0, 1.0, 1.0, 1.0, 1.0, 1.0, 1.0, 1.0, 1.0, 1.0, 1.0, 1.0, 1.0, 1.0, 1.0, 1.0, 1.0, 1.0, 1.0, 1.0, 1.0, 1.0, 1.0, 1.0, 1.0, 1.0, 1.0, 1.0, 1.0, 1.0, 1.0, 1.0, 1.0, 1.0, 1.0, 1.0, 1.0, 1.0, 1.0, 1.0, 1.0, 1.0, 1.0, 1.0, 1.0, 1.0, 1.0, 1.0, 1.0, 1.0, 1.0, 1.0, 1.0, 1.0, 1.0, 1.0, 1.0, 1.0, 1.0, 1.0, 1.0, 1.0, 1.0, 1.0, 1.0, 1.0, 1.0, 1.0, 1.0, 1.0, 1.0, 1.0, 1.0, 1.0, 1.0, 1.0, 1.0, 1.0, 1.0, 1.0, 1.0, 1.0, 1.0, 1.0, 1.0, 1.0, 1.0, 1.0, 1.0, 1.0, 1.0, 1.0, 1.0, 1.0, 1.0, 1.0, 1.0, 1.0, 1.0, 1.0, 1.0, 1.0, 1.0, 1.0, 1.0, 1.0, 1.0, 1.0, 1.0, 1.0, 1.0, 1.0, 1.0, 1.0, 1.0, 1.0, 1.0, 1.0, 1.0, 1.0, 1.0, 1.0, 1.0, 1.0, 1.0, 1.0, 1.0, 1.0, 1.0, 1.0, 1.0, 1.0, 1.0, 1.0, 1.0, 1.0, 1.0, 1.0, 1.0, 1.0, 1.0, 1.0, 1.0, 1.0, 1.0, 1.0, 1.0, 1.0, 1.0, 1.0, 1.0, 1.0, 1.0, 1.0, 1.0, 1.0, 1.0, 1.0, 1.0, 1.0, 1.0, 1.0, 1.0, 1.0, 1.0, 1.0, 1.0, 1.0, 1.0, 1.0, 1.0, 1.0, 1.0, 1.0, 1.0, 1.0, 1.0, 1.0, 1.0, 1.0, 1.0, 1.0, 1.0, 1.0, 1.0, 1.0, 1.0, 1.0, 1.0, 1.0, 1.0, 1.0, 1.0, 1.0, 1.0, 1.0, 1.0, 1.0, 1.0, 1.0, 1.0, 1.0, 1.0, 1.0, 1.0, 1.0, 1.0, 1.0, 1.0, 1.0, 1.0, 1.0]
valid_accuracy_list: [0.122, 0.122, 0.072, 0.316, 0.058, 0.122, 0.122, 0.122, 0.114, 0.114, 0.114, 0.114, 0.114, 0.122, 0.156, 0.156, 0.156, 0.304, 0.224, 0.058, 0.058, 0.058, 0.062, 0.076, 0.246, 0.31, 0.314, 0.312, 0.158, 0.16, 0.236, 0.258, 0.246, 0.27, 0.292, 0.312, 0.296, 0.324, 0.366, 0.37, 0.42, 0.4, 0.39, 0.416, 0.402, 0.36, 0.388, 0.442, 0.488, 0.476, 0.512, 0.494, 0.478, 0.362, 0.358, 0.636, 0.508, 0.384, 0.276, 0.438, 0.64, 0.676, 0.668, 0.652, 0.668, 0.636, 0.622, 0.62, 0.622, 0.618, 0.628, 0.644, 0.666, 0.676, 0.672, 0.69, 0.694, 0.69, 0.7, 0.71, 0.718, 0.726, 0.724, 0.728, 0.726, 0.728, 0.724, 0.726, 0.724, 0.726, 0.73, 0.726, 0.728, 0.726, 0.726, 0.726, 0.726, 0.726, 0.724, 0.724, 0.722, 0.726, 0.724, 0.722, 0.724, 0.726, 0.728, 0.724, 0.724, 0.724, 0.722, 0.718, 0.718, 0.718, 0.718, 0.718, 0.716, 0.714, 0.714, 0.716, 0.716, 0.716, 0.718, 0.718, 0.718, 0.72, 0.72, 0.722, 0.722, 0.718, 0.718, 0.718, 0.72, 0.722, 0.722, 0.722, 0.722, 0.722, 0.722, 0.722, 0.72, 0.72, 0.72, 0.72, 0.722, 0.722, 0.722, 0.722, 0.722, 0.722, 0.72, 0.72, 0.72, 0.72, 0.722, 0.722, 0.724, 0.724, 0.724, 0.724, 0.724, 0.724, 0.724, 0.724, 0.724, 0.724, 0.724, 0.724, 0.724, 0.724, 0.724, 0.724, 0.724, 0.724, 0.724, 0.724, 0.724, 0.724, 0.724, 0.724, 0.724, 0.724, 0.724, 0.724, 0.724, 0.724, 0.724, 0.724, 0.724, 0.724, 0.726, 0.726, 0.726, 0.726, 0.726, 0.726, 0.724, 0.724, 0.724, 0.724, 0.724, 0.724, 0.724, 0.726, 0.726, 0.726, 0.726, 0.726, 0.726, 0.726, 0.726, 0.726, 0.726, 0.726, 0.726, 0.726, 0.726, 0.726, 0.726, 0.726, 0.726, 0.726, 0.726, 0.726, 0.726, 0.726, 0.726, 0.724, 0.726, 0.726, 0.726, 0.726, 0.726, 0.726, 0.726, 0.726, 0.724, 0.724, 0.726, 0.726, 0.726, 0.726, 0.728, 0.728, 0.73, 0.73, 0.732, 0.734, 0.734, 0.734, 0.734, 0.734, 0.734, 0.734, 0.734, 0.734, 0.734, 0.734, 0.734, 0.734, 0.734, 0.732, 0.732, 0.73, 0.73, 0.73, 0.73, 0.73, 0.73, 0.73, 0.73, 0.73, 0.73, 0.73, 0.73, 0.73, 0.73, 0.728, 0.728, 0.728, 0.728, 0.728, 0.728, 0.728, 0.728, 0.728, 0.728, 0.728, 0.728, 0.728, 0.728, 0.728, 0.728, 0.726, 0.728, 0.728, 0.728, 0.728, 0.728, 0.728, 0.73, 0.73, 0.73, 0.73, 0.728, 0.728, 0.728, 0.728, 0.728, 0.73, 0.73, 0.73, 0.73, 0.73, 0.73, 0.73, 0.73, 0.73, 0.73, 0.73, 0.73, 0.73, 0.73, 0.73, 0.73, 0.73, 0.73, 0.728, 0.728, 0.728, 0.728, 0.728, 0.728, 0.728, 0.728, 0.728, 0.728, 0.728, 0.728, 0.728, 0.728, 0.728, 0.728, 0.728, 0.728, 0.728, 0.728, 0.728, 0.728, 0.728, 0.728, 0.728, 0.728, 0.728, 0.726, 0.726, 0.726, 0.726, 0.726, 0.726, 0.726, 0.726, 0.726, 0.726, 0.726, 0.726, 0.726, 0.726, 0.726, 0.724, 0.724, 0.724, 0.724, 0.724, 0.724, 0.724, 0.724, 0.724, 0.724, 0.724, 0.724, 0.724, 0.724, 0.724, 0.724, 0.724, 0.724, 0.724, 0.724, 0.724, 0.724, 0.724, 0.724, 0.724, 0.724, 0.724, 0.724, 0.724, 0.724]
test_accuracy_list: [0.13, 0.13, 0.091, 0.319, 0.064, 0.13, 0.13, 0.106, 0.103, 0.103, 0.103, 0.103, 0.103, 0.13, 0.144, 0.144, 0.146, 0.319, 0.253, 0.066, 0.066, 0.066, 0.065, 0.075, 0.26, 0.303, 0.316, 0.314, 0.202, 0.196, 0.266, 0.235, 0.223, 0.264, 0.278, 0.301, 0.321, 0.381, 0.42, 0.42, 0.42, 0.407, 0.384, 0.396, 0.426, 0.425, 0.415, 0.446, 0.493, 0.507, 0.537, 0.502, 0.464, 0.363, 0.353, 0.651, 0.515, 0.373, 0.332, 0.487, 0.675, 0.67, 0.651, 0.641, 0.661, 0.675, 0.669, 0.65, 0.636, 0.637, 0.653, 0.66, 0.668, 0.671, 0.68, 0.683, 0.678, 0.679, 0.683, 0.694, 0.704, 0.713, 0.713, 0.719, 0.72, 0.72, 0.722, 0.724, 0.726, 0.728, 0.728, 0.728, 0.729, 0.73, 0.729, 0.726, 0.73, 0.729, 0.729, 0.729, 0.73, 0.729, 0.726, 0.723, 0.723, 0.723, 0.723, 0.722, 0.719, 0.718, 0.718, 0.717, 0.716, 0.717, 0.717, 0.718, 0.718, 0.718, 0.721, 0.721, 0.721, 0.721, 0.721, 0.721, 0.72, 0.719, 0.719, 0.72, 0.719, 0.719, 0.719, 0.719, 0.719, 0.719, 0.719, 0.719, 0.718, 0.718, 0.718, 0.718, 0.719, 0.72, 0.72, 0.72, 0.72, 0.72, 0.72, 0.72, 0.719, 0.719, 0.718, 0.718, 0.718, 0.718, 0.717, 0.717, 0.715, 0.715, 0.715, 0.715, 0.715, 0.715, 0.715, 0.715, 0.715, 0.715, 0.715, 0.715, 0.716, 0.717, 0.717, 0.717, 0.718, 0.718, 0.718, 0.718, 0.718, 0.717, 0.717, 0.717, 0.717, 0.717, 0.717, 0.716, 0.716, 0.716, 0.716, 0.716, 0.716, 0.716, 0.716, 0.716, 0.716, 0.716, 0.717, 0.717, 0.717, 0.717, 0.717, 0.717, 0.717, 0.717, 0.717, 0.717, 0.717, 0.717, 0.717, 0.717, 0.717, 0.717, 0.717, 0.717, 0.717, 0.716, 0.716, 0.716, 0.716, 0.716, 0.717, 0.717, 0.717, 0.717, 0.717, 0.717, 0.717, 0.717, 0.717, 0.718, 0.718, 0.718, 0.718, 0.719, 0.719, 0.718, 0.718, 0.718, 0.718, 0.718, 0.718, 0.718, 0.718, 0.718, 0.718, 0.716, 0.717, 0.716, 0.717, 0.717, 0.717, 0.717, 0.716, 0.716, 0.716, 0.716, 0.717, 0.717, 0.717, 0.717, 0.717, 0.717, 0.717, 0.717, 0.717, 0.717, 0.717, 0.717, 0.717, 0.716, 0.717, 0.718, 0.718, 0.718, 0.718, 0.718, 0.718, 0.719, 0.719, 0.719, 0.72, 0.72, 0.72, 0.721, 0.721, 0.721, 0.72, 0.72, 0.72, 0.719, 0.719, 0.719, 0.719, 0.719, 0.72, 0.72, 0.72, 0.72, 0.72, 0.72, 0.72, 0.72, 0.72, 0.72, 0.72, 0.72, 0.72, 0.72, 0.72, 0.72, 0.72, 0.72, 0.719, 0.719, 0.719, 0.719, 0.719, 0.719, 0.719, 0.719, 0.719, 0.719, 0.719, 0.719, 0.719, 0.719, 0.719, 0.719, 0.719, 0.719, 0.719, 0.719, 0.72, 0.72, 0.718, 0.719, 0.719, 0.719, 0.719, 0.719, 0.719, 0.719, 0.719, 0.719, 0.719, 0.719, 0.718, 0.718, 0.718, 0.718, 0.718, 0.718, 0.718, 0.718, 0.718, 0.718, 0.718, 0.718, 0.718, 0.718, 0.718, 0.718, 0.717, 0.717, 0.717, 0.717, 0.717, 0.717, 0.717, 0.717, 0.717, 0.717, 0.716, 0.716, 0.716, 0.716, 0.716, 0.716, 0.716, 0.716, 0.716, 0.716, 0.716, 0.716, 0.717, 0.717, 0.717, 0.717, 0.717, 0.717, 0.716, 0.716, 0.716, 0.716, 0.716, 0.716, 0.717, 0.717, 0.716, 0.715, 0.715]
best validation: 0.734
best test: 0.73
num distinct structures: 2365
Experiment run 3
dataset: Cora
num_mp_layers: 4
num_fl_layers: 2
mp_hidden_dim: 3000
fl_hidden_dim: 512
epsilon: 1.118033988749895
optimizer_lr: 0.01
loss_func: CrossEntropyLoss
total_epoch: 400
Epoch: 50, Loss: 0.8901, Train: 56.43%, Valid: 36.80%, Test: 40.00%, Best Valid: 44.00%, Best Test: 44.00%
Epoch: 100, Loss: 0.0016, Train: 100.00%, Valid: 64.40%, Test: 65.10%, Best Valid: 65.60%, Best Test: 65.40%
Epoch: 150, Loss: 0.0001, Train: 100.00%, Valid: 65.80%, Test: 66.00%, Best Valid: 66.20%, Best Test: 66.20%
Epoch: 200, Loss: 0.0000, Train: 100.00%, Valid: 66.20%, Test: 65.90%, Best Valid: 66.40%, Best Test: 66.30%
Epoch: 250, Loss: 0.0000, Train: 100.00%, Valid: 66.20%, Test: 65.80%, Best Valid: 66.40%, Best Test: 66.30%
Epoch: 300, Loss: 0.0000, Train: 100.00%, Valid: 66.00%, Test: 65.80%, Best Valid: 66.40%, Best Test: 66.30%
Epoch: 350, Loss: 0.0000, Train: 100.00%, Valid: 65.60%, Test: 65.80%, Best Valid: 66.40%, Best Test: 66.30%
train_accuracy_list: [0.15714285714285714, 0.14285714285714285, 0.14285714285714285, 0.14285714285714285, 0.14285714285714285, 0.14285714285714285, 0.14285714285714285, 0.14285714285714285, 0.14285714285714285, 0.14285714285714285, 0.14285714285714285, 0.14285714285714285, 0.14285714285714285, 0.14285714285714285, 0.16428571428571428, 0.14285714285714285, 0.14285714285714285, 0.14285714285714285, 0.17857142857142858, 0.15, 0.14285714285714285, 0.15714285714285714, 0.16428571428571428, 0.18571428571428572, 0.17142857142857143, 0.17857142857142858, 0.17857142857142858, 0.17142857142857143, 0.18571428571428572, 0.17142857142857143, 0.14285714285714285, 0.21428571428571427, 0.21428571428571427, 0.3357142857142857, 0.39285714285714285, 0.35, 0.3357142857142857, 0.3357142857142857, 0.35714285714285715, 0.38571428571428573, 0.37857142857142856, 0.4, 0.4785714285714286, 0.4714285714285714, 0.5571428571428572, 0.5071428571428571, 0.6, 0.6714285714285714, 0.6785714285714286, 0.5642857142857143, 0.35, 0.30714285714285716, 0.37857142857142856, 0.75, 0.29285714285714287, 0.8071428571428572, 0.4785714285714286, 0.5214285714285715, 0.8, 0.6071428571428571, 0.5285714285714286, 0.8214285714285714, 0.6142857142857143, 0.6071428571428571, 0.8357142857142857, 0.6928571428571428, 0.7928571428571428, 0.8928571428571429, 0.8285714285714286, 0.8357142857142857, 0.9428571428571428, 0.9357142857142857, 0.9428571428571428, 0.9714285714285714, 0.9428571428571428, 0.95, 0.9642857142857143, 0.9571428571428572, 0.9714285714285714, 0.9785714285714285, 0.9785714285714285, 0.9785714285714285, 0.9714285714285714, 0.9714285714285714, 0.9857142857142858, 0.9857142857142858, 0.9857142857142858, 0.9928571428571429, 0.9928571428571429, 1.0, 1.0, 1.0, 1.0, 1.0, 1.0, 1.0, 1.0, 1.0, 1.0, 1.0, 1.0, 1.0, 1.0, 1.0, 1.0, 1.0, 1.0, 1.0, 1.0, 1.0, 1.0, 1.0, 1.0, 1.0, 1.0, 1.0, 1.0, 1.0, 1.0, 1.0, 1.0, 1.0, 1.0, 1.0, 1.0, 1.0, 1.0, 1.0, 1.0, 1.0, 1.0, 1.0, 1.0, 1.0, 1.0, 1.0, 1.0, 1.0, 1.0, 1.0, 1.0, 1.0, 1.0, 1.0, 1.0, 1.0, 1.0, 1.0, 1.0, 1.0, 1.0, 1.0, 1.0, 1.0, 1.0, 1.0, 1.0, 1.0, 1.0, 1.0, 1.0, 1.0, 1.0, 1.0, 1.0, 1.0, 1.0, 1.0, 1.0, 1.0, 1.0, 1.0, 1.0, 1.0, 1.0, 1.0, 1.0, 1.0, 1.0, 1.0, 1.0, 1.0, 1.0, 1.0, 1.0, 1.0, 1.0, 1.0, 1.0, 1.0, 1.0, 1.0, 1.0, 1.0, 1.0, 1.0, 1.0, 1.0, 1.0, 1.0, 1.0, 1.0, 1.0, 1.0, 1.0, 1.0, 1.0, 1.0, 1.0, 1.0, 1.0, 1.0, 1.0, 1.0, 1.0, 1.0, 1.0, 1.0, 1.0, 1.0, 1.0, 1.0, 1.0, 1.0, 1.0, 1.0, 1.0, 1.0, 1.0, 1.0, 1.0, 1.0, 1.0, 1.0, 1.0, 1.0, 1.0, 1.0, 1.0, 1.0, 1.0, 1.0, 1.0, 1.0, 1.0, 1.0, 1.0, 1.0, 1.0, 1.0, 1.0, 1.0, 1.0, 1.0, 1.0, 1.0, 1.0, 1.0, 1.0, 1.0, 1.0, 1.0, 1.0, 1.0, 1.0, 1.0, 1.0, 1.0, 1.0, 1.0, 1.0, 1.0, 1.0, 1.0, 1.0, 1.0, 1.0, 1.0, 1.0, 1.0, 1.0, 1.0, 1.0, 1.0, 1.0, 1.0, 1.0, 1.0, 1.0, 1.0, 1.0, 1.0, 1.0, 1.0, 1.0, 1.0, 1.0, 1.0, 1.0, 1.0, 1.0, 1.0, 1.0, 1.0, 1.0, 1.0, 1.0, 1.0, 1.0, 1.0, 1.0, 1.0, 1.0, 1.0, 1.0, 1.0, 1.0, 1.0, 1.0, 1.0, 1.0, 1.0, 1.0, 1.0, 1.0, 1.0, 1.0, 1.0, 1.0, 1.0, 1.0, 1.0, 1.0, 1.0, 1.0, 1.0, 1.0, 1.0, 1.0, 1.0, 1.0, 1.0, 1.0, 1.0, 1.0, 1.0, 1.0, 1.0, 1.0, 1.0, 1.0, 1.0, 1.0, 1.0, 1.0, 1.0, 1.0, 1.0, 1.0, 1.0, 1.0, 1.0, 1.0, 1.0, 1.0, 1.0, 1.0, 1.0, 1.0, 1.0, 1.0, 1.0, 1.0, 1.0, 1.0, 1.0, 1.0, 1.0, 1.0, 1.0, 1.0, 1.0, 1.0, 1.0, 1.0, 1.0, 1.0, 1.0, 1.0, 1.0, 1.0, 1.0, 1.0, 1.0, 1.0, 1.0, 1.0, 1.0, 1.0]
valid_accuracy_list: [0.064, 0.122, 0.156, 0.114, 0.122, 0.058, 0.058, 0.066, 0.072, 0.072, 0.072, 0.072, 0.316, 0.316, 0.298, 0.162, 0.162, 0.162, 0.168, 0.156, 0.156, 0.158, 0.162, 0.18, 0.084, 0.096, 0.102, 0.108, 0.114, 0.09, 0.074, 0.23, 0.314, 0.308, 0.44, 0.33, 0.322, 0.332, 0.308, 0.326, 0.294, 0.252, 0.358, 0.36, 0.39, 0.402, 0.366, 0.362, 0.394, 0.368, 0.406, 0.212, 0.192, 0.376, 0.296, 0.45, 0.272, 0.296, 0.488, 0.49, 0.404, 0.374, 0.3, 0.338, 0.474, 0.526, 0.558, 0.456, 0.382, 0.406, 0.53, 0.58, 0.592, 0.548, 0.48, 0.496, 0.552, 0.576, 0.616, 0.6, 0.586, 0.612, 0.624, 0.618, 0.604, 0.598, 0.584, 0.62, 0.646, 0.644, 0.65, 0.656, 0.648, 0.628, 0.628, 0.638, 0.644, 0.656, 0.652, 0.644, 0.648, 0.65, 0.656, 0.652, 0.648, 0.64, 0.644, 0.646, 0.646, 0.646, 0.644, 0.65, 0.654, 0.654, 0.662, 0.662, 0.66, 0.662, 0.658, 0.658, 0.66, 0.66, 0.66, 0.662, 0.66, 0.66, 0.656, 0.656, 0.654, 0.648, 0.648, 0.648, 0.648, 0.648, 0.648, 0.648, 0.648, 0.646, 0.648, 0.652, 0.654, 0.654, 0.656, 0.656, 0.658, 0.658, 0.658, 0.658, 0.658, 0.658, 0.658, 0.658, 0.658, 0.658, 0.656, 0.656, 0.656, 0.656, 0.656, 0.656, 0.658, 0.658, 0.658, 0.658, 0.658, 0.658, 0.658, 0.662, 0.662, 0.662, 0.662, 0.662, 0.662, 0.66, 0.66, 0.66, 0.664, 0.664, 0.664, 0.664, 0.664, 0.664, 0.662, 0.662, 0.662, 0.662, 0.662, 0.662, 0.664, 0.664, 0.664, 0.664, 0.664, 0.664, 0.664, 0.664, 0.664, 0.662, 0.662, 0.662, 0.662, 0.664, 0.664, 0.664, 0.664, 0.664, 0.664, 0.664, 0.664, 0.664, 0.664, 0.662, 0.662, 0.664, 0.664, 0.664, 0.664, 0.662, 0.662, 0.662, 0.662, 0.662, 0.662, 0.662, 0.662, 0.662, 0.662, 0.662, 0.662, 0.66, 0.66, 0.66, 0.66, 0.66, 0.66, 0.66, 0.66, 0.662, 0.66, 0.66, 0.66, 0.662, 0.662, 0.662, 0.662, 0.662, 0.662, 0.662, 0.662, 0.662, 0.662, 0.662, 0.662, 0.66, 0.66, 0.66, 0.66, 0.66, 0.66, 0.658, 0.658, 0.658, 0.658, 0.658, 0.658, 0.658, 0.658, 0.658, 0.658, 0.658, 0.658, 0.658, 0.658, 0.658, 0.658, 0.658, 0.658, 0.658, 0.658, 0.658, 0.658, 0.658, 0.658, 0.658, 0.66, 0.66, 0.66, 0.66, 0.66, 0.66, 0.66, 0.66, 0.66, 0.66, 0.66, 0.66, 0.66, 0.66, 0.66, 0.66, 0.66, 0.66, 0.66, 0.66, 0.66, 0.66, 0.66, 0.66, 0.66, 0.66, 0.66, 0.66, 0.66, 0.66, 0.66, 0.66, 0.66, 0.66, 0.66, 0.66, 0.66, 0.66, 0.66, 0.66, 0.658, 0.658, 0.658, 0.658, 0.658, 0.658, 0.658, 0.658, 0.658, 0.658, 0.658, 0.658, 0.658, 0.658, 0.658, 0.658, 0.658, 0.658, 0.658, 0.656, 0.656, 0.656, 0.656, 0.656, 0.656, 0.656, 0.656, 0.656, 0.656, 0.656, 0.656, 0.656, 0.656, 0.656, 0.656, 0.656, 0.656, 0.656, 0.656, 0.656, 0.656, 0.656, 0.656, 0.656, 0.656, 0.656, 0.656, 0.656, 0.656, 0.656, 0.656, 0.656, 0.656, 0.656, 0.656, 0.656, 0.656, 0.656, 0.656, 0.656, 0.656, 0.654, 0.654, 0.654, 0.652, 0.652, 0.652, 0.65, 0.65, 0.65, 0.65, 0.648, 0.648, 0.648, 0.648]
test_accuracy_list: [0.064, 0.13, 0.144, 0.103, 0.13, 0.064, 0.064, 0.062, 0.091, 0.091, 0.091, 0.091, 0.319, 0.318, 0.319, 0.149, 0.149, 0.149, 0.15, 0.144, 0.144, 0.145, 0.146, 0.152, 0.079, 0.094, 0.1, 0.099, 0.093, 0.09, 0.087, 0.262, 0.329, 0.36, 0.44, 0.321, 0.314, 0.328, 0.285, 0.355, 0.31, 0.273, 0.382, 0.426, 0.425, 0.394, 0.382, 0.395, 0.399, 0.4, 0.391, 0.25, 0.237, 0.372, 0.288, 0.454, 0.329, 0.36, 0.521, 0.451, 0.38, 0.371, 0.364, 0.386, 0.517, 0.522, 0.528, 0.457, 0.41, 0.466, 0.561, 0.595, 0.594, 0.578, 0.509, 0.504, 0.566, 0.584, 0.627, 0.633, 0.628, 0.635, 0.636, 0.625, 0.611, 0.602, 0.596, 0.622, 0.646, 0.645, 0.651, 0.652, 0.651, 0.652, 0.652, 0.653, 0.654, 0.649, 0.647, 0.651, 0.651, 0.654, 0.652, 0.657, 0.659, 0.656, 0.658, 0.656, 0.658, 0.657, 0.658, 0.658, 0.659, 0.659, 0.66, 0.66, 0.659, 0.656, 0.656, 0.657, 0.657, 0.657, 0.657, 0.657, 0.66, 0.659, 0.659, 0.659, 0.659, 0.66, 0.66, 0.659, 0.658, 0.658, 0.659, 0.659, 0.661, 0.661, 0.662, 0.661, 0.66, 0.657, 0.658, 0.659, 0.659, 0.659, 0.66, 0.661, 0.66, 0.66, 0.66, 0.66, 0.66, 0.662, 0.662, 0.662, 0.66, 0.66, 0.66, 0.66, 0.66, 0.66, 0.661, 0.662, 0.662, 0.662, 0.662, 0.662, 0.662, 0.663, 0.662, 0.662, 0.662, 0.659, 0.658, 0.658, 0.658, 0.658, 0.658, 0.658, 0.658, 0.658, 0.658, 0.658, 0.658, 0.658, 0.658, 0.658, 0.658, 0.658, 0.659, 0.659, 0.659, 0.659, 0.659, 0.659, 0.659, 0.659, 0.659, 0.659, 0.66, 0.66, 0.658, 0.658, 0.659, 0.66, 0.66, 0.66, 0.66, 0.661, 0.661, 0.661, 0.661, 0.661, 0.66, 0.66, 0.66, 0.66, 0.66, 0.66, 0.66, 0.66, 0.66, 0.66, 0.66, 0.66, 0.66, 0.66, 0.66, 0.66, 0.66, 0.66, 0.66, 0.659, 0.659, 0.659, 0.659, 0.659, 0.659, 0.659, 0.658, 0.658, 0.658, 0.658, 0.658, 0.658, 0.658, 0.658, 0.658, 0.658, 0.658, 0.658, 0.658, 0.658, 0.658, 0.658, 0.658, 0.658, 0.658, 0.658, 0.658, 0.658, 0.658, 0.658, 0.658, 0.658, 0.658, 0.658, 0.658, 0.658, 0.657, 0.657, 0.657, 0.657, 0.657, 0.657, 0.657, 0.657, 0.657, 0.657, 0.657, 0.657, 0.657, 0.657, 0.657, 0.657, 0.657, 0.657, 0.657, 0.657, 0.657, 0.657, 0.657, 0.657, 0.657, 0.657, 0.658, 0.658, 0.658, 0.658, 0.658, 0.658, 0.658, 0.658, 0.658, 0.658, 0.658, 0.658, 0.658, 0.658, 0.658, 0.658, 0.658, 0.658, 0.658, 0.658, 0.658, 0.658, 0.658, 0.658, 0.658, 0.658, 0.658, 0.658, 0.658, 0.658, 0.658, 0.658, 0.658, 0.658, 0.658, 0.658, 0.658, 0.658, 0.658, 0.658, 0.658, 0.658, 0.658, 0.658, 0.658, 0.658, 0.658, 0.658, 0.658, 0.658, 0.658, 0.658, 0.658, 0.658, 0.658, 0.658, 0.658, 0.658, 0.658, 0.658, 0.658, 0.658, 0.658, 0.658, 0.658, 0.658, 0.658, 0.658, 0.658, 0.658, 0.658, 0.658, 0.658, 0.658, 0.658, 0.658, 0.657, 0.657, 0.657, 0.657, 0.657, 0.657, 0.657, 0.657, 0.657, 0.657, 0.657, 0.657, 0.657, 0.657, 0.657, 0.657, 0.657, 0.657, 0.657, 0.657, 0.657, 0.657, 0.657, 0.657, 0.657, 0.657, 0.657]
best validation: 0.664
best test: 0.663
num distinct structures: 2365
Experiment run 4
dataset: Cora
num_mp_layers: 5
num_fl_layers: 2
mp_hidden_dim: 3000
fl_hidden_dim: 512
epsilon: 1.118033988749895
optimizer_lr: 0.01
loss_func: CrossEntropyLoss
total_epoch: 400
Epoch: 50, Loss: 1.2011, Train: 46.43%, Valid: 31.80%, Test: 33.40%, Best Valid: 41.20%, Best Test: 38.20%
Epoch: 100, Loss: 0.6223, Train: 86.43%, Valid: 51.60%, Test: 50.70%, Best Valid: 56.40%, Best Test: 54.80%
Epoch: 150, Loss: 0.0009, Train: 100.00%, Valid: 64.40%, Test: 61.80%, Best Valid: 64.40%, Best Test: 62.50%
Epoch: 200, Loss: 0.0000, Train: 100.00%, Valid: 64.00%, Test: 61.60%, Best Valid: 64.60%, Best Test: 62.60%
Epoch: 250, Loss: 0.0000, Train: 100.00%, Valid: 64.00%, Test: 62.10%, Best Valid: 64.60%, Best Test: 62.60%
Epoch: 300, Loss: 0.0000, Train: 100.00%, Valid: 64.00%, Test: 63.00%, Best Valid: 64.80%, Best Test: 63.20%
Epoch: 350, Loss: 0.0000, Train: 100.00%, Valid: 64.60%, Test: 62.70%, Best Valid: 64.80%, Best Test: 63.20%
train_accuracy_list: [0.14285714285714285, 0.14285714285714285, 0.14285714285714285, 0.14285714285714285, 0.14285714285714285, 0.14285714285714285, 0.14285714285714285, 0.14285714285714285, 0.14285714285714285, 0.14285714285714285, 0.14285714285714285, 0.14285714285714285, 0.14285714285714285, 0.14285714285714285, 0.14285714285714285, 0.14285714285714285, 0.14285714285714285, 0.14285714285714285, 0.14285714285714285, 0.1357142857142857, 0.12142857142857143, 0.16428571428571428, 0.17142857142857143, 0.17142857142857143, 0.16428571428571428, 0.16428571428571428, 0.16428571428571428, 0.2, 0.15714285714285714, 0.15714285714285714, 0.17857142857142858, 0.24285714285714285, 0.21428571428571427, 0.2571428571428571, 0.2785714285714286, 0.2642857142857143, 0.2642857142857143, 0.4, 0.21428571428571427, 0.30714285714285716, 0.2785714285714286, 0.37142857142857144, 0.29285714285714287, 0.35714285714285715, 0.4142857142857143, 0.45, 0.4857142857142857, 0.36428571428571427, 0.4857142857142857, 0.4642857142857143, 0.5642857142857143, 0.5357142857142857, 0.5571428571428572, 0.5857142857142857, 0.6214285714285714, 0.6, 0.6214285714285714, 0.6285714285714286, 0.6428571428571429, 0.6642857142857143, 0.5785714285714286, 0.6642857142857143, 0.7785714285714286, 0.7785714285714286, 0.7571428571428571, 0.7857142857142857, 0.7785714285714286, 0.8571428571428571, 0.8928571428571429, 0.8928571428571429, 0.8785714285714286, 0.55, 0.2714285714285714, 0.30714285714285716, 0.4928571428571429, 0.25, 0.44285714285714284, 0.5857142857142857, 0.5285714285714286, 0.6571428571428571, 0.6071428571428571, 0.45714285714285713, 0.5285714285714286, 0.39285714285714285, 0.4714285714285714, 0.5285714285714286, 0.6571428571428571, 0.6928571428571428, 0.7142857142857143, 0.75, 0.7928571428571428, 0.7785714285714286, 0.7, 0.6214285714285714, 0.6571428571428571, 0.7428571428571429, 0.8071428571428572, 0.8, 0.8428571428571429, 0.8642857142857143, 0.8642857142857143, 0.8571428571428571, 0.85, 0.8428571428571429, 0.8642857142857143, 0.8642857142857143, 0.8714285714285714, 0.8785714285714286, 0.8928571428571429, 0.9071428571428571, 0.95, 0.95, 0.9571428571428572, 0.9571428571428572, 0.9642857142857143, 0.9785714285714285, 0.9714285714285714, 0.9785714285714285, 0.9857142857142858, 0.9857142857142858, 0.9857142857142858, 0.9857142857142858, 0.9857142857142858, 0.9928571428571429, 0.9928571428571429, 1.0, 1.0, 1.0, 1.0, 1.0, 1.0, 1.0, 1.0, 1.0, 1.0, 1.0, 1.0, 1.0, 1.0, 1.0, 1.0, 1.0, 1.0, 1.0, 1.0, 1.0, 1.0, 1.0, 1.0, 1.0, 1.0, 1.0, 1.0, 1.0, 1.0, 1.0, 1.0, 1.0, 1.0, 1.0, 1.0, 1.0, 1.0, 1.0, 1.0, 1.0, 1.0, 1.0, 1.0, 1.0, 1.0, 1.0, 1.0, 1.0, 1.0, 1.0, 1.0, 1.0, 1.0, 1.0, 1.0, 1.0, 1.0, 1.0, 1.0, 1.0, 1.0, 1.0, 1.0, 1.0, 1.0, 1.0, 1.0, 1.0, 1.0, 1.0, 1.0, 1.0, 1.0, 1.0, 1.0, 1.0, 1.0, 1.0, 1.0, 1.0, 1.0, 1.0, 1.0, 1.0, 1.0, 1.0, 1.0, 1.0, 1.0, 1.0, 1.0, 1.0, 1.0, 1.0, 1.0, 1.0, 1.0, 1.0, 1.0, 1.0, 1.0, 1.0, 1.0, 1.0, 1.0, 1.0, 1.0, 1.0, 1.0, 1.0, 1.0, 1.0, 1.0, 1.0, 1.0, 1.0, 1.0, 1.0, 1.0, 1.0, 1.0, 1.0, 1.0, 1.0, 1.0, 1.0, 1.0, 1.0, 1.0, 1.0, 1.0, 1.0, 1.0, 1.0, 1.0, 1.0, 1.0, 1.0, 1.0, 1.0, 1.0, 1.0, 1.0, 1.0, 1.0, 1.0, 1.0, 1.0, 1.0, 1.0, 1.0, 1.0, 1.0, 1.0, 1.0, 1.0, 1.0, 1.0, 1.0, 1.0, 1.0, 1.0, 1.0, 1.0, 1.0, 1.0, 1.0, 1.0, 1.0, 1.0, 1.0, 1.0, 1.0, 1.0, 1.0, 1.0, 1.0, 1.0, 1.0, 1.0, 1.0, 1.0, 1.0, 1.0, 1.0, 1.0, 1.0, 1.0, 1.0, 1.0, 1.0, 1.0, 1.0, 1.0, 1.0, 1.0, 1.0, 1.0, 1.0, 1.0, 1.0, 1.0, 1.0, 1.0, 1.0, 1.0, 1.0, 1.0, 1.0, 1.0, 1.0, 1.0, 1.0, 1.0, 1.0, 1.0, 1.0, 1.0, 1.0, 1.0, 1.0, 1.0, 1.0, 1.0, 1.0, 1.0, 1.0, 1.0, 1.0, 1.0, 1.0, 1.0, 1.0, 1.0, 1.0, 1.0, 1.0, 1.0, 1.0, 1.0, 1.0, 1.0, 1.0, 1.0, 1.0, 1.0, 1.0, 1.0, 1.0, 1.0, 1.0, 1.0, 1.0, 1.0, 1.0, 1.0, 1.0, 1.0, 1.0, 1.0, 1.0, 1.0, 1.0, 1.0, 1.0, 1.0, 1.0, 1.0, 1.0, 1.0, 1.0, 1.0, 1.0]
valid_accuracy_list: [0.162, 0.162, 0.072, 0.156, 0.114, 0.162, 0.162, 0.162, 0.162, 0.162, 0.162, 0.122, 0.122, 0.122, 0.122, 0.058, 0.058, 0.058, 0.058, 0.148, 0.158, 0.138, 0.12, 0.144, 0.148, 0.154, 0.154, 0.136, 0.088, 0.104, 0.136, 0.15, 0.118, 0.164, 0.168, 0.196, 0.246, 0.412, 0.176, 0.382, 0.268, 0.404, 0.262, 0.324, 0.34, 0.302, 0.294, 0.25, 0.296, 0.318, 0.366, 0.352, 0.412, 0.46, 0.468, 0.488, 0.472, 0.442, 0.478, 0.502, 0.416, 0.512, 0.5, 0.488, 0.542, 0.5, 0.55, 0.544, 0.556, 0.564, 0.512, 0.432, 0.114, 0.246, 0.464, 0.37, 0.412, 0.36, 0.28, 0.342, 0.418, 0.37, 0.32, 0.318, 0.36, 0.35, 0.364, 0.436, 0.428, 0.472, 0.524, 0.518, 0.476, 0.448, 0.458, 0.488, 0.496, 0.492, 0.486, 0.516, 0.542, 0.554, 0.566, 0.588, 0.594, 0.594, 0.578, 0.576, 0.588, 0.59, 0.58, 0.592, 0.572, 0.566, 0.586, 0.602, 0.598, 0.612, 0.618, 0.622, 0.63, 0.632, 0.636, 0.638, 0.624, 0.624, 0.628, 0.63, 0.634, 0.634, 0.638, 0.64, 0.63, 0.636, 0.638, 0.642, 0.638, 0.636, 0.644, 0.642, 0.64, 0.638, 0.64, 0.64, 0.638, 0.64, 0.636, 0.642, 0.64, 0.644, 0.644, 0.642, 0.646, 0.646, 0.644, 0.64, 0.642, 0.642, 0.646, 0.644, 0.642, 0.644, 0.642, 0.644, 0.644, 0.644, 0.644, 0.644, 0.64, 0.642, 0.638, 0.64, 0.642, 0.644, 0.642, 0.64, 0.642, 0.642, 0.642, 0.64, 0.64, 0.636, 0.636, 0.636, 0.64, 0.642, 0.644, 0.644, 0.644, 0.644, 0.642, 0.64, 0.636, 0.638, 0.638, 0.636, 0.638, 0.638, 0.64, 0.64, 0.64, 0.64, 0.64, 0.64, 0.64, 0.64, 0.64, 0.644, 0.644, 0.646, 0.646, 0.646, 0.646, 0.646, 0.642, 0.642, 0.64, 0.64, 0.642, 0.642, 0.64, 0.642, 0.642, 0.642, 0.64, 0.64, 0.64, 0.64, 0.64, 0.642, 0.64, 0.64, 0.642, 0.642, 0.64, 0.636, 0.636, 0.636, 0.634, 0.638, 0.638, 0.636, 0.636, 0.638, 0.642, 0.642, 0.642, 0.642, 0.642, 0.64, 0.64, 0.64, 0.64, 0.64, 0.64, 0.64, 0.64, 0.64, 0.638, 0.638, 0.64, 0.64, 0.64, 0.64, 0.64, 0.64, 0.64, 0.642, 0.646, 0.646, 0.646, 0.646, 0.648, 0.646, 0.646, 0.646, 0.646, 0.648, 0.648, 0.648, 0.648, 0.648, 0.648, 0.648, 0.648, 0.646, 0.646, 0.644, 0.644, 0.644, 0.644, 0.644, 0.644, 0.644, 0.644, 0.644, 0.642, 0.64, 0.64, 0.64, 0.64, 0.64, 0.64, 0.64, 0.64, 0.64, 0.64, 0.64, 0.64, 0.642, 0.642, 0.642, 0.642, 0.642, 0.642, 0.642, 0.644, 0.644, 0.644, 0.644, 0.644, 0.646, 0.646, 0.646, 0.646, 0.644, 0.644, 0.644, 0.644, 0.646, 0.648, 0.648, 0.646, 0.646, 0.646, 0.646, 0.646, 0.646, 0.646, 0.646, 0.646, 0.646, 0.646, 0.646, 0.646, 0.646, 0.646, 0.646, 0.646, 0.646, 0.646, 0.646, 0.646, 0.646, 0.646, 0.646, 0.646, 0.646, 0.646, 0.646, 0.648, 0.648, 0.648, 0.648, 0.648, 0.648, 0.65, 0.65, 0.65, 0.65, 0.65, 0.65, 0.65, 0.65, 0.65, 0.65, 0.65, 0.65, 0.65, 0.648, 0.648, 0.65, 0.65, 0.65, 0.652, 0.652, 0.652, 0.652, 0.648, 0.648, 0.648, 0.652, 0.652, 0.652, 0.652, 0.652, 0.652, 0.652, 0.652]
test_accuracy_list: [0.149, 0.149, 0.091, 0.144, 0.103, 0.149, 0.149, 0.149, 0.149, 0.149, 0.149, 0.13, 0.13, 0.13, 0.13, 0.064, 0.064, 0.064, 0.064, 0.138, 0.14, 0.13, 0.114, 0.117, 0.13, 0.131, 0.136, 0.137, 0.109, 0.123, 0.139, 0.133, 0.11, 0.139, 0.15, 0.171, 0.204, 0.38, 0.166, 0.36, 0.257, 0.382, 0.24, 0.29, 0.34, 0.28, 0.295, 0.203, 0.277, 0.334, 0.404, 0.341, 0.389, 0.451, 0.455, 0.463, 0.47, 0.437, 0.489, 0.487, 0.415, 0.487, 0.504, 0.486, 0.499, 0.496, 0.514, 0.548, 0.536, 0.519, 0.506, 0.377, 0.143, 0.251, 0.444, 0.317, 0.359, 0.345, 0.299, 0.349, 0.38, 0.357, 0.329, 0.321, 0.331, 0.334, 0.374, 0.452, 0.455, 0.462, 0.492, 0.468, 0.429, 0.408, 0.414, 0.442, 0.476, 0.47, 0.476, 0.507, 0.521, 0.519, 0.535, 0.543, 0.567, 0.564, 0.548, 0.541, 0.548, 0.56, 0.561, 0.558, 0.572, 0.568, 0.564, 0.57, 0.584, 0.587, 0.59, 0.593, 0.593, 0.601, 0.606, 0.599, 0.615, 0.613, 0.599, 0.603, 0.608, 0.623, 0.623, 0.614, 0.607, 0.611, 0.621, 0.621, 0.621, 0.619, 0.62, 0.621, 0.623, 0.623, 0.625, 0.624, 0.62, 0.623, 0.623, 0.617, 0.62, 0.618, 0.622, 0.624, 0.626, 0.624, 0.624, 0.623, 0.62, 0.617, 0.618, 0.619, 0.623, 0.624, 0.624, 0.624, 0.623, 0.624, 0.625, 0.624, 0.621, 0.618, 0.618, 0.619, 0.621, 0.622, 0.619, 0.62, 0.62, 0.62, 0.62, 0.618, 0.618, 0.617, 0.619, 0.618, 0.617, 0.62, 0.618, 0.618, 0.618, 0.619, 0.62, 0.618, 0.619, 0.619, 0.619, 0.62, 0.62, 0.619, 0.617, 0.616, 0.613, 0.615, 0.617, 0.617, 0.615, 0.614, 0.613, 0.614, 0.614, 0.615, 0.615, 0.615, 0.615, 0.618, 0.619, 0.619, 0.619, 0.619, 0.619, 0.618, 0.618, 0.618, 0.619, 0.62, 0.62, 0.621, 0.62, 0.621, 0.62, 0.618, 0.62, 0.62, 0.62, 0.62, 0.62, 0.62, 0.62, 0.619, 0.619, 0.62, 0.619, 0.619, 0.619, 0.62, 0.62, 0.62, 0.62, 0.62, 0.621, 0.621, 0.622, 0.622, 0.622, 0.622, 0.622, 0.622, 0.622, 0.622, 0.622, 0.622, 0.622, 0.623, 0.623, 0.624, 0.624, 0.624, 0.625, 0.626, 0.626, 0.624, 0.625, 0.626, 0.629, 0.629, 0.629, 0.629, 0.63, 0.63, 0.63, 0.629, 0.63, 0.63, 0.63, 0.631, 0.631, 0.631, 0.632, 0.632, 0.632, 0.632, 0.632, 0.632, 0.632, 0.632, 0.632, 0.632, 0.632, 0.63, 0.63, 0.63, 0.63, 0.63, 0.629, 0.629, 0.629, 0.629, 0.629, 0.629, 0.629, 0.629, 0.629, 0.629, 0.629, 0.629, 0.629, 0.629, 0.629, 0.629, 0.629, 0.629, 0.629, 0.629, 0.63, 0.63, 0.629, 0.629, 0.629, 0.628, 0.628, 0.628, 0.628, 0.628, 0.628, 0.628, 0.628, 0.628, 0.628, 0.628, 0.628, 0.628, 0.628, 0.628, 0.628, 0.627, 0.627, 0.627, 0.627, 0.627, 0.627, 0.627, 0.627, 0.627, 0.627, 0.627, 0.627, 0.627, 0.627, 0.627, 0.627, 0.627, 0.627, 0.627, 0.628, 0.628, 0.628, 0.628, 0.628, 0.628, 0.628, 0.628, 0.628, 0.627, 0.627, 0.628, 0.628, 0.628, 0.628, 0.626, 0.626, 0.626, 0.626, 0.626, 0.626, 0.627, 0.627, 0.627, 0.627, 0.626, 0.626, 0.626, 0.626, 0.626, 0.627, 0.627, 0.627, 0.627, 0.627, 0.627, 0.627]
best validation: 0.652
best test: 0.632
num distinct structures: 2365
Experiment run 5
dataset: Cora
num_mp_layers: 6
num_fl_layers: 2
mp_hidden_dim: 3000
fl_hidden_dim: 512
epsilon: 1.118033988749895
optimizer_lr: 0.01
loss_func: CrossEntropyLoss
total_epoch: 400
Epoch: 50, Loss: 1.4698, Train: 33.57%, Valid: 24.20%, Test: 25.70%, Best Valid: 31.60%, Best Test: 31.90%
Epoch: 100, Loss: 0.4036, Train: 85.71%, Valid: 37.20%, Test: 41.30%, Best Valid: 39.80%, Best Test: 41.60%
Epoch: 150, Loss: 0.1897, Train: 86.43%, Valid: 43.60%, Test: 42.70%, Best Valid: 43.80%, Best Test: 43.30%
Epoch: 200, Loss: 0.8169, Train: 67.86%, Valid: 41.20%, Test: 40.70%, Best Valid: 48.20%, Best Test: 45.10%
Epoch: 250, Loss: 0.0057, Train: 100.00%, Valid: 51.20%, Test: 51.00%, Best Valid: 52.00%, Best Test: 52.60%
Epoch: 300, Loss: 0.0003, Train: 100.00%, Valid: 51.00%, Test: 50.50%, Best Valid: 52.00%, Best Test: 52.60%
Epoch: 350, Loss: 0.0001, Train: 100.00%, Valid: 51.40%, Test: 50.60%, Best Valid: 52.00%, Best Test: 52.60%
train_accuracy_list: [0.14285714285714285, 0.14285714285714285, 0.14285714285714285, 0.15, 0.14285714285714285, 0.14285714285714285, 0.14285714285714285, 0.14285714285714285, 0.14285714285714285, 0.14285714285714285, 0.14285714285714285, 0.14285714285714285, 0.14285714285714285, 0.14285714285714285, 0.14285714285714285, 0.15, 0.14285714285714285, 0.14285714285714285, 0.14285714285714285, 0.14285714285714285, 0.14285714285714285, 0.14285714285714285, 0.17857142857142858, 0.12857142857142856, 0.14285714285714285, 0.14285714285714285, 0.14285714285714285, 0.16428571428571428, 0.16428571428571428, 0.16428571428571428, 0.16428571428571428, 0.15714285714285714, 0.14285714285714285, 0.10714285714285714, 0.17142857142857143, 0.19285714285714287, 0.15, 0.20714285714285716, 0.29285714285714287, 0.2642857142857143, 0.24285714285714285, 0.25, 0.2642857142857143, 0.24285714285714285, 0.2714285714285714, 0.2714285714285714, 0.29285714285714287, 0.30714285714285716, 0.30714285714285716, 0.3357142857142857, 0.37142857142857144, 0.4142857142857143, 0.42142857142857143, 0.4, 0.44285714285714284, 0.5, 0.40714285714285714, 0.4857142857142857, 0.5214285714285715, 0.4357142857142857, 0.5, 0.5928571428571429, 0.45, 0.5142857142857142, 0.5642857142857143, 0.5928571428571429, 0.5785714285714286, 0.5071428571428571, 0.6071428571428571, 0.6357142857142857, 0.6071428571428571, 0.6, 0.5714285714285714, 0.6285714285714286, 0.6928571428571428, 0.6428571428571429, 0.5357142857142857, 0.6142857142857143, 0.5571428571428572, 0.6142857142857143, 0.6785714285714286, 0.5857142857142857, 0.6, 0.7142857142857143, 0.6857142857142857, 0.6857142857142857, 0.6642857142857143, 0.7857142857142857, 0.7214285714285714, 0.8, 0.8285714285714286, 0.8214285714285714, 0.7428571428571429, 0.75, 0.85, 0.85, 0.7428571428571429, 0.8428571428571429, 0.85, 0.8571428571428571, 0.7714285714285715, 0.7285714285714285, 0.6928571428571428, 0.7785714285714286, 0.8, 0.6928571428571428, 0.7142857142857143, 0.8571428571428571, 0.6285714285714286, 0.6571428571428571, 0.8714285714285714, 0.6214285714285714, 0.6428571428571429, 0.8214285714285714, 0.8, 0.8214285714285714, 0.7071428571428572, 0.8428571428571429, 0.8142857142857143, 0.8357142857142857, 0.8357142857142857, 0.8357142857142857, 0.8642857142857143, 0.8428571428571429, 0.8785714285714286, 0.8785714285714286, 0.8571428571428571, 0.8928571428571429, 0.8857142857142857, 0.8928571428571429, 0.9, 0.85, 0.8785714285714286, 0.8642857142857143, 0.8642857142857143, 0.8642857142857143, 0.8642857142857143, 0.8857142857142857, 0.8642857142857143, 0.8857142857142857, 0.9, 0.8642857142857143, 0.8785714285714286, 0.8642857142857143, 0.85, 0.8857142857142857, 0.8642857142857143, 0.8928571428571429, 0.9285714285714286, 0.8642857142857143, 0.8928571428571429, 0.8642857142857143, 0.9142857142857143, 0.9142857142857143, 0.8714285714285714, 0.9071428571428571, 0.9071428571428571, 0.9285714285714286, 0.95, 0.95, 0.9428571428571428, 0.9428571428571428, 0.9428571428571428, 0.9714285714285714, 1.0, 0.9928571428571429, 1.0, 1.0, 1.0, 0.9928571428571429, 0.9642857142857143, 1.0, 0.9928571428571429, 0.9071428571428571, 0.4, 0.2571428571428571, 0.5142857142857142, 0.5214285714285715, 0.40714285714285714, 0.6357142857142857, 0.65, 0.36428571428571427, 0.39285714285714285, 0.5857142857142857, 0.6785714285714286, 0.6214285714285714, 0.5357142857142857, 0.44285714285714284, 0.4, 0.39285714285714285, 0.45, 0.6785714285714286, 0.6571428571428571, 0.5928571428571429, 0.5785714285714286, 0.5714285714285714, 0.6, 0.6214285714285714, 0.5785714285714286, 0.6785714285714286, 0.8142857142857143, 0.8285714285714286, 0.8571428571428571, 0.8214285714285714, 0.8214285714285714, 0.8642857142857143, 0.8785714285714286, 0.9285714285714286, 0.9428571428571428, 0.9428571428571428, 0.9428571428571428, 0.9285714285714286, 0.95, 0.9714285714285714, 0.9785714285714285, 0.9714285714285714, 0.9714285714285714, 0.95, 0.9857142857142858, 0.9428571428571428, 0.8214285714285714, 0.9357142857142857, 0.9714285714285714, 0.7785714285714286, 0.9928571428571429, 0.9, 0.9285714285714286, 0.9785714285714285, 0.9357142857142857, 0.9357142857142857, 0.9928571428571429, 1.0, 1.0, 0.9928571428571429, 0.9857142857142858, 0.9928571428571429, 0.9928571428571429, 1.0, 1.0, 1.0, 1.0, 1.0, 1.0, 1.0, 1.0, 0.9928571428571429, 0.9928571428571429, 0.9928571428571429, 1.0, 1.0, 1.0, 1.0, 1.0, 1.0, 1.0, 1.0, 1.0, 1.0, 1.0, 1.0, 1.0, 1.0, 1.0, 1.0, 1.0, 1.0, 1.0, 1.0, 1.0, 1.0, 1.0, 1.0, 1.0, 1.0, 1.0, 1.0, 1.0, 1.0, 1.0, 1.0, 1.0, 1.0, 1.0, 1.0, 1.0, 1.0, 1.0, 1.0, 1.0, 1.0, 1.0, 1.0, 1.0, 1.0, 1.0, 1.0, 1.0, 1.0, 1.0, 1.0, 1.0, 1.0, 1.0, 1.0, 1.0, 1.0, 1.0, 1.0, 1.0, 1.0, 1.0, 1.0, 1.0, 1.0, 1.0, 1.0, 1.0, 1.0, 1.0, 1.0, 1.0, 1.0, 1.0, 1.0, 1.0, 1.0, 1.0, 1.0, 1.0, 1.0, 1.0, 1.0, 1.0, 1.0, 1.0, 1.0, 1.0, 1.0, 1.0, 1.0, 1.0, 1.0, 1.0, 1.0, 1.0, 1.0, 1.0, 1.0, 1.0, 1.0, 1.0, 1.0, 1.0, 1.0, 1.0, 1.0, 1.0, 1.0, 1.0, 1.0, 1.0, 1.0, 1.0, 1.0, 1.0, 1.0, 1.0, 1.0, 1.0, 1.0, 1.0, 1.0, 1.0, 1.0, 1.0, 1.0, 1.0, 1.0, 1.0, 1.0, 1.0, 1.0, 1.0, 1.0, 1.0, 1.0, 1.0, 1.0, 1.0, 1.0, 1.0, 1.0, 1.0, 1.0, 1.0, 1.0, 1.0, 1.0, 1.0]
valid_accuracy_list: [0.072, 0.072, 0.122, 0.108, 0.316, 0.072, 0.162, 0.162, 0.122, 0.122, 0.122, 0.122, 0.122, 0.122, 0.122, 0.156, 0.16, 0.072, 0.064, 0.058, 0.058, 0.058, 0.164, 0.072, 0.162, 0.162, 0.162, 0.162, 0.164, 0.158, 0.13, 0.124, 0.122, 0.136, 0.168, 0.206, 0.194, 0.192, 0.134, 0.17, 0.13, 0.158, 0.176, 0.14, 0.188, 0.192, 0.196, 0.226, 0.21, 0.242, 0.244, 0.304, 0.324, 0.332, 0.356, 0.38, 0.322, 0.348, 0.34, 0.336, 0.366, 0.356, 0.328, 0.39, 0.356, 0.344, 0.37, 0.3, 0.352, 0.396, 0.36, 0.346, 0.286, 0.354, 0.374, 0.294, 0.334, 0.338, 0.322, 0.36, 0.328, 0.29, 0.398, 0.378, 0.282, 0.33, 0.384, 0.352, 0.318, 0.33, 0.368, 0.35, 0.334, 0.362, 0.336, 0.336, 0.398, 0.336, 0.358, 0.372, 0.334, 0.378, 0.274, 0.388, 0.392, 0.32, 0.35, 0.368, 0.36, 0.35, 0.332, 0.348, 0.378, 0.356, 0.296, 0.356, 0.422, 0.38, 0.35, 0.332, 0.322, 0.394, 0.352, 0.404, 0.424, 0.412, 0.414, 0.376, 0.384, 0.392, 0.368, 0.388, 0.386, 0.422, 0.39, 0.438, 0.43, 0.4, 0.436, 0.398, 0.392, 0.422, 0.378, 0.412, 0.416, 0.392, 0.432, 0.404, 0.41, 0.436, 0.41, 0.446, 0.434, 0.414, 0.436, 0.41, 0.44, 0.422, 0.434, 0.446, 0.424, 0.45, 0.42, 0.452, 0.454, 0.448, 0.462, 0.462, 0.466, 0.462, 0.482, 0.434, 0.454, 0.466, 0.266, 0.236, 0.308, 0.29, 0.256, 0.298, 0.362, 0.264, 0.268, 0.31, 0.346, 0.316, 0.318, 0.342, 0.294, 0.22, 0.232, 0.316, 0.288, 0.276, 0.246, 0.234, 0.262, 0.316, 0.328, 0.412, 0.44, 0.446, 0.444, 0.414, 0.4, 0.41, 0.426, 0.464, 0.484, 0.496, 0.484, 0.474, 0.47, 0.47, 0.48, 0.49, 0.492, 0.498, 0.5, 0.476, 0.456, 0.494, 0.508, 0.452, 0.5, 0.476, 0.484, 0.51, 0.5, 0.486, 0.472, 0.49, 0.488, 0.488, 0.484, 0.496, 0.482, 0.492, 0.49, 0.482, 0.488, 0.5, 0.506, 0.512, 0.52, 0.516, 0.514, 0.516, 0.518, 0.512, 0.512, 0.502, 0.5, 0.498, 0.502, 0.504, 0.506, 0.508, 0.506, 0.51, 0.508, 0.506, 0.506, 0.506, 0.504, 0.506, 0.512, 0.51, 0.504, 0.502, 0.5, 0.502, 0.504, 0.504, 0.504, 0.504, 0.504, 0.504, 0.504, 0.504, 0.504, 0.504, 0.504, 0.502, 0.504, 0.504, 0.504, 0.508, 0.504, 0.504, 0.506, 0.508, 0.508, 0.508, 0.512, 0.512, 0.51, 0.508, 0.51, 0.51, 0.512, 0.51, 0.51, 0.508, 0.508, 0.51, 0.51, 0.51, 0.51, 0.51, 0.51, 0.51, 0.51, 0.51, 0.51, 0.51, 0.51, 0.51, 0.51, 0.51, 0.51, 0.512, 0.512, 0.512, 0.512, 0.512, 0.512, 0.512, 0.512, 0.512, 0.512, 0.512, 0.512, 0.51, 0.51, 0.51, 0.51, 0.512, 0.512, 0.512, 0.512, 0.514, 0.514, 0.514, 0.514, 0.514, 0.514, 0.514, 0.514, 0.514, 0.514, 0.514, 0.514, 0.514, 0.514, 0.512, 0.512, 0.512, 0.512, 0.512, 0.512, 0.512, 0.512, 0.512, 0.512, 0.512, 0.512, 0.512, 0.512, 0.512, 0.51, 0.51, 0.51, 0.51, 0.51, 0.51, 0.51, 0.512, 0.512, 0.512, 0.512, 0.512, 0.512, 0.512, 0.512, 0.512, 0.512, 0.512, 0.512, 0.512, 0.512, 0.512, 0.512, 0.512, 0.512, 0.512, 0.512, 0.512, 0.512]
test_accuracy_list: [0.091, 0.091, 0.13, 0.103, 0.319, 0.091, 0.149, 0.149, 0.13, 0.13, 0.13, 0.13, 0.13, 0.13, 0.13, 0.144, 0.146, 0.091, 0.069, 0.064, 0.064, 0.064, 0.167, 0.102, 0.149, 0.149, 0.149, 0.148, 0.141, 0.148, 0.146, 0.138, 0.138, 0.131, 0.17, 0.193, 0.19, 0.19, 0.179, 0.179, 0.15, 0.16, 0.182, 0.141, 0.179, 0.177, 0.181, 0.209, 0.213, 0.257, 0.264, 0.314, 0.335, 0.336, 0.356, 0.387, 0.347, 0.378, 0.371, 0.348, 0.383, 0.388, 0.352, 0.414, 0.379, 0.37, 0.381, 0.324, 0.372, 0.4, 0.365, 0.387, 0.332, 0.369, 0.39, 0.318, 0.328, 0.364, 0.351, 0.371, 0.358, 0.303, 0.369, 0.369, 0.314, 0.356, 0.401, 0.39, 0.331, 0.363, 0.388, 0.39, 0.369, 0.416, 0.382, 0.358, 0.401, 0.356, 0.396, 0.413, 0.366, 0.392, 0.314, 0.396, 0.395, 0.353, 0.359, 0.397, 0.363, 0.377, 0.378, 0.376, 0.361, 0.389, 0.338, 0.392, 0.426, 0.408, 0.382, 0.352, 0.365, 0.397, 0.384, 0.416, 0.424, 0.411, 0.404, 0.395, 0.388, 0.391, 0.365, 0.382, 0.392, 0.425, 0.389, 0.433, 0.418, 0.397, 0.433, 0.396, 0.395, 0.413, 0.371, 0.401, 0.396, 0.377, 0.406, 0.389, 0.399, 0.427, 0.402, 0.423, 0.412, 0.403, 0.419, 0.399, 0.424, 0.406, 0.417, 0.42, 0.403, 0.433, 0.399, 0.44, 0.445, 0.436, 0.437, 0.438, 0.44, 0.443, 0.451, 0.423, 0.442, 0.439, 0.285, 0.232, 0.304, 0.32, 0.254, 0.328, 0.373, 0.253, 0.254, 0.328, 0.383, 0.328, 0.326, 0.356, 0.298, 0.227, 0.235, 0.302, 0.305, 0.306, 0.281, 0.268, 0.288, 0.33, 0.364, 0.407, 0.453, 0.447, 0.44, 0.417, 0.387, 0.399, 0.409, 0.429, 0.445, 0.446, 0.467, 0.463, 0.442, 0.439, 0.447, 0.459, 0.462, 0.467, 0.475, 0.465, 0.429, 0.46, 0.504, 0.463, 0.488, 0.449, 0.457, 0.509, 0.515, 0.493, 0.489, 0.486, 0.488, 0.477, 0.468, 0.484, 0.498, 0.492, 0.488, 0.484, 0.493, 0.497, 0.511, 0.52, 0.521, 0.526, 0.523, 0.523, 0.518, 0.51, 0.501, 0.501, 0.499, 0.497, 0.496, 0.497, 0.499, 0.5, 0.506, 0.51, 0.512, 0.51, 0.511, 0.512, 0.515, 0.513, 0.512, 0.506, 0.506, 0.504, 0.503, 0.502, 0.498, 0.497, 0.498, 0.497, 0.498, 0.498, 0.498, 0.497, 0.497, 0.497, 0.498, 0.499, 0.499, 0.502, 0.502, 0.502, 0.501, 0.501, 0.503, 0.503, 0.503, 0.503, 0.504, 0.503, 0.503, 0.505, 0.505, 0.505, 0.506, 0.507, 0.507, 0.507, 0.506, 0.506, 0.506, 0.507, 0.507, 0.507, 0.507, 0.507, 0.507, 0.506, 0.506, 0.506, 0.506, 0.506, 0.507, 0.507, 0.507, 0.508, 0.508, 0.507, 0.507, 0.507, 0.508, 0.508, 0.508, 0.508, 0.507, 0.507, 0.506, 0.506, 0.506, 0.506, 0.507, 0.507, 0.507, 0.507, 0.507, 0.507, 0.507, 0.507, 0.507, 0.506, 0.506, 0.505, 0.506, 0.506, 0.506, 0.506, 0.506, 0.506, 0.506, 0.506, 0.506, 0.506, 0.506, 0.506, 0.505, 0.504, 0.504, 0.504, 0.504, 0.505, 0.505, 0.504, 0.504, 0.504, 0.504, 0.504, 0.503, 0.502, 0.502, 0.502, 0.502, 0.501, 0.501, 0.501, 0.501, 0.501, 0.501, 0.5, 0.5, 0.5, 0.5, 0.5, 0.5, 0.5, 0.5, 0.5, 0.501, 0.501, 0.502, 0.502, 0.502, 0.502, 0.503]
best validation: 0.52
best test: 0.526
End abalation study
