Begin abalation study
Experiment run 0
dataset: Cora
num_mp_layers: 3
num_fl_layers: 1
mp_hidden_dim: 3000
fl_hidden_dim: 512
epsilon: 1.118033988749895
optimizer_lr: 0.01
loss_func: CrossEntropyLoss
total_epoch: 400
Epoch: 50, Loss: 0.2752, Train: 97.14%, Valid: 77.60%, Test: 79.10%, Best Valid: 77.80%, Best Test: 79.10%
Epoch: 100, Loss: 0.0275, Train: 100.00%, Valid: 76.60%, Test: 79.10%, Best Valid: 79.00%, Best Test: 80.30%
Epoch: 150, Loss: 0.0099, Train: 100.00%, Valid: 76.60%, Test: 78.60%, Best Valid: 79.00%, Best Test: 80.30%
Epoch: 200, Loss: 0.0053, Train: 100.00%, Valid: 76.40%, Test: 78.60%, Best Valid: 79.00%, Best Test: 80.30%
Epoch: 250, Loss: 0.0034, Train: 100.00%, Valid: 76.60%, Test: 78.60%, Best Valid: 79.00%, Best Test: 80.30%
Epoch: 300, Loss: 0.0024, Train: 100.00%, Valid: 76.40%, Test: 78.50%, Best Valid: 79.00%, Best Test: 80.30%
Epoch: 350, Loss: 0.0018, Train: 100.00%, Valid: 76.40%, Test: 78.50%, Best Valid: 79.00%, Best Test: 80.30%
train_accuracy_list: [0.19285714285714287, 0.20714285714285716, 0.25, 0.32142857142857145, 0.20714285714285716, 0.17857142857142858, 0.24285714285714285, 0.14285714285714285, 0.36428571428571427, 0.2785714285714286, 0.2857142857142857, 0.15, 0.39285714285714285, 0.4, 0.6428571428571429, 0.45714285714285713, 0.6214285714285714, 0.6428571428571429, 0.7142857142857143, 0.7571428571428571, 0.7785714285714286, 0.6857142857142857, 0.7571428571428571, 0.7642857142857142, 0.75, 0.7571428571428571, 0.85, 0.8142857142857143, 0.8571428571428571, 0.8142857142857143, 0.8785714285714286, 0.8642857142857143, 0.9, 0.8714285714285714, 0.9, 0.9071428571428571, 0.9071428571428571, 0.9142857142857143, 0.9142857142857143, 0.9357142857142857, 0.9285714285714286, 0.9428571428571428, 0.9642857142857143, 0.9642857142857143, 0.95, 0.9714285714285714, 0.9714285714285714, 0.9785714285714285, 0.9785714285714285, 0.9714285714285714, 0.9642857142857143, 0.9714285714285714, 0.9714285714285714, 0.9785714285714285, 0.9785714285714285, 0.9857142857142858, 0.9785714285714285, 0.9785714285714285, 0.9857142857142858, 0.9857142857142858, 0.9928571428571429, 0.9928571428571429, 0.9928571428571429, 0.9928571428571429, 1.0, 1.0, 0.9928571428571429, 0.9928571428571429, 1.0, 1.0, 1.0, 1.0, 1.0, 1.0, 1.0, 1.0, 1.0, 1.0, 1.0, 1.0, 1.0, 1.0, 1.0, 1.0, 1.0, 1.0, 1.0, 1.0, 1.0, 1.0, 1.0, 1.0, 1.0, 1.0, 1.0, 1.0, 1.0, 1.0, 1.0, 1.0, 1.0, 1.0, 1.0, 1.0, 1.0, 1.0, 1.0, 1.0, 1.0, 1.0, 1.0, 1.0, 1.0, 1.0, 1.0, 1.0, 1.0, 1.0, 1.0, 1.0, 1.0, 1.0, 1.0, 1.0, 1.0, 1.0, 1.0, 1.0, 1.0, 1.0, 1.0, 1.0, 1.0, 1.0, 1.0, 1.0, 1.0, 1.0, 1.0, 1.0, 1.0, 1.0, 1.0, 1.0, 1.0, 1.0, 1.0, 1.0, 1.0, 1.0, 1.0, 1.0, 1.0, 1.0, 1.0, 1.0, 1.0, 1.0, 1.0, 1.0, 1.0, 1.0, 1.0, 1.0, 1.0, 1.0, 1.0, 1.0, 1.0, 1.0, 1.0, 1.0, 1.0, 1.0, 1.0, 1.0, 1.0, 1.0, 1.0, 1.0, 1.0, 1.0, 1.0, 1.0, 1.0, 1.0, 1.0, 1.0, 1.0, 1.0, 1.0, 1.0, 1.0, 1.0, 1.0, 1.0, 1.0, 1.0, 1.0, 1.0, 1.0, 1.0, 1.0, 1.0, 1.0, 1.0, 1.0, 1.0, 1.0, 1.0, 1.0, 1.0, 1.0, 1.0, 1.0, 1.0, 1.0, 1.0, 1.0, 1.0, 1.0, 1.0, 1.0, 1.0, 1.0, 1.0, 1.0, 1.0, 1.0, 1.0, 1.0, 1.0, 1.0, 1.0, 1.0, 1.0, 1.0, 1.0, 1.0, 1.0, 1.0, 1.0, 1.0, 1.0, 1.0, 1.0, 1.0, 1.0, 1.0, 1.0, 1.0, 1.0, 1.0, 1.0, 1.0, 1.0, 1.0, 1.0, 1.0, 1.0, 1.0, 1.0, 1.0, 1.0, 1.0, 1.0, 1.0, 1.0, 1.0, 1.0, 1.0, 1.0, 1.0, 1.0, 1.0, 1.0, 1.0, 1.0, 1.0, 1.0, 1.0, 1.0, 1.0, 1.0, 1.0, 1.0, 1.0, 1.0, 1.0, 1.0, 1.0, 1.0, 1.0, 1.0, 1.0, 1.0, 1.0, 1.0, 1.0, 1.0, 1.0, 1.0, 1.0, 1.0, 1.0, 1.0, 1.0, 1.0, 1.0, 1.0, 1.0, 1.0, 1.0, 1.0, 1.0, 1.0, 1.0, 1.0, 1.0, 1.0, 1.0, 1.0, 1.0, 1.0, 1.0, 1.0, 1.0, 1.0, 1.0, 1.0, 1.0, 1.0, 1.0, 1.0, 1.0, 1.0, 1.0, 1.0, 1.0, 1.0, 1.0, 1.0, 1.0, 1.0, 1.0, 1.0, 1.0, 1.0, 1.0, 1.0, 1.0, 1.0, 1.0, 1.0, 1.0, 1.0, 1.0, 1.0, 1.0, 1.0, 1.0, 1.0, 1.0, 1.0, 1.0, 1.0, 1.0, 1.0, 1.0, 1.0, 1.0, 1.0, 1.0, 1.0, 1.0, 1.0, 1.0, 1.0, 1.0, 1.0, 1.0, 1.0, 1.0, 1.0, 1.0, 1.0, 1.0, 1.0, 1.0, 1.0, 1.0, 1.0, 1.0, 1.0, 1.0, 1.0, 1.0, 1.0, 1.0]
valid_accuracy_list: [0.168, 0.17, 0.194, 0.238, 0.122, 0.122, 0.218, 0.316, 0.254, 0.136, 0.108, 0.316, 0.182, 0.232, 0.476, 0.384, 0.352, 0.318, 0.584, 0.536, 0.472, 0.442, 0.532, 0.588, 0.502, 0.496, 0.58, 0.652, 0.602, 0.52, 0.658, 0.658, 0.702, 0.632, 0.684, 0.718, 0.72, 0.724, 0.722, 0.75, 0.734, 0.756, 0.742, 0.772, 0.772, 0.758, 0.768, 0.768, 0.778, 0.776, 0.776, 0.766, 0.768, 0.776, 0.79, 0.786, 0.778, 0.774, 0.77, 0.78, 0.784, 0.784, 0.776, 0.776, 0.774, 0.776, 0.774, 0.774, 0.772, 0.77, 0.772, 0.77, 0.766, 0.768, 0.772, 0.768, 0.77, 0.77, 0.77, 0.768, 0.762, 0.764, 0.764, 0.764, 0.772, 0.77, 0.768, 0.766, 0.768, 0.766, 0.764, 0.768, 0.766, 0.764, 0.768, 0.766, 0.766, 0.766, 0.768, 0.766, 0.766, 0.768, 0.768, 0.768, 0.77, 0.768, 0.768, 0.768, 0.768, 0.766, 0.766, 0.766, 0.764, 0.764, 0.762, 0.764, 0.764, 0.766, 0.766, 0.766, 0.766, 0.764, 0.764, 0.764, 0.764, 0.764, 0.762, 0.764, 0.764, 0.764, 0.764, 0.764, 0.764, 0.766, 0.766, 0.764, 0.764, 0.764, 0.764, 0.766, 0.766, 0.766, 0.766, 0.766, 0.766, 0.766, 0.768, 0.768, 0.768, 0.766, 0.766, 0.766, 0.766, 0.766, 0.766, 0.766, 0.766, 0.766, 0.766, 0.766, 0.766, 0.766, 0.766, 0.766, 0.766, 0.766, 0.766, 0.766, 0.766, 0.766, 0.766, 0.766, 0.766, 0.766, 0.766, 0.766, 0.766, 0.766, 0.766, 0.766, 0.766, 0.766, 0.766, 0.766, 0.766, 0.764, 0.766, 0.766, 0.766, 0.766, 0.764, 0.764, 0.764, 0.764, 0.764, 0.764, 0.764, 0.764, 0.764, 0.764, 0.764, 0.764, 0.764, 0.764, 0.764, 0.764, 0.764, 0.764, 0.764, 0.764, 0.764, 0.764, 0.764, 0.764, 0.764, 0.764, 0.764, 0.764, 0.764, 0.764, 0.764, 0.764, 0.764, 0.764, 0.764, 0.764, 0.764, 0.764, 0.764, 0.764, 0.764, 0.764, 0.764, 0.764, 0.764, 0.764, 0.764, 0.764, 0.764, 0.764, 0.764, 0.764, 0.764, 0.764, 0.764, 0.766, 0.766, 0.766, 0.766, 0.766, 0.766, 0.766, 0.766, 0.766, 0.766, 0.766, 0.766, 0.766, 0.766, 0.766, 0.764, 0.764, 0.764, 0.764, 0.764, 0.764, 0.764, 0.764, 0.764, 0.764, 0.764, 0.764, 0.764, 0.764, 0.764, 0.764, 0.764, 0.764, 0.764, 0.764, 0.764, 0.764, 0.764, 0.764, 0.764, 0.764, 0.764, 0.764, 0.764, 0.764, 0.764, 0.764, 0.764, 0.764, 0.764, 0.764, 0.764, 0.764, 0.764, 0.764, 0.764, 0.764, 0.764, 0.764, 0.764, 0.764, 0.764, 0.764, 0.764, 0.764, 0.764, 0.764, 0.764, 0.764, 0.764, 0.764, 0.764, 0.764, 0.764, 0.764, 0.764, 0.764, 0.764, 0.764, 0.764, 0.764, 0.764, 0.764, 0.764, 0.764, 0.764, 0.764, 0.764, 0.764, 0.764, 0.764, 0.764, 0.764, 0.764, 0.764, 0.764, 0.764, 0.764, 0.764, 0.764, 0.764, 0.764, 0.764, 0.764, 0.764, 0.764, 0.764, 0.764, 0.764, 0.764, 0.764, 0.764, 0.764, 0.764, 0.764, 0.764, 0.762, 0.762, 0.762, 0.762, 0.762, 0.762, 0.762, 0.762, 0.762, 0.762, 0.762, 0.762, 0.762, 0.762, 0.762, 0.762, 0.762, 0.762, 0.762, 0.762, 0.762, 0.762, 0.762, 0.762, 0.762, 0.762, 0.762, 0.762, 0.762, 0.762, 0.762, 0.762, 0.764, 0.764, 0.764, 0.764, 0.764, 0.764]
test_accuracy_list: [0.155, 0.157, 0.188, 0.244, 0.138, 0.135, 0.268, 0.319, 0.257, 0.156, 0.13, 0.321, 0.193, 0.226, 0.518, 0.387, 0.332, 0.319, 0.559, 0.543, 0.471, 0.407, 0.569, 0.607, 0.486, 0.478, 0.6, 0.639, 0.627, 0.529, 0.67, 0.669, 0.724, 0.636, 0.716, 0.725, 0.751, 0.739, 0.739, 0.766, 0.755, 0.766, 0.757, 0.774, 0.783, 0.78, 0.779, 0.775, 0.786, 0.791, 0.785, 0.788, 0.792, 0.796, 0.798, 0.794, 0.793, 0.791, 0.793, 0.798, 0.803, 0.801, 0.799, 0.793, 0.794, 0.795, 0.799, 0.798, 0.798, 0.794, 0.795, 0.796, 0.798, 0.796, 0.796, 0.795, 0.796, 0.797, 0.797, 0.797, 0.797, 0.797, 0.797, 0.795, 0.793, 0.792, 0.792, 0.793, 0.79, 0.791, 0.792, 0.792, 0.792, 0.792, 0.792, 0.792, 0.793, 0.792, 0.791, 0.791, 0.79, 0.789, 0.79, 0.789, 0.79, 0.79, 0.79, 0.791, 0.791, 0.791, 0.793, 0.793, 0.792, 0.792, 0.792, 0.792, 0.792, 0.792, 0.791, 0.79, 0.79, 0.79, 0.789, 0.788, 0.788, 0.788, 0.786, 0.786, 0.786, 0.786, 0.786, 0.785, 0.786, 0.786, 0.785, 0.785, 0.785, 0.786, 0.786, 0.787, 0.787, 0.787, 0.787, 0.786, 0.786, 0.786, 0.786, 0.786, 0.786, 0.786, 0.786, 0.786, 0.786, 0.786, 0.786, 0.786, 0.786, 0.786, 0.786, 0.787, 0.787, 0.787, 0.787, 0.787, 0.787, 0.787, 0.787, 0.787, 0.787, 0.786, 0.786, 0.787, 0.787, 0.788, 0.788, 0.788, 0.788, 0.788, 0.788, 0.788, 0.788, 0.788, 0.788, 0.788, 0.788, 0.788, 0.788, 0.788, 0.788, 0.788, 0.788, 0.787, 0.787, 0.787, 0.786, 0.786, 0.786, 0.786, 0.786, 0.786, 0.786, 0.786, 0.786, 0.786, 0.787, 0.787, 0.787, 0.787, 0.787, 0.787, 0.787, 0.787, 0.787, 0.787, 0.787, 0.787, 0.787, 0.787, 0.787, 0.787, 0.787, 0.787, 0.787, 0.787, 0.787, 0.787, 0.787, 0.787, 0.787, 0.787, 0.786, 0.786, 0.786, 0.786, 0.786, 0.786, 0.786, 0.786, 0.786, 0.786, 0.786, 0.786, 0.786, 0.786, 0.786, 0.786, 0.786, 0.786, 0.786, 0.786, 0.786, 0.786, 0.786, 0.786, 0.786, 0.786, 0.786, 0.786, 0.786, 0.786, 0.786, 0.786, 0.786, 0.786, 0.786, 0.786, 0.786, 0.786, 0.786, 0.786, 0.786, 0.786, 0.786, 0.786, 0.786, 0.786, 0.786, 0.785, 0.785, 0.785, 0.785, 0.785, 0.785, 0.785, 0.785, 0.785, 0.785, 0.785, 0.785, 0.785, 0.785, 0.785, 0.785, 0.785, 0.785, 0.785, 0.785, 0.785, 0.785, 0.785, 0.785, 0.785, 0.785, 0.785, 0.785, 0.785, 0.785, 0.784, 0.784, 0.783, 0.783, 0.783, 0.783, 0.783, 0.783, 0.783, 0.783, 0.783, 0.783, 0.783, 0.784, 0.784, 0.784, 0.784, 0.784, 0.784, 0.784, 0.785, 0.785, 0.785, 0.785, 0.785, 0.785, 0.785, 0.785, 0.785, 0.785, 0.785, 0.785, 0.785, 0.786, 0.786, 0.786, 0.785, 0.785, 0.785, 0.785, 0.785, 0.785, 0.785, 0.785, 0.784, 0.784, 0.784, 0.784, 0.784, 0.784, 0.784, 0.784, 0.784, 0.784, 0.784, 0.784, 0.784, 0.783, 0.783, 0.783, 0.783, 0.783, 0.783, 0.783, 0.783, 0.783, 0.783, 0.783, 0.783, 0.783, 0.783, 0.784, 0.783, 0.783, 0.783, 0.783, 0.783, 0.783, 0.783, 0.783, 0.783, 0.784, 0.784, 0.784, 0.784, 0.784, 0.784, 0.784, 0.784, 0.784, 0.784, 0.784]
best validation: 0.79
best test: 0.803
Experiment run 1
dataset: Cora
num_mp_layers: 3
num_fl_layers: 2
mp_hidden_dim: 3000
fl_hidden_dim: 512
epsilon: 1.118033988749895
optimizer_lr: 0.01
loss_func: CrossEntropyLoss
total_epoch: 400
Epoch: 50, Loss: 1.6121, Train: 75.00%, Valid: 45.40%, Test: 43.30%, Best Valid: 62.80%, Best Test: 64.40%
Epoch: 100, Loss: 0.4923, Train: 94.29%, Valid: 75.40%, Test: 76.20%, Best Valid: 75.40%, Best Test: 76.20%
Epoch: 150, Loss: 0.1341, Train: 100.00%, Valid: 76.40%, Test: 79.10%, Best Valid: 76.80%, Best Test: 79.50%
Epoch: 200, Loss: 0.0548, Train: 100.00%, Valid: 75.20%, Test: 78.80%, Best Valid: 76.80%, Best Test: 79.50%
Epoch: 250, Loss: 0.0284, Train: 100.00%, Valid: 75.60%, Test: 78.70%, Best Valid: 76.80%, Best Test: 79.50%
Epoch: 300, Loss: 0.0172, Train: 100.00%, Valid: 75.80%, Test: 78.80%, Best Valid: 76.80%, Best Test: 79.50%
Epoch: 350, Loss: 0.0115, Train: 100.00%, Valid: 75.80%, Test: 78.60%, Best Valid: 76.80%, Best Test: 79.50%
train_accuracy_list: [0.14285714285714285, 0.14285714285714285, 0.14285714285714285, 0.14285714285714285, 0.14285714285714285, 0.14285714285714285, 0.14285714285714285, 0.14285714285714285, 0.14285714285714285, 0.14285714285714285, 0.14285714285714285, 0.15, 0.14285714285714285, 0.2785714285714286, 0.2, 0.17142857142857143, 0.15714285714285714, 0.15714285714285714, 0.2, 0.25, 0.39285714285714285, 0.21428571428571427, 0.2, 0.2, 0.2, 0.21428571428571427, 0.3142857142857143, 0.4857142857142857, 0.30714285714285716, 0.30714285714285716, 0.4357142857142857, 0.6, 0.4642857142857143, 0.39285714285714285, 0.38571428571428573, 0.4, 0.4857142857142857, 0.6285714285714286, 0.6785714285714286, 0.55, 0.45, 0.45, 0.5071428571428571, 0.6571428571428571, 0.7642857142857142, 0.85, 0.8357142857142857, 0.8285714285714286, 0.8, 0.75, 0.7571428571428571, 0.7857142857142857, 0.7857142857142857, 0.7857142857142857, 0.8142857142857143, 0.8142857142857143, 0.8214285714285714, 0.8357142857142857, 0.8428571428571429, 0.8428571428571429, 0.85, 0.85, 0.8428571428571429, 0.8357142857142857, 0.85, 0.8428571428571429, 0.8571428571428571, 0.8428571428571429, 0.8571428571428571, 0.8642857142857143, 0.8642857142857143, 0.8714285714285714, 0.8857142857142857, 0.8857142857142857, 0.8857142857142857, 0.8928571428571429, 0.8928571428571429, 0.8857142857142857, 0.8928571428571429, 0.9071428571428571, 0.9142857142857143, 0.9142857142857143, 0.9142857142857143, 0.9142857142857143, 0.9142857142857143, 0.9142857142857143, 0.9071428571428571, 0.9071428571428571, 0.9071428571428571, 0.9071428571428571, 0.9142857142857143, 0.9285714285714286, 0.9285714285714286, 0.9357142857142857, 0.9357142857142857, 0.9357142857142857, 0.9357142857142857, 0.9357142857142857, 0.9357142857142857, 0.9428571428571428, 0.9428571428571428, 0.95, 0.95, 0.95, 0.9571428571428572, 0.9642857142857143, 0.9642857142857143, 0.9642857142857143, 0.9642857142857143, 0.9642857142857143, 0.9642857142857143, 0.9642857142857143, 0.9642857142857143, 0.9642857142857143, 0.9642857142857143, 0.9642857142857143, 0.9714285714285714, 0.9714285714285714, 0.9714285714285714, 0.9714285714285714, 0.9714285714285714, 0.9714285714285714, 0.9714285714285714, 0.9785714285714285, 0.9785714285714285, 0.9785714285714285, 0.9785714285714285, 0.9785714285714285, 0.9857142857142858, 0.9857142857142858, 0.9857142857142858, 0.9857142857142858, 0.9857142857142858, 0.9857142857142858, 0.9857142857142858, 0.9928571428571429, 0.9928571428571429, 0.9928571428571429, 0.9928571428571429, 0.9928571428571429, 0.9928571428571429, 0.9928571428571429, 0.9928571428571429, 0.9928571428571429, 1.0, 1.0, 1.0, 1.0, 1.0, 1.0, 1.0, 1.0, 1.0, 1.0, 1.0, 1.0, 1.0, 1.0, 1.0, 1.0, 1.0, 1.0, 1.0, 1.0, 1.0, 1.0, 1.0, 1.0, 1.0, 1.0, 1.0, 1.0, 1.0, 1.0, 1.0, 1.0, 1.0, 1.0, 1.0, 1.0, 1.0, 1.0, 1.0, 1.0, 1.0, 1.0, 1.0, 1.0, 1.0, 1.0, 1.0, 1.0, 1.0, 1.0, 1.0, 1.0, 1.0, 1.0, 1.0, 1.0, 1.0, 1.0, 1.0, 1.0, 1.0, 1.0, 1.0, 1.0, 1.0, 1.0, 1.0, 1.0, 1.0, 1.0, 1.0, 1.0, 1.0, 1.0, 1.0, 1.0, 1.0, 1.0, 1.0, 1.0, 1.0, 1.0, 1.0, 1.0, 1.0, 1.0, 1.0, 1.0, 1.0, 1.0, 1.0, 1.0, 1.0, 1.0, 1.0, 1.0, 1.0, 1.0, 1.0, 1.0, 1.0, 1.0, 1.0, 1.0, 1.0, 1.0, 1.0, 1.0, 1.0, 1.0, 1.0, 1.0, 1.0, 1.0, 1.0, 1.0, 1.0, 1.0, 1.0, 1.0, 1.0, 1.0, 1.0, 1.0, 1.0, 1.0, 1.0, 1.0, 1.0, 1.0, 1.0, 1.0, 1.0, 1.0, 1.0, 1.0, 1.0, 1.0, 1.0, 1.0, 1.0, 1.0, 1.0, 1.0, 1.0, 1.0, 1.0, 1.0, 1.0, 1.0, 1.0, 1.0, 1.0, 1.0, 1.0, 1.0, 1.0, 1.0, 1.0, 1.0, 1.0, 1.0, 1.0, 1.0, 1.0, 1.0, 1.0, 1.0, 1.0, 1.0, 1.0, 1.0, 1.0, 1.0, 1.0, 1.0, 1.0, 1.0, 1.0, 1.0, 1.0, 1.0, 1.0, 1.0, 1.0, 1.0, 1.0, 1.0, 1.0, 1.0, 1.0, 1.0, 1.0, 1.0, 1.0, 1.0, 1.0, 1.0, 1.0, 1.0, 1.0, 1.0, 1.0, 1.0, 1.0, 1.0, 1.0, 1.0, 1.0, 1.0, 1.0, 1.0, 1.0, 1.0, 1.0, 1.0, 1.0, 1.0, 1.0, 1.0, 1.0, 1.0, 1.0, 1.0, 1.0, 1.0, 1.0, 1.0, 1.0, 1.0, 1.0, 1.0, 1.0, 1.0, 1.0, 1.0, 1.0, 1.0, 1.0, 1.0, 1.0, 1.0, 1.0, 1.0, 1.0, 1.0, 1.0, 1.0, 1.0, 1.0, 1.0, 1.0, 1.0, 1.0, 1.0]
valid_accuracy_list: [0.122, 0.122, 0.122, 0.162, 0.072, 0.156, 0.162, 0.122, 0.058, 0.114, 0.316, 0.072, 0.072, 0.214, 0.17, 0.164, 0.162, 0.164, 0.174, 0.21, 0.29, 0.146, 0.146, 0.144, 0.148, 0.148, 0.15, 0.4, 0.314, 0.294, 0.346, 0.358, 0.26, 0.242, 0.244, 0.244, 0.274, 0.37, 0.382, 0.256, 0.214, 0.228, 0.258, 0.382, 0.528, 0.628, 0.608, 0.55, 0.494, 0.454, 0.44, 0.446, 0.454, 0.458, 0.47, 0.498, 0.566, 0.604, 0.614, 0.62, 0.61, 0.592, 0.582, 0.57, 0.578, 0.58, 0.598, 0.618, 0.634, 0.65, 0.652, 0.656, 0.654, 0.656, 0.658, 0.668, 0.688, 0.688, 0.69, 0.696, 0.702, 0.704, 0.704, 0.708, 0.722, 0.728, 0.728, 0.732, 0.736, 0.736, 0.744, 0.744, 0.746, 0.748, 0.752, 0.754, 0.752, 0.754, 0.754, 0.754, 0.76, 0.762, 0.762, 0.764, 0.758, 0.758, 0.76, 0.758, 0.758, 0.76, 0.762, 0.764, 0.762, 0.76, 0.76, 0.758, 0.76, 0.756, 0.756, 0.756, 0.758, 0.756, 0.756, 0.756, 0.758, 0.76, 0.764, 0.766, 0.768, 0.766, 0.766, 0.764, 0.764, 0.764, 0.766, 0.766, 0.766, 0.766, 0.766, 0.766, 0.764, 0.764, 0.764, 0.764, 0.764, 0.764, 0.766, 0.766, 0.766, 0.764, 0.764, 0.762, 0.762, 0.762, 0.762, 0.762, 0.76, 0.76, 0.76, 0.758, 0.758, 0.758, 0.756, 0.752, 0.752, 0.752, 0.75, 0.75, 0.75, 0.754, 0.754, 0.754, 0.754, 0.754, 0.752, 0.752, 0.75, 0.75, 0.75, 0.75, 0.75, 0.752, 0.752, 0.752, 0.752, 0.752, 0.752, 0.752, 0.752, 0.752, 0.752, 0.752, 0.752, 0.752, 0.752, 0.752, 0.752, 0.752, 0.752, 0.752, 0.752, 0.752, 0.752, 0.752, 0.752, 0.752, 0.752, 0.752, 0.752, 0.752, 0.752, 0.75, 0.75, 0.75, 0.75, 0.75, 0.75, 0.752, 0.752, 0.752, 0.752, 0.752, 0.752, 0.752, 0.752, 0.752, 0.752, 0.752, 0.752, 0.754, 0.752, 0.752, 0.752, 0.752, 0.752, 0.752, 0.75, 0.75, 0.752, 0.752, 0.752, 0.752, 0.752, 0.752, 0.752, 0.754, 0.754, 0.754, 0.754, 0.756, 0.756, 0.756, 0.756, 0.756, 0.756, 0.756, 0.756, 0.758, 0.758, 0.758, 0.758, 0.758, 0.758, 0.758, 0.758, 0.756, 0.756, 0.756, 0.756, 0.756, 0.756, 0.756, 0.756, 0.756, 0.756, 0.756, 0.756, 0.756, 0.756, 0.758, 0.758, 0.758, 0.758, 0.758, 0.758, 0.758, 0.758, 0.758, 0.758, 0.758, 0.758, 0.758, 0.758, 0.758, 0.758, 0.758, 0.758, 0.758, 0.758, 0.758, 0.758, 0.758, 0.758, 0.758, 0.758, 0.758, 0.758, 0.758, 0.758, 0.758, 0.758, 0.758, 0.758, 0.758, 0.758, 0.758, 0.758, 0.758, 0.758, 0.758, 0.758, 0.758, 0.758, 0.758, 0.758, 0.76, 0.76, 0.76, 0.76, 0.76, 0.758, 0.758, 0.758, 0.758, 0.758, 0.758, 0.758, 0.758, 0.758, 0.758, 0.758, 0.758, 0.758, 0.758, 0.758, 0.758, 0.758, 0.758, 0.758, 0.758, 0.758, 0.758, 0.758, 0.758, 0.758, 0.758, 0.758, 0.758, 0.758, 0.758, 0.758, 0.758, 0.758, 0.758, 0.758, 0.758, 0.758, 0.758, 0.758, 0.758, 0.758, 0.758, 0.758, 0.758, 0.758, 0.758, 0.758, 0.758, 0.758, 0.758, 0.758, 0.758, 0.758, 0.758, 0.758, 0.758, 0.758, 0.758, 0.758, 0.758, 0.758, 0.758, 0.758, 0.758, 0.756, 0.756, 0.756, 0.756, 0.756]
test_accuracy_list: [0.13, 0.13, 0.13, 0.149, 0.091, 0.144, 0.149, 0.13, 0.064, 0.103, 0.319, 0.093, 0.091, 0.196, 0.154, 0.149, 0.149, 0.154, 0.164, 0.194, 0.254, 0.149, 0.146, 0.144, 0.143, 0.148, 0.176, 0.45, 0.355, 0.34, 0.399, 0.371, 0.253, 0.24, 0.243, 0.248, 0.264, 0.327, 0.349, 0.257, 0.223, 0.228, 0.272, 0.391, 0.551, 0.644, 0.63, 0.563, 0.477, 0.433, 0.427, 0.428, 0.43, 0.44, 0.468, 0.508, 0.56, 0.616, 0.637, 0.638, 0.624, 0.606, 0.589, 0.585, 0.58, 0.59, 0.61, 0.633, 0.65, 0.668, 0.674, 0.674, 0.674, 0.672, 0.683, 0.694, 0.704, 0.708, 0.715, 0.716, 0.717, 0.72, 0.724, 0.727, 0.733, 0.737, 0.743, 0.744, 0.747, 0.747, 0.747, 0.746, 0.749, 0.752, 0.758, 0.761, 0.761, 0.758, 0.761, 0.762, 0.768, 0.768, 0.772, 0.772, 0.771, 0.771, 0.773, 0.771, 0.773, 0.774, 0.775, 0.778, 0.779, 0.78, 0.78, 0.779, 0.78, 0.781, 0.781, 0.78, 0.781, 0.783, 0.783, 0.784, 0.784, 0.783, 0.783, 0.785, 0.785, 0.786, 0.786, 0.786, 0.789, 0.789, 0.788, 0.789, 0.791, 0.792, 0.792, 0.794, 0.795, 0.794, 0.793, 0.793, 0.793, 0.793, 0.793, 0.793, 0.793, 0.791, 0.79, 0.79, 0.791, 0.791, 0.791, 0.79, 0.789, 0.789, 0.789, 0.789, 0.789, 0.789, 0.789, 0.788, 0.786, 0.786, 0.785, 0.785, 0.785, 0.785, 0.785, 0.784, 0.783, 0.783, 0.783, 0.782, 0.782, 0.783, 0.783, 0.783, 0.783, 0.783, 0.783, 0.783, 0.783, 0.782, 0.782, 0.782, 0.782, 0.782, 0.784, 0.785, 0.786, 0.786, 0.789, 0.788, 0.788, 0.788, 0.788, 0.788, 0.789, 0.789, 0.788, 0.787, 0.787, 0.787, 0.786, 0.787, 0.786, 0.786, 0.786, 0.786, 0.786, 0.786, 0.786, 0.786, 0.787, 0.787, 0.787, 0.787, 0.787, 0.787, 0.787, 0.787, 0.786, 0.785, 0.785, 0.785, 0.786, 0.786, 0.786, 0.786, 0.787, 0.787, 0.787, 0.787, 0.787, 0.787, 0.786, 0.786, 0.786, 0.787, 0.787, 0.787, 0.787, 0.787, 0.787, 0.787, 0.787, 0.787, 0.788, 0.788, 0.788, 0.789, 0.789, 0.789, 0.789, 0.789, 0.789, 0.789, 0.788, 0.788, 0.788, 0.788, 0.788, 0.788, 0.788, 0.788, 0.787, 0.787, 0.787, 0.787, 0.787, 0.787, 0.787, 0.788, 0.788, 0.788, 0.788, 0.788, 0.788, 0.788, 0.788, 0.788, 0.788, 0.789, 0.789, 0.789, 0.789, 0.789, 0.789, 0.789, 0.789, 0.789, 0.789, 0.789, 0.789, 0.788, 0.788, 0.788, 0.788, 0.788, 0.787, 0.787, 0.787, 0.787, 0.787, 0.787, 0.787, 0.787, 0.787, 0.787, 0.787, 0.787, 0.787, 0.787, 0.787, 0.787, 0.787, 0.787, 0.787, 0.787, 0.787, 0.787, 0.787, 0.787, 0.786, 0.786, 0.786, 0.786, 0.786, 0.786, 0.786, 0.786, 0.786, 0.785, 0.785, 0.785, 0.785, 0.785, 0.785, 0.785, 0.785, 0.785, 0.786, 0.786, 0.786, 0.786, 0.786, 0.786, 0.785, 0.785, 0.785, 0.785, 0.785, 0.785, 0.786, 0.786, 0.786, 0.786, 0.785, 0.785, 0.785, 0.785, 0.785, 0.785, 0.785, 0.785, 0.785, 0.785, 0.785, 0.785, 0.785, 0.785, 0.785, 0.785, 0.785, 0.785, 0.785, 0.785, 0.785, 0.785, 0.785, 0.785, 0.785, 0.785, 0.785, 0.785, 0.785, 0.784, 0.784, 0.784, 0.784, 0.784, 0.784, 0.784, 0.784, 0.784, 0.784]
best validation: 0.768
best test: 0.795
Experiment run 2
dataset: Cora
num_mp_layers: 3
num_fl_layers: 3
mp_hidden_dim: 3000
fl_hidden_dim: 512
epsilon: 1.118033988749895
optimizer_lr: 0.01
loss_func: CrossEntropyLoss
total_epoch: 400
Epoch: 50, Loss: 1.2645, Train: 81.43%, Valid: 54.60%, Test: 52.50%, Best Valid: 55.40%, Best Test: 55.60%
Epoch: 100, Loss: 0.0348, Train: 100.00%, Valid: 75.00%, Test: 76.20%, Best Valid: 76.60%, Best Test: 77.20%
Epoch: 150, Loss: 0.0056, Train: 100.00%, Valid: 74.80%, Test: 76.50%, Best Valid: 76.60%, Best Test: 77.20%
Epoch: 200, Loss: 0.0026, Train: 100.00%, Valid: 74.40%, Test: 76.50%, Best Valid: 76.60%, Best Test: 77.20%
Epoch: 250, Loss: 0.0015, Train: 100.00%, Valid: 73.60%, Test: 75.70%, Best Valid: 76.60%, Best Test: 77.20%
Epoch: 300, Loss: 0.0010, Train: 100.00%, Valid: 73.60%, Test: 75.60%, Best Valid: 76.60%, Best Test: 77.20%
Epoch: 350, Loss: 0.0007, Train: 100.00%, Valid: 73.20%, Test: 75.20%, Best Valid: 76.60%, Best Test: 77.20%
train_accuracy_list: [0.14285714285714285, 0.14285714285714285, 0.14285714285714285, 0.17857142857142858, 0.14285714285714285, 0.14285714285714285, 0.14285714285714285, 0.14285714285714285, 0.14285714285714285, 0.2714285714285714, 0.18571428571428572, 0.21428571428571427, 0.14285714285714285, 0.20714285714285716, 0.21428571428571427, 0.14285714285714285, 0.14285714285714285, 0.25, 0.32857142857142857, 0.22857142857142856, 0.22142857142857142, 0.22857142857142856, 0.30714285714285716, 0.17857142857142858, 0.19285714285714287, 0.3, 0.38571428571428573, 0.44285714285714284, 0.45714285714285713, 0.4785714285714286, 0.5071428571428571, 0.4857142857142857, 0.5357142857142857, 0.5142857142857142, 0.55, 0.6, 0.6285714285714286, 0.7214285714285714, 0.7285714285714285, 0.75, 0.75, 0.7214285714285714, 0.7142857142857143, 0.65, 0.6571428571428571, 0.7642857142857142, 0.8142857142857143, 0.8, 0.8142857142857143, 0.8142857142857143, 0.8357142857142857, 0.85, 0.85, 0.8571428571428571, 0.8785714285714286, 0.8642857142857143, 0.8642857142857143, 0.8857142857142857, 0.9, 0.9071428571428571, 0.9071428571428571, 0.9142857142857143, 0.9214285714285714, 0.9214285714285714, 0.9357142857142857, 0.9428571428571428, 0.9357142857142857, 0.9357142857142857, 0.9428571428571428, 0.95, 0.9642857142857143, 0.9642857142857143, 0.9642857142857143, 0.9642857142857143, 0.9714285714285714, 0.9785714285714285, 0.9857142857142858, 0.9857142857142858, 0.9928571428571429, 0.9928571428571429, 0.9928571428571429, 0.9928571428571429, 0.9928571428571429, 1.0, 1.0, 1.0, 1.0, 1.0, 1.0, 1.0, 1.0, 1.0, 1.0, 1.0, 1.0, 1.0, 1.0, 1.0, 1.0, 1.0, 1.0, 1.0, 1.0, 1.0, 1.0, 1.0, 1.0, 1.0, 1.0, 1.0, 1.0, 1.0, 1.0, 1.0, 1.0, 1.0, 1.0, 1.0, 1.0, 1.0, 1.0, 1.0, 1.0, 1.0, 1.0, 1.0, 1.0, 1.0, 1.0, 1.0, 1.0, 1.0, 1.0, 1.0, 1.0, 1.0, 1.0, 1.0, 1.0, 1.0, 1.0, 1.0, 1.0, 1.0, 1.0, 1.0, 1.0, 1.0, 1.0, 1.0, 1.0, 1.0, 1.0, 1.0, 1.0, 1.0, 1.0, 1.0, 1.0, 1.0, 1.0, 1.0, 1.0, 1.0, 1.0, 1.0, 1.0, 1.0, 1.0, 1.0, 1.0, 1.0, 1.0, 1.0, 1.0, 1.0, 1.0, 1.0, 1.0, 1.0, 1.0, 1.0, 1.0, 1.0, 1.0, 1.0, 1.0, 1.0, 1.0, 1.0, 1.0, 1.0, 1.0, 1.0, 1.0, 1.0, 1.0, 1.0, 1.0, 1.0, 1.0, 1.0, 1.0, 1.0, 1.0, 1.0, 1.0, 1.0, 1.0, 1.0, 1.0, 1.0, 1.0, 1.0, 1.0, 1.0, 1.0, 1.0, 1.0, 1.0, 1.0, 1.0, 1.0, 1.0, 1.0, 1.0, 1.0, 1.0, 1.0, 1.0, 1.0, 1.0, 1.0, 1.0, 1.0, 1.0, 1.0, 1.0, 1.0, 1.0, 1.0, 1.0, 1.0, 1.0, 1.0, 1.0, 1.0, 1.0, 1.0, 1.0, 1.0, 1.0, 1.0, 1.0, 1.0, 1.0, 1.0, 1.0, 1.0, 1.0, 1.0, 1.0, 1.0, 1.0, 1.0, 1.0, 1.0, 1.0, 1.0, 1.0, 1.0, 1.0, 1.0, 1.0, 1.0, 1.0, 1.0, 1.0, 1.0, 1.0, 1.0, 1.0, 1.0, 1.0, 1.0, 1.0, 1.0, 1.0, 1.0, 1.0, 1.0, 1.0, 1.0, 1.0, 1.0, 1.0, 1.0, 1.0, 1.0, 1.0, 1.0, 1.0, 1.0, 1.0, 1.0, 1.0, 1.0, 1.0, 1.0, 1.0, 1.0, 1.0, 1.0, 1.0, 1.0, 1.0, 1.0, 1.0, 1.0, 1.0, 1.0, 1.0, 1.0, 1.0, 1.0, 1.0, 1.0, 1.0, 1.0, 1.0, 1.0, 1.0, 1.0, 1.0, 1.0, 1.0, 1.0, 1.0, 1.0, 1.0, 1.0, 1.0, 1.0, 1.0, 1.0, 1.0, 1.0, 1.0, 1.0, 1.0, 1.0, 1.0, 1.0, 1.0, 1.0, 1.0, 1.0, 1.0, 1.0, 1.0, 1.0, 1.0, 1.0, 1.0, 1.0, 1.0, 1.0, 1.0, 1.0, 1.0, 1.0, 1.0, 1.0, 1.0, 1.0, 1.0, 1.0, 1.0, 1.0, 1.0, 1.0, 1.0, 1.0, 1.0, 1.0, 1.0, 1.0, 1.0, 1.0, 1.0, 1.0, 1.0, 1.0, 1.0, 1.0, 1.0, 1.0, 1.0, 1.0]
valid_accuracy_list: [0.316, 0.316, 0.122, 0.076, 0.156, 0.316, 0.316, 0.316, 0.316, 0.256, 0.15, 0.148, 0.124, 0.146, 0.184, 0.072, 0.072, 0.082, 0.15, 0.208, 0.19, 0.188, 0.22, 0.126, 0.122, 0.226, 0.258, 0.246, 0.264, 0.256, 0.204, 0.194, 0.248, 0.264, 0.284, 0.308, 0.366, 0.452, 0.47, 0.448, 0.404, 0.38, 0.372, 0.372, 0.374, 0.428, 0.502, 0.55, 0.554, 0.546, 0.526, 0.528, 0.552, 0.576, 0.582, 0.582, 0.578, 0.596, 0.65, 0.69, 0.702, 0.706, 0.71, 0.732, 0.716, 0.734, 0.732, 0.728, 0.738, 0.748, 0.74, 0.742, 0.752, 0.754, 0.754, 0.754, 0.754, 0.76, 0.766, 0.76, 0.754, 0.762, 0.764, 0.758, 0.756, 0.754, 0.754, 0.754, 0.758, 0.754, 0.754, 0.752, 0.748, 0.75, 0.752, 0.752, 0.752, 0.75, 0.748, 0.75, 0.75, 0.748, 0.748, 0.748, 0.748, 0.748, 0.748, 0.752, 0.752, 0.752, 0.752, 0.752, 0.752, 0.752, 0.752, 0.752, 0.754, 0.754, 0.754, 0.754, 0.754, 0.754, 0.754, 0.752, 0.752, 0.752, 0.752, 0.752, 0.752, 0.748, 0.748, 0.748, 0.748, 0.748, 0.748, 0.748, 0.748, 0.75, 0.75, 0.748, 0.748, 0.748, 0.748, 0.748, 0.748, 0.748, 0.748, 0.748, 0.748, 0.748, 0.748, 0.748, 0.748, 0.748, 0.748, 0.748, 0.748, 0.748, 0.748, 0.748, 0.748, 0.748, 0.748, 0.748, 0.746, 0.746, 0.746, 0.746, 0.746, 0.746, 0.746, 0.746, 0.746, 0.746, 0.746, 0.746, 0.746, 0.746, 0.746, 0.746, 0.746, 0.746, 0.746, 0.746, 0.746, 0.746, 0.746, 0.746, 0.746, 0.746, 0.744, 0.744, 0.744, 0.744, 0.744, 0.744, 0.744, 0.744, 0.744, 0.744, 0.744, 0.744, 0.744, 0.744, 0.744, 0.744, 0.744, 0.744, 0.744, 0.744, 0.744, 0.742, 0.742, 0.742, 0.742, 0.742, 0.742, 0.742, 0.742, 0.742, 0.742, 0.742, 0.742, 0.742, 0.742, 0.742, 0.742, 0.742, 0.742, 0.742, 0.742, 0.742, 0.742, 0.742, 0.742, 0.742, 0.742, 0.742, 0.742, 0.74, 0.74, 0.738, 0.738, 0.738, 0.738, 0.736, 0.736, 0.736, 0.736, 0.736, 0.736, 0.736, 0.738, 0.738, 0.738, 0.738, 0.738, 0.738, 0.738, 0.738, 0.738, 0.738, 0.738, 0.738, 0.738, 0.738, 0.738, 0.738, 0.738, 0.738, 0.74, 0.74, 0.74, 0.74, 0.74, 0.74, 0.74, 0.738, 0.738, 0.738, 0.738, 0.738, 0.738, 0.738, 0.738, 0.738, 0.738, 0.738, 0.738, 0.738, 0.738, 0.738, 0.738, 0.738, 0.738, 0.736, 0.736, 0.736, 0.736, 0.736, 0.736, 0.736, 0.736, 0.736, 0.736, 0.736, 0.736, 0.736, 0.736, 0.736, 0.734, 0.734, 0.734, 0.734, 0.734, 0.734, 0.734, 0.734, 0.734, 0.734, 0.734, 0.734, 0.734, 0.734, 0.734, 0.732, 0.732, 0.732, 0.732, 0.732, 0.732, 0.732, 0.732, 0.732, 0.732, 0.732, 0.732, 0.732, 0.732, 0.732, 0.732, 0.732, 0.732, 0.732, 0.732, 0.732, 0.732, 0.732, 0.732, 0.732, 0.732, 0.732, 0.732, 0.732, 0.732, 0.732, 0.732, 0.732, 0.732, 0.732, 0.732, 0.732, 0.732, 0.732, 0.732, 0.732, 0.73, 0.73, 0.73, 0.73, 0.73, 0.73, 0.73, 0.732, 0.732, 0.73, 0.73, 0.73, 0.73, 0.73, 0.73, 0.73, 0.73, 0.73, 0.73, 0.73, 0.73, 0.73, 0.73, 0.73, 0.73, 0.73, 0.73, 0.73, 0.73, 0.73, 0.73, 0.73, 0.73]
test_accuracy_list: [0.319, 0.319, 0.13, 0.105, 0.144, 0.319, 0.319, 0.319, 0.319, 0.275, 0.136, 0.158, 0.134, 0.164, 0.165, 0.091, 0.091, 0.104, 0.176, 0.2, 0.172, 0.173, 0.219, 0.14, 0.138, 0.222, 0.243, 0.224, 0.257, 0.259, 0.216, 0.208, 0.258, 0.28, 0.307, 0.353, 0.383, 0.444, 0.491, 0.453, 0.411, 0.388, 0.362, 0.355, 0.36, 0.415, 0.498, 0.549, 0.556, 0.525, 0.51, 0.534, 0.565, 0.597, 0.605, 0.605, 0.61, 0.631, 0.672, 0.708, 0.719, 0.717, 0.728, 0.745, 0.739, 0.743, 0.739, 0.743, 0.759, 0.757, 0.769, 0.769, 0.758, 0.763, 0.772, 0.76, 0.761, 0.765, 0.767, 0.768, 0.766, 0.767, 0.77, 0.769, 0.767, 0.765, 0.769, 0.768, 0.764, 0.766, 0.764, 0.763, 0.759, 0.759, 0.766, 0.769, 0.766, 0.762, 0.764, 0.762, 0.764, 0.763, 0.762, 0.762, 0.764, 0.765, 0.766, 0.766, 0.766, 0.767, 0.766, 0.766, 0.766, 0.764, 0.764, 0.764, 0.766, 0.766, 0.766, 0.766, 0.766, 0.766, 0.766, 0.764, 0.763, 0.762, 0.763, 0.764, 0.764, 0.763, 0.764, 0.766, 0.766, 0.766, 0.766, 0.766, 0.766, 0.765, 0.765, 0.767, 0.767, 0.767, 0.766, 0.766, 0.765, 0.765, 0.765, 0.765, 0.765, 0.765, 0.765, 0.766, 0.766, 0.767, 0.767, 0.768, 0.768, 0.768, 0.768, 0.768, 0.767, 0.768, 0.768, 0.768, 0.769, 0.768, 0.767, 0.767, 0.767, 0.766, 0.766, 0.766, 0.766, 0.766, 0.765, 0.765, 0.765, 0.766, 0.766, 0.766, 0.766, 0.766, 0.766, 0.766, 0.766, 0.766, 0.766, 0.766, 0.766, 0.766, 0.766, 0.766, 0.766, 0.766, 0.766, 0.766, 0.766, 0.766, 0.766, 0.765, 0.764, 0.764, 0.762, 0.761, 0.761, 0.761, 0.761, 0.761, 0.761, 0.761, 0.759, 0.759, 0.758, 0.758, 0.758, 0.758, 0.757, 0.758, 0.758, 0.758, 0.758, 0.758, 0.758, 0.759, 0.759, 0.759, 0.759, 0.759, 0.758, 0.757, 0.757, 0.757, 0.757, 0.757, 0.757, 0.757, 0.757, 0.757, 0.757, 0.757, 0.757, 0.757, 0.757, 0.757, 0.757, 0.757, 0.757, 0.757, 0.757, 0.757, 0.757, 0.757, 0.757, 0.757, 0.757, 0.757, 0.757, 0.757, 0.757, 0.756, 0.756, 0.756, 0.755, 0.755, 0.755, 0.755, 0.755, 0.755, 0.755, 0.755, 0.755, 0.755, 0.756, 0.756, 0.756, 0.756, 0.756, 0.756, 0.756, 0.757, 0.757, 0.757, 0.757, 0.757, 0.757, 0.757, 0.757, 0.756, 0.756, 0.756, 0.756, 0.756, 0.756, 0.756, 0.756, 0.756, 0.756, 0.756, 0.756, 0.756, 0.756, 0.756, 0.755, 0.755, 0.755, 0.755, 0.755, 0.754, 0.754, 0.754, 0.753, 0.753, 0.753, 0.753, 0.753, 0.753, 0.753, 0.753, 0.753, 0.753, 0.753, 0.753, 0.753, 0.753, 0.753, 0.753, 0.753, 0.753, 0.753, 0.753, 0.753, 0.753, 0.753, 0.753, 0.753, 0.752, 0.752, 0.752, 0.752, 0.752, 0.752, 0.752, 0.752, 0.752, 0.752, 0.752, 0.752, 0.752, 0.752, 0.752, 0.752, 0.752, 0.752, 0.752, 0.752, 0.752, 0.752, 0.752, 0.752, 0.752, 0.752, 0.751, 0.751, 0.751, 0.751, 0.75, 0.75, 0.75, 0.75, 0.75, 0.75, 0.75, 0.75, 0.75, 0.75, 0.75, 0.749, 0.75, 0.75, 0.75, 0.75, 0.75, 0.75, 0.75, 0.749, 0.749, 0.749, 0.749, 0.749, 0.749, 0.749, 0.749, 0.749, 0.749, 0.749, 0.749, 0.748, 0.748, 0.748]
best validation: 0.766
best test: 0.772
Experiment run 3
dataset: Cora
num_mp_layers: 3
num_fl_layers: 4
mp_hidden_dim: 3000
fl_hidden_dim: 512
epsilon: 1.118033988749895
optimizer_lr: 0.01
loss_func: CrossEntropyLoss
total_epoch: 400
Epoch: 50, Loss: 1.2447, Train: 84.29%, Valid: 53.40%, Test: 56.20%, Best Valid: 56.00%, Best Test: 58.00%
Epoch: 100, Loss: 0.1291, Train: 98.57%, Valid: 61.80%, Test: 62.90%, Best Valid: 63.60%, Best Test: 66.60%
Epoch: 150, Loss: 0.0157, Train: 100.00%, Valid: 59.40%, Test: 59.50%, Best Valid: 63.60%, Best Test: 66.60%
Epoch: 200, Loss: 0.0048, Train: 100.00%, Valid: 57.80%, Test: 58.60%, Best Valid: 63.60%, Best Test: 66.60%
Epoch: 250, Loss: 0.0024, Train: 100.00%, Valid: 58.00%, Test: 58.00%, Best Valid: 63.60%, Best Test: 66.60%
Epoch: 300, Loss: 0.0015, Train: 100.00%, Valid: 57.80%, Test: 58.00%, Best Valid: 63.60%, Best Test: 66.60%
Epoch: 350, Loss: 0.0010, Train: 100.00%, Valid: 57.80%, Test: 58.00%, Best Valid: 63.60%, Best Test: 66.60%
train_accuracy_list: [0.14285714285714285, 0.14285714285714285, 0.14285714285714285, 0.14285714285714285, 0.14285714285714285, 0.14285714285714285, 0.14285714285714285, 0.14285714285714285, 0.14285714285714285, 0.14285714285714285, 0.2857142857142857, 0.15714285714285714, 0.14285714285714285, 0.14285714285714285, 0.14285714285714285, 0.15714285714285714, 0.14285714285714285, 0.14285714285714285, 0.14285714285714285, 0.24285714285714285, 0.20714285714285716, 0.24285714285714285, 0.2785714285714286, 0.32142857142857145, 0.2357142857142857, 0.34285714285714286, 0.4857142857142857, 0.2714285714285714, 0.32857142857142857, 0.4928571428571429, 0.4928571428571429, 0.5142857142857142, 0.5214285714285715, 0.5, 0.45714285714285713, 0.5142857142857142, 0.6214285714285714, 0.7571428571428571, 0.7571428571428571, 0.7785714285714286, 0.8, 0.7785714285714286, 0.7285714285714285, 0.7285714285714285, 0.75, 0.7785714285714286, 0.8285714285714286, 0.8428571428571429, 0.8357142857142857, 0.8428571428571429, 0.8428571428571429, 0.7357142857142858, 0.8428571428571429, 0.8428571428571429, 0.8357142857142857, 0.8785714285714286, 0.8428571428571429, 0.8857142857142857, 0.85, 0.9142857142857143, 0.8857142857142857, 0.9214285714285714, 0.9142857142857143, 0.9142857142857143, 0.9142857142857143, 0.9357142857142857, 0.9357142857142857, 0.9142857142857143, 0.9214285714285714, 0.9357142857142857, 0.9285714285714286, 0.9214285714285714, 0.9357142857142857, 0.9357142857142857, 0.9357142857142857, 0.9428571428571428, 0.9428571428571428, 0.9428571428571428, 0.95, 0.9571428571428572, 0.95, 0.9642857142857143, 0.9571428571428572, 0.9642857142857143, 0.9571428571428572, 0.9642857142857143, 0.9571428571428572, 0.9571428571428572, 0.9714285714285714, 0.9714285714285714, 0.9714285714285714, 0.9714285714285714, 0.9785714285714285, 0.9714285714285714, 0.9785714285714285, 0.9857142857142858, 0.9857142857142858, 0.9857142857142858, 0.9857142857142858, 0.9857142857142858, 0.9857142857142858, 0.9857142857142858, 0.9857142857142858, 0.9857142857142858, 0.9857142857142858, 0.9857142857142858, 0.9857142857142858, 0.9857142857142858, 0.9857142857142858, 0.9928571428571429, 0.9928571428571429, 0.9928571428571429, 0.9928571428571429, 0.9928571428571429, 0.9928571428571429, 0.9928571428571429, 1.0, 1.0, 1.0, 1.0, 1.0, 1.0, 1.0, 1.0, 1.0, 1.0, 1.0, 1.0, 1.0, 1.0, 1.0, 1.0, 1.0, 1.0, 1.0, 1.0, 1.0, 1.0, 1.0, 1.0, 1.0, 1.0, 1.0, 1.0, 1.0, 1.0, 1.0, 1.0, 1.0, 1.0, 1.0, 1.0, 1.0, 1.0, 1.0, 1.0, 1.0, 1.0, 1.0, 1.0, 1.0, 1.0, 1.0, 1.0, 1.0, 1.0, 1.0, 1.0, 1.0, 1.0, 1.0, 1.0, 1.0, 1.0, 1.0, 1.0, 1.0, 1.0, 1.0, 1.0, 1.0, 1.0, 1.0, 1.0, 1.0, 1.0, 1.0, 1.0, 1.0, 1.0, 1.0, 1.0, 1.0, 1.0, 1.0, 1.0, 1.0, 1.0, 1.0, 1.0, 1.0, 1.0, 1.0, 1.0, 1.0, 1.0, 1.0, 1.0, 1.0, 1.0, 1.0, 1.0, 1.0, 1.0, 1.0, 1.0, 1.0, 1.0, 1.0, 1.0, 1.0, 1.0, 1.0, 1.0, 1.0, 1.0, 1.0, 1.0, 1.0, 1.0, 1.0, 1.0, 1.0, 1.0, 1.0, 1.0, 1.0, 1.0, 1.0, 1.0, 1.0, 1.0, 1.0, 1.0, 1.0, 1.0, 1.0, 1.0, 1.0, 1.0, 1.0, 1.0, 1.0, 1.0, 1.0, 1.0, 1.0, 1.0, 1.0, 1.0, 1.0, 1.0, 1.0, 1.0, 1.0, 1.0, 1.0, 1.0, 1.0, 1.0, 1.0, 1.0, 1.0, 1.0, 1.0, 1.0, 1.0, 1.0, 1.0, 1.0, 1.0, 1.0, 1.0, 1.0, 1.0, 1.0, 1.0, 1.0, 1.0, 1.0, 1.0, 1.0, 1.0, 1.0, 1.0, 1.0, 1.0, 1.0, 1.0, 1.0, 1.0, 1.0, 1.0, 1.0, 1.0, 1.0, 1.0, 1.0, 1.0, 1.0, 1.0, 1.0, 1.0, 1.0, 1.0, 1.0, 1.0, 1.0, 1.0, 1.0, 1.0, 1.0, 1.0, 1.0, 1.0, 1.0, 1.0, 1.0, 1.0, 1.0, 1.0, 1.0, 1.0, 1.0, 1.0, 1.0, 1.0, 1.0, 1.0, 1.0, 1.0, 1.0, 1.0, 1.0, 1.0, 1.0, 1.0, 1.0, 1.0, 1.0, 1.0, 1.0, 1.0, 1.0, 1.0, 1.0, 1.0, 1.0, 1.0, 1.0, 1.0, 1.0, 1.0, 1.0, 1.0, 1.0, 1.0, 1.0, 1.0, 1.0, 1.0, 1.0, 1.0, 1.0, 1.0, 1.0, 1.0, 1.0, 1.0, 1.0, 1.0, 1.0, 1.0, 1.0, 1.0, 1.0, 1.0, 1.0, 1.0, 1.0, 1.0, 1.0, 1.0, 1.0, 1.0, 1.0, 1.0, 1.0, 1.0]
valid_accuracy_list: [0.058, 0.316, 0.072, 0.156, 0.114, 0.162, 0.162, 0.162, 0.162, 0.162, 0.204, 0.058, 0.122, 0.122, 0.122, 0.132, 0.114, 0.114, 0.114, 0.35, 0.32, 0.332, 0.334, 0.198, 0.074, 0.116, 0.276, 0.194, 0.21, 0.284, 0.278, 0.218, 0.214, 0.192, 0.2, 0.226, 0.332, 0.514, 0.56, 0.546, 0.554, 0.512, 0.466, 0.436, 0.452, 0.49, 0.522, 0.538, 0.554, 0.534, 0.578, 0.422, 0.584, 0.586, 0.492, 0.572, 0.56, 0.568, 0.494, 0.584, 0.574, 0.598, 0.548, 0.606, 0.612, 0.586, 0.594, 0.616, 0.62, 0.588, 0.606, 0.614, 0.602, 0.596, 0.626, 0.624, 0.592, 0.612, 0.632, 0.616, 0.594, 0.628, 0.63, 0.604, 0.614, 0.636, 0.618, 0.614, 0.626, 0.622, 0.616, 0.618, 0.634, 0.61, 0.608, 0.614, 0.612, 0.598, 0.606, 0.618, 0.608, 0.598, 0.606, 0.608, 0.598, 0.6, 0.608, 0.6, 0.586, 0.596, 0.604, 0.6, 0.584, 0.6, 0.602, 0.598, 0.584, 0.596, 0.602, 0.594, 0.588, 0.59, 0.598, 0.594, 0.59, 0.592, 0.596, 0.6, 0.592, 0.59, 0.596, 0.596, 0.596, 0.592, 0.594, 0.594, 0.598, 0.598, 0.594, 0.594, 0.594, 0.598, 0.596, 0.594, 0.592, 0.594, 0.592, 0.596, 0.596, 0.594, 0.59, 0.592, 0.59, 0.592, 0.588, 0.59, 0.59, 0.586, 0.588, 0.584, 0.582, 0.58, 0.58, 0.58, 0.58, 0.58, 0.578, 0.578, 0.578, 0.58, 0.58, 0.576, 0.574, 0.574, 0.576, 0.578, 0.578, 0.578, 0.578, 0.578, 0.578, 0.578, 0.578, 0.578, 0.578, 0.58, 0.578, 0.578, 0.578, 0.578, 0.576, 0.576, 0.578, 0.578, 0.578, 0.578, 0.578, 0.578, 0.578, 0.578, 0.578, 0.578, 0.578, 0.578, 0.578, 0.578, 0.578, 0.578, 0.578, 0.578, 0.58, 0.58, 0.58, 0.58, 0.58, 0.58, 0.58, 0.58, 0.58, 0.58, 0.58, 0.58, 0.582, 0.582, 0.582, 0.582, 0.58, 0.58, 0.582, 0.582, 0.58, 0.58, 0.582, 0.582, 0.582, 0.58, 0.58, 0.582, 0.582, 0.582, 0.582, 0.58, 0.58, 0.58, 0.582, 0.582, 0.582, 0.582, 0.582, 0.58, 0.578, 0.582, 0.582, 0.582, 0.582, 0.582, 0.578, 0.576, 0.58, 0.58, 0.58, 0.58, 0.58, 0.58, 0.578, 0.578, 0.576, 0.576, 0.574, 0.578, 0.578, 0.578, 0.578, 0.578, 0.576, 0.574, 0.574, 0.578, 0.578, 0.578, 0.578, 0.576, 0.576, 0.578, 0.578, 0.578, 0.58, 0.578, 0.578, 0.578, 0.58, 0.58, 0.578, 0.578, 0.578, 0.58, 0.578, 0.578, 0.578, 0.578, 0.578, 0.578, 0.578, 0.578, 0.578, 0.578, 0.578, 0.578, 0.578, 0.578, 0.578, 0.578, 0.578, 0.578, 0.578, 0.578, 0.578, 0.578, 0.578, 0.578, 0.578, 0.578, 0.578, 0.578, 0.578, 0.578, 0.578, 0.578, 0.578, 0.578, 0.578, 0.578, 0.578, 0.578, 0.578, 0.578, 0.578, 0.578, 0.578, 0.578, 0.578, 0.578, 0.578, 0.578, 0.578, 0.578, 0.578, 0.578, 0.578, 0.578, 0.578, 0.578, 0.578, 0.578, 0.578, 0.578, 0.578, 0.578, 0.578, 0.578, 0.578, 0.578, 0.578, 0.578, 0.578, 0.578, 0.578, 0.578, 0.578, 0.578, 0.578, 0.578, 0.578, 0.578, 0.578, 0.578, 0.578, 0.578, 0.578, 0.578, 0.578, 0.578, 0.578, 0.578, 0.578, 0.578, 0.578, 0.578, 0.578, 0.578, 0.578, 0.578, 0.578, 0.578, 0.578, 0.578, 0.578, 0.578, 0.578]
test_accuracy_list: [0.064, 0.319, 0.091, 0.144, 0.103, 0.149, 0.149, 0.149, 0.149, 0.149, 0.205, 0.066, 0.13, 0.13, 0.13, 0.113, 0.103, 0.103, 0.103, 0.351, 0.332, 0.346, 0.353, 0.223, 0.104, 0.147, 0.311, 0.188, 0.203, 0.316, 0.26, 0.222, 0.236, 0.24, 0.204, 0.251, 0.374, 0.521, 0.551, 0.531, 0.531, 0.507, 0.452, 0.415, 0.424, 0.459, 0.507, 0.548, 0.58, 0.562, 0.615, 0.413, 0.626, 0.629, 0.521, 0.582, 0.61, 0.615, 0.531, 0.615, 0.627, 0.622, 0.571, 0.647, 0.661, 0.601, 0.612, 0.661, 0.66, 0.604, 0.643, 0.666, 0.631, 0.615, 0.658, 0.654, 0.616, 0.642, 0.662, 0.642, 0.622, 0.655, 0.654, 0.62, 0.639, 0.654, 0.638, 0.621, 0.642, 0.641, 0.614, 0.633, 0.641, 0.623, 0.611, 0.632, 0.632, 0.606, 0.616, 0.629, 0.613, 0.6, 0.617, 0.62, 0.602, 0.601, 0.612, 0.609, 0.597, 0.603, 0.608, 0.601, 0.597, 0.598, 0.606, 0.597, 0.593, 0.597, 0.6, 0.596, 0.594, 0.595, 0.599, 0.597, 0.591, 0.594, 0.597, 0.599, 0.594, 0.592, 0.595, 0.598, 0.598, 0.594, 0.592, 0.595, 0.599, 0.598, 0.599, 0.597, 0.596, 0.601, 0.6, 0.6, 0.598, 0.594, 0.594, 0.598, 0.598, 0.595, 0.594, 0.593, 0.592, 0.594, 0.596, 0.595, 0.595, 0.593, 0.593, 0.592, 0.592, 0.591, 0.592, 0.592, 0.592, 0.591, 0.591, 0.591, 0.592, 0.592, 0.591, 0.591, 0.588, 0.588, 0.591, 0.591, 0.591, 0.59, 0.59, 0.587, 0.586, 0.586, 0.586, 0.588, 0.588, 0.588, 0.588, 0.586, 0.586, 0.586, 0.586, 0.586, 0.587, 0.587, 0.586, 0.585, 0.585, 0.585, 0.585, 0.586, 0.586, 0.586, 0.586, 0.586, 0.586, 0.586, 0.585, 0.586, 0.586, 0.587, 0.587, 0.587, 0.586, 0.585, 0.585, 0.585, 0.585, 0.586, 0.586, 0.586, 0.586, 0.586, 0.586, 0.585, 0.584, 0.584, 0.584, 0.584, 0.584, 0.584, 0.582, 0.582, 0.582, 0.582, 0.581, 0.58, 0.58, 0.581, 0.581, 0.581, 0.58, 0.58, 0.58, 0.58, 0.581, 0.582, 0.582, 0.581, 0.58, 0.58, 0.581, 0.581, 0.58, 0.581, 0.58, 0.581, 0.581, 0.581, 0.581, 0.581, 0.581, 0.581, 0.581, 0.581, 0.581, 0.581, 0.58, 0.581, 0.581, 0.58, 0.581, 0.581, 0.581, 0.581, 0.582, 0.582, 0.582, 0.581, 0.581, 0.581, 0.581, 0.581, 0.581, 0.581, 0.582, 0.582, 0.582, 0.582, 0.581, 0.581, 0.58, 0.58, 0.58, 0.58, 0.58, 0.58, 0.58, 0.58, 0.58, 0.58, 0.58, 0.58, 0.58, 0.58, 0.58, 0.58, 0.58, 0.58, 0.58, 0.58, 0.58, 0.58, 0.579, 0.58, 0.58, 0.58, 0.579, 0.579, 0.579, 0.579, 0.579, 0.579, 0.579, 0.579, 0.579, 0.579, 0.579, 0.579, 0.579, 0.579, 0.579, 0.579, 0.579, 0.579, 0.579, 0.579, 0.58, 0.58, 0.58, 0.579, 0.579, 0.579, 0.58, 0.58, 0.58, 0.58, 0.58, 0.58, 0.58, 0.58, 0.58, 0.58, 0.58, 0.58, 0.58, 0.58, 0.58, 0.58, 0.58, 0.58, 0.579, 0.579, 0.579, 0.579, 0.579, 0.579, 0.579, 0.579, 0.579, 0.579, 0.579, 0.579, 0.579, 0.579, 0.579, 0.579, 0.579, 0.579, 0.579, 0.579, 0.579, 0.579, 0.579, 0.579, 0.579, 0.579, 0.579, 0.579, 0.579, 0.579, 0.58, 0.58, 0.58, 0.58, 0.58, 0.58, 0.58, 0.58, 0.58]
best validation: 0.636
best test: 0.666
Experiment run 4
dataset: Cora
num_mp_layers: 3
num_fl_layers: 5
mp_hidden_dim: 3000
fl_hidden_dim: 512
epsilon: 1.118033988749895
optimizer_lr: 0.01
loss_func: CrossEntropyLoss
total_epoch: 400
Epoch: 50, Loss: 0.9980, Train: 84.29%, Valid: 57.60%, Test: 58.20%, Best Valid: 60.20%, Best Test: 60.10%
Epoch: 100, Loss: 0.0207, Train: 100.00%, Valid: 63.60%, Test: 67.40%, Best Valid: 64.40%, Best Test: 67.40%
Epoch: 150, Loss: 0.0023, Train: 100.00%, Valid: 62.40%, Test: 66.70%, Best Valid: 64.40%, Best Test: 67.40%
Epoch: 200, Loss: 0.0010, Train: 100.00%, Valid: 62.20%, Test: 66.70%, Best Valid: 64.40%, Best Test: 67.40%
Epoch: 250, Loss: 0.0006, Train: 100.00%, Valid: 62.20%, Test: 66.80%, Best Valid: 64.40%, Best Test: 67.40%
Epoch: 300, Loss: 0.0004, Train: 100.00%, Valid: 62.40%, Test: 66.80%, Best Valid: 64.40%, Best Test: 67.40%
Epoch: 350, Loss: 0.0003, Train: 100.00%, Valid: 62.20%, Test: 67.00%, Best Valid: 64.40%, Best Test: 67.40%
train_accuracy_list: [0.14285714285714285, 0.14285714285714285, 0.14285714285714285, 0.14285714285714285, 0.2571428571428571, 0.25, 0.2, 0.2571428571428571, 0.36428571428571427, 0.21428571428571427, 0.3, 0.2857142857142857, 0.17142857142857143, 0.15, 0.14285714285714285, 0.2857142857142857, 0.3357142857142857, 0.4857142857142857, 0.44285714285714284, 0.44285714285714284, 0.39285714285714285, 0.3, 0.3142857142857143, 0.4, 0.30714285714285716, 0.4, 0.5428571428571428, 0.5071428571428571, 0.6, 0.7, 0.6714285714285714, 0.6357142857142857, 0.6428571428571429, 0.7857142857142857, 0.7928571428571428, 0.7428571428571429, 0.75, 0.7714285714285715, 0.7642857142857142, 0.7571428571428571, 0.7571428571428571, 0.75, 0.8071428571428572, 0.8214285714285714, 0.8071428571428572, 0.7785714285714286, 0.8071428571428572, 0.8285714285714286, 0.7785714285714286, 0.8428571428571429, 0.8714285714285714, 0.8, 0.8642857142857143, 0.8928571428571429, 0.8357142857142857, 0.8642857142857143, 0.8714285714285714, 0.8714285714285714, 0.8785714285714286, 0.8714285714285714, 0.9, 0.9214285714285714, 0.8928571428571429, 0.9142857142857143, 0.9, 0.9142857142857143, 0.9357142857142857, 0.9214285714285714, 0.9571428571428572, 0.9571428571428572, 0.9428571428571428, 0.9714285714285714, 0.9785714285714285, 0.9642857142857143, 0.9857142857142858, 0.9857142857142858, 0.9857142857142858, 0.9928571428571429, 0.9928571428571429, 0.9928571428571429, 0.9928571428571429, 0.9928571428571429, 1.0, 1.0, 1.0, 1.0, 1.0, 1.0, 1.0, 1.0, 1.0, 1.0, 1.0, 1.0, 1.0, 1.0, 1.0, 1.0, 1.0, 1.0, 1.0, 1.0, 1.0, 1.0, 1.0, 1.0, 1.0, 1.0, 1.0, 1.0, 1.0, 1.0, 1.0, 1.0, 1.0, 1.0, 1.0, 1.0, 1.0, 1.0, 1.0, 1.0, 1.0, 1.0, 1.0, 1.0, 1.0, 1.0, 1.0, 1.0, 1.0, 1.0, 1.0, 1.0, 1.0, 1.0, 1.0, 1.0, 1.0, 1.0, 1.0, 1.0, 1.0, 1.0, 1.0, 1.0, 1.0, 1.0, 1.0, 1.0, 1.0, 1.0, 1.0, 1.0, 1.0, 1.0, 1.0, 1.0, 1.0, 1.0, 1.0, 1.0, 1.0, 1.0, 1.0, 1.0, 1.0, 1.0, 1.0, 1.0, 1.0, 1.0, 1.0, 1.0, 1.0, 1.0, 1.0, 1.0, 1.0, 1.0, 1.0, 1.0, 1.0, 1.0, 1.0, 1.0, 1.0, 1.0, 1.0, 1.0, 1.0, 1.0, 1.0, 1.0, 1.0, 1.0, 1.0, 1.0, 1.0, 1.0, 1.0, 1.0, 1.0, 1.0, 1.0, 1.0, 1.0, 1.0, 1.0, 1.0, 1.0, 1.0, 1.0, 1.0, 1.0, 1.0, 1.0, 1.0, 1.0, 1.0, 1.0, 1.0, 1.0, 1.0, 1.0, 1.0, 1.0, 1.0, 1.0, 1.0, 1.0, 1.0, 1.0, 1.0, 1.0, 1.0, 1.0, 1.0, 1.0, 1.0, 1.0, 1.0, 1.0, 1.0, 1.0, 1.0, 1.0, 1.0, 1.0, 1.0, 1.0, 1.0, 1.0, 1.0, 1.0, 1.0, 1.0, 1.0, 1.0, 1.0, 1.0, 1.0, 1.0, 1.0, 1.0, 1.0, 1.0, 1.0, 1.0, 1.0, 1.0, 1.0, 1.0, 1.0, 1.0, 1.0, 1.0, 1.0, 1.0, 1.0, 1.0, 1.0, 1.0, 1.0, 1.0, 1.0, 1.0, 1.0, 1.0, 1.0, 1.0, 1.0, 1.0, 1.0, 1.0, 1.0, 1.0, 1.0, 1.0, 1.0, 1.0, 1.0, 1.0, 1.0, 1.0, 1.0, 1.0, 1.0, 1.0, 1.0, 1.0, 1.0, 1.0, 1.0, 1.0, 1.0, 1.0, 1.0, 1.0, 1.0, 1.0, 1.0, 1.0, 1.0, 1.0, 1.0, 1.0, 1.0, 1.0, 1.0, 1.0, 1.0, 1.0, 1.0, 1.0, 1.0, 1.0, 1.0, 1.0, 1.0, 1.0, 1.0, 1.0, 1.0, 1.0, 1.0, 1.0, 1.0, 1.0, 1.0, 1.0, 1.0, 1.0, 1.0, 1.0, 1.0, 1.0, 1.0, 1.0, 1.0, 1.0, 1.0, 1.0, 1.0, 1.0, 1.0, 1.0, 1.0, 1.0, 1.0, 1.0, 1.0, 1.0, 1.0, 1.0, 1.0, 1.0, 1.0, 1.0, 1.0, 1.0, 1.0, 1.0, 1.0, 1.0, 1.0, 1.0, 1.0, 1.0, 1.0, 1.0, 1.0, 1.0, 1.0, 1.0, 1.0, 1.0, 1.0, 1.0]
valid_accuracy_list: [0.162, 0.162, 0.316, 0.122, 0.09, 0.132, 0.116, 0.132, 0.158, 0.134, 0.19, 0.178, 0.126, 0.318, 0.316, 0.316, 0.158, 0.288, 0.248, 0.278, 0.244, 0.204, 0.218, 0.392, 0.376, 0.438, 0.444, 0.294, 0.346, 0.446, 0.438, 0.42, 0.442, 0.534, 0.59, 0.548, 0.526, 0.528, 0.562, 0.562, 0.54, 0.556, 0.57, 0.602, 0.542, 0.556, 0.57, 0.554, 0.556, 0.576, 0.558, 0.552, 0.564, 0.566, 0.554, 0.55, 0.582, 0.578, 0.524, 0.57, 0.558, 0.558, 0.57, 0.512, 0.582, 0.578, 0.558, 0.602, 0.578, 0.578, 0.596, 0.574, 0.584, 0.602, 0.578, 0.592, 0.62, 0.582, 0.606, 0.626, 0.594, 0.594, 0.63, 0.624, 0.592, 0.624, 0.644, 0.61, 0.596, 0.628, 0.636, 0.618, 0.6, 0.62, 0.634, 0.626, 0.604, 0.608, 0.624, 0.636, 0.628, 0.606, 0.608, 0.626, 0.632, 0.632, 0.61, 0.606, 0.608, 0.628, 0.628, 0.628, 0.616, 0.61, 0.614, 0.62, 0.63, 0.634, 0.634, 0.626, 0.616, 0.618, 0.626, 0.632, 0.636, 0.636, 0.634, 0.622, 0.618, 0.618, 0.624, 0.626, 0.63, 0.63, 0.628, 0.626, 0.622, 0.62, 0.622, 0.628, 0.63, 0.628, 0.628, 0.626, 0.628, 0.622, 0.622, 0.626, 0.624, 0.624, 0.624, 0.624, 0.624, 0.62, 0.62, 0.62, 0.622, 0.622, 0.622, 0.624, 0.624, 0.624, 0.624, 0.624, 0.624, 0.624, 0.622, 0.622, 0.622, 0.622, 0.624, 0.624, 0.622, 0.622, 0.622, 0.622, 0.624, 0.624, 0.624, 0.624, 0.624, 0.624, 0.624, 0.624, 0.624, 0.624, 0.624, 0.624, 0.624, 0.624, 0.624, 0.624, 0.624, 0.624, 0.624, 0.624, 0.624, 0.622, 0.622, 0.622, 0.624, 0.624, 0.624, 0.624, 0.624, 0.624, 0.624, 0.624, 0.624, 0.624, 0.624, 0.624, 0.624, 0.624, 0.624, 0.624, 0.624, 0.624, 0.622, 0.622, 0.622, 0.622, 0.622, 0.622, 0.622, 0.622, 0.622, 0.622, 0.622, 0.622, 0.622, 0.622, 0.622, 0.622, 0.622, 0.622, 0.622, 0.622, 0.622, 0.622, 0.622, 0.622, 0.622, 0.622, 0.622, 0.622, 0.622, 0.622, 0.622, 0.622, 0.622, 0.622, 0.622, 0.622, 0.622, 0.622, 0.622, 0.622, 0.622, 0.622, 0.622, 0.622, 0.622, 0.622, 0.622, 0.622, 0.622, 0.622, 0.622, 0.622, 0.622, 0.622, 0.622, 0.622, 0.622, 0.622, 0.622, 0.622, 0.622, 0.622, 0.622, 0.622, 0.622, 0.622, 0.622, 0.622, 0.622, 0.624, 0.624, 0.624, 0.624, 0.624, 0.624, 0.624, 0.624, 0.624, 0.624, 0.624, 0.624, 0.624, 0.624, 0.624, 0.622, 0.622, 0.624, 0.624, 0.624, 0.622, 0.622, 0.622, 0.622, 0.622, 0.622, 0.622, 0.622, 0.622, 0.622, 0.622, 0.622, 0.622, 0.622, 0.622, 0.622, 0.622, 0.622, 0.622, 0.622, 0.622, 0.622, 0.622, 0.622, 0.622, 0.622, 0.622, 0.622, 0.622, 0.622, 0.622, 0.622, 0.622, 0.622, 0.622, 0.622, 0.622, 0.622, 0.622, 0.622, 0.622, 0.622, 0.622, 0.622, 0.622, 0.622, 0.622, 0.622, 0.622, 0.622, 0.622, 0.622, 0.622, 0.622, 0.622, 0.622, 0.622, 0.622, 0.624, 0.624, 0.624, 0.624, 0.624, 0.624, 0.624, 0.624, 0.624, 0.624, 0.624, 0.624, 0.624, 0.624, 0.624, 0.624, 0.624, 0.624, 0.624, 0.624, 0.624, 0.624, 0.624, 0.624, 0.624, 0.624, 0.624, 0.624, 0.624, 0.624, 0.624, 0.624, 0.624, 0.624]
test_accuracy_list: [0.149, 0.149, 0.319, 0.13, 0.095, 0.118, 0.113, 0.119, 0.179, 0.136, 0.186, 0.181, 0.135, 0.319, 0.319, 0.349, 0.161, 0.28, 0.226, 0.26, 0.259, 0.199, 0.228, 0.423, 0.382, 0.455, 0.455, 0.298, 0.352, 0.454, 0.425, 0.413, 0.41, 0.523, 0.601, 0.565, 0.548, 0.56, 0.549, 0.541, 0.53, 0.537, 0.57, 0.598, 0.534, 0.58, 0.552, 0.542, 0.573, 0.582, 0.566, 0.567, 0.579, 0.582, 0.606, 0.549, 0.615, 0.618, 0.53, 0.612, 0.581, 0.59, 0.603, 0.512, 0.619, 0.623, 0.555, 0.626, 0.62, 0.607, 0.631, 0.603, 0.622, 0.637, 0.612, 0.638, 0.656, 0.62, 0.64, 0.654, 0.628, 0.627, 0.661, 0.663, 0.628, 0.67, 0.674, 0.647, 0.633, 0.671, 0.674, 0.656, 0.636, 0.655, 0.673, 0.658, 0.643, 0.649, 0.665, 0.674, 0.663, 0.647, 0.65, 0.663, 0.672, 0.664, 0.657, 0.648, 0.654, 0.662, 0.668, 0.665, 0.658, 0.652, 0.654, 0.659, 0.665, 0.665, 0.663, 0.662, 0.66, 0.661, 0.662, 0.665, 0.666, 0.667, 0.668, 0.662, 0.661, 0.663, 0.663, 0.666, 0.667, 0.667, 0.666, 0.662, 0.661, 0.661, 0.661, 0.664, 0.666, 0.667, 0.666, 0.666, 0.665, 0.663, 0.661, 0.663, 0.666, 0.667, 0.668, 0.668, 0.668, 0.668, 0.668, 0.667, 0.667, 0.667, 0.667, 0.669, 0.67, 0.67, 0.669, 0.668, 0.668, 0.668, 0.669, 0.669, 0.669, 0.669, 0.669, 0.668, 0.668, 0.668, 0.668, 0.668, 0.668, 0.667, 0.667, 0.667, 0.667, 0.667, 0.667, 0.667, 0.667, 0.668, 0.666, 0.666, 0.666, 0.666, 0.666, 0.666, 0.666, 0.666, 0.666, 0.666, 0.666, 0.666, 0.666, 0.667, 0.666, 0.666, 0.666, 0.667, 0.667, 0.667, 0.666, 0.666, 0.666, 0.666, 0.666, 0.667, 0.667, 0.667, 0.667, 0.667, 0.668, 0.668, 0.668, 0.668, 0.668, 0.668, 0.668, 0.668, 0.668, 0.668, 0.668, 0.668, 0.667, 0.667, 0.667, 0.667, 0.667, 0.667, 0.667, 0.667, 0.667, 0.667, 0.667, 0.667, 0.667, 0.667, 0.667, 0.667, 0.667, 0.667, 0.667, 0.667, 0.668, 0.668, 0.668, 0.668, 0.668, 0.668, 0.668, 0.668, 0.668, 0.668, 0.668, 0.668, 0.668, 0.668, 0.668, 0.668, 0.668, 0.668, 0.668, 0.668, 0.668, 0.668, 0.668, 0.668, 0.668, 0.668, 0.668, 0.668, 0.668, 0.668, 0.668, 0.668, 0.668, 0.668, 0.668, 0.669, 0.669, 0.668, 0.668, 0.668, 0.668, 0.668, 0.668, 0.668, 0.668, 0.668, 0.668, 0.668, 0.668, 0.668, 0.668, 0.668, 0.668, 0.668, 0.668, 0.668, 0.668, 0.669, 0.669, 0.669, 0.669, 0.669, 0.669, 0.669, 0.669, 0.669, 0.669, 0.669, 0.669, 0.669, 0.669, 0.669, 0.669, 0.669, 0.669, 0.669, 0.669, 0.669, 0.67, 0.67, 0.67, 0.67, 0.669, 0.669, 0.67, 0.67, 0.67, 0.67, 0.67, 0.67, 0.67, 0.67, 0.67, 0.67, 0.67, 0.67, 0.67, 0.67, 0.67, 0.67, 0.67, 0.67, 0.67, 0.67, 0.67, 0.67, 0.67, 0.67, 0.67, 0.67, 0.67, 0.67, 0.67, 0.67, 0.67, 0.67, 0.67, 0.67, 0.67, 0.67, 0.67, 0.67, 0.67, 0.67, 0.67, 0.67, 0.67, 0.67, 0.67, 0.67, 0.67, 0.67, 0.67, 0.67, 0.67, 0.67, 0.67, 0.67, 0.67, 0.67, 0.67, 0.67, 0.67, 0.671, 0.671, 0.671, 0.672, 0.671, 0.672, 0.672, 0.672]
best validation: 0.644
best test: 0.674
Experiment run 5
dataset: Cora
num_mp_layers: 3
num_fl_layers: 6
mp_hidden_dim: 3000
fl_hidden_dim: 512
epsilon: 1.118033988749895
optimizer_lr: 0.01
loss_func: CrossEntropyLoss
total_epoch: 400
Epoch: 50, Loss: 1.3167, Train: 49.29%, Valid: 36.80%, Test: 40.70%, Best Valid: 48.60%, Best Test: 54.20%
Epoch: 100, Loss: 0.3334, Train: 96.43%, Valid: 56.80%, Test: 60.80%, Best Valid: 60.80%, Best Test: 64.10%
Epoch: 150, Loss: 0.1285, Train: 100.00%, Valid: 65.80%, Test: 66.00%, Best Valid: 69.20%, Best Test: 70.70%
Epoch: 200, Loss: 0.0148, Train: 100.00%, Valid: 61.20%, Test: 61.40%, Best Valid: 69.20%, Best Test: 70.70%
Epoch: 250, Loss: 0.0026, Train: 100.00%, Valid: 60.20%, Test: 59.90%, Best Valid: 69.20%, Best Test: 70.70%
Epoch: 300, Loss: 0.0004, Train: 100.00%, Valid: 59.20%, Test: 58.70%, Best Valid: 69.20%, Best Test: 70.70%
Epoch: 350, Loss: 0.0002, Train: 100.00%, Valid: 59.20%, Test: 59.10%, Best Valid: 69.20%, Best Test: 70.70%
train_accuracy_list: [0.14285714285714285, 0.14285714285714285, 0.14285714285714285, 0.14285714285714285, 0.15, 0.15, 0.15, 0.2357142857142857, 0.25, 0.25, 0.30714285714285716, 0.14285714285714285, 0.14285714285714285, 0.14285714285714285, 0.14285714285714285, 0.15, 0.3, 0.15, 0.19285714285714287, 0.37857142857142856, 0.32857142857142857, 0.42142857142857143, 0.4, 0.17142857142857143, 0.45714285714285713, 0.39285714285714285, 0.2714285714285714, 0.38571428571428573, 0.45, 0.5142857142857142, 0.18571428571428572, 0.15, 0.35714285714285715, 0.3357142857142857, 0.34285714285714286, 0.32857142857142857, 0.35714285714285715, 0.42142857142857143, 0.2, 0.25, 0.55, 0.6357142857142857, 0.7428571428571429, 0.7214285714285714, 0.6571428571428571, 0.5285714285714286, 0.5928571428571429, 0.75, 0.6642857142857143, 0.4928571428571429, 0.5428571428571428, 0.6285714285714286, 0.7, 0.75, 0.8, 0.8, 0.7928571428571428, 0.8071428571428572, 0.8428571428571429, 0.8571428571428571, 0.8642857142857143, 0.8571428571428571, 0.8642857142857143, 0.8785714285714286, 0.8928571428571429, 0.8928571428571429, 0.8785714285714286, 0.8714285714285714, 0.8785714285714286, 0.8785714285714286, 0.8642857142857143, 0.8857142857142857, 0.8928571428571429, 0.8928571428571429, 0.9214285714285714, 0.9071428571428571, 0.9357142857142857, 0.9142857142857143, 0.9071428571428571, 0.9142857142857143, 0.9214285714285714, 0.9214285714285714, 0.9285714285714286, 0.9214285714285714, 0.9142857142857143, 0.9285714285714286, 0.9214285714285714, 0.95, 0.95, 0.95, 0.95, 0.9428571428571428, 0.95, 0.95, 0.95, 0.9571428571428572, 0.9571428571428572, 0.9571428571428572, 0.9642857142857143, 0.9642857142857143, 0.9642857142857143, 0.9642857142857143, 0.9642857142857143, 0.9785714285714285, 0.9642857142857143, 0.9857142857142858, 0.9857142857142858, 0.9714285714285714, 0.9857142857142858, 0.9785714285714285, 0.9928571428571429, 0.9714285714285714, 0.9714285714285714, 0.9285714285714286, 0.5285714285714286, 0.20714285714285716, 0.6785714285714286, 0.4142857142857143, 0.5857142857142857, 0.7857142857142857, 0.5571428571428572, 0.6857142857142857, 0.8857142857142857, 0.7857142857142857, 0.8071428571428572, 0.8928571428571429, 0.95, 0.8714285714285714, 0.9357142857142857, 0.9428571428571428, 0.95, 0.9857142857142858, 0.9928571428571429, 0.9642857142857143, 0.9642857142857143, 0.9928571428571429, 0.9928571428571429, 0.9857142857142858, 1.0, 0.9857142857142858, 0.9785714285714285, 0.9785714285714285, 0.9928571428571429, 0.9928571428571429, 0.9928571428571429, 0.9928571428571429, 1.0, 1.0, 1.0, 1.0, 1.0, 1.0, 1.0, 1.0, 1.0, 1.0, 1.0, 1.0, 1.0, 1.0, 1.0, 1.0, 1.0, 1.0, 1.0, 1.0, 1.0, 1.0, 1.0, 1.0, 1.0, 1.0, 1.0, 1.0, 1.0, 1.0, 1.0, 1.0, 1.0, 1.0, 1.0, 1.0, 1.0, 1.0, 1.0, 1.0, 1.0, 1.0, 1.0, 1.0, 1.0, 1.0, 1.0, 1.0, 1.0, 1.0, 1.0, 1.0, 1.0, 1.0, 1.0, 1.0, 1.0, 1.0, 1.0, 1.0, 1.0, 1.0, 1.0, 1.0, 1.0, 1.0, 1.0, 1.0, 1.0, 1.0, 1.0, 1.0, 1.0, 1.0, 1.0, 1.0, 1.0, 1.0, 1.0, 1.0, 1.0, 1.0, 1.0, 1.0, 1.0, 1.0, 1.0, 1.0, 1.0, 1.0, 1.0, 1.0, 1.0, 1.0, 1.0, 1.0, 1.0, 1.0, 1.0, 1.0, 1.0, 1.0, 1.0, 1.0, 1.0, 1.0, 1.0, 1.0, 1.0, 1.0, 1.0, 1.0, 1.0, 1.0, 1.0, 1.0, 1.0, 1.0, 1.0, 1.0, 1.0, 1.0, 1.0, 1.0, 1.0, 1.0, 1.0, 1.0, 1.0, 1.0, 1.0, 1.0, 1.0, 1.0, 1.0, 1.0, 1.0, 1.0, 1.0, 1.0, 1.0, 1.0, 1.0, 1.0, 1.0, 1.0, 1.0, 1.0, 1.0, 1.0, 1.0, 1.0, 1.0, 1.0, 1.0, 1.0, 1.0, 1.0, 1.0, 1.0, 1.0, 1.0, 1.0, 1.0, 1.0, 1.0, 1.0, 1.0, 1.0, 1.0, 1.0, 1.0, 1.0, 1.0, 1.0, 1.0, 1.0, 1.0, 1.0, 1.0, 1.0, 1.0, 1.0, 1.0, 1.0, 1.0, 1.0, 1.0, 1.0, 1.0, 1.0, 1.0, 1.0, 1.0, 1.0, 1.0, 1.0, 1.0, 1.0, 1.0, 1.0, 1.0, 1.0, 1.0, 1.0, 1.0, 1.0, 1.0, 1.0, 1.0, 1.0, 1.0, 1.0, 1.0, 1.0, 1.0, 1.0, 1.0, 1.0, 1.0, 1.0, 1.0, 1.0, 1.0, 1.0, 1.0, 1.0, 1.0, 1.0, 1.0, 1.0, 1.0, 1.0, 1.0, 1.0, 1.0, 1.0, 1.0, 1.0, 1.0, 1.0, 1.0, 1.0, 1.0, 1.0, 1.0, 1.0, 1.0, 1.0, 1.0, 1.0, 1.0, 1.0]
valid_accuracy_list: [0.316, 0.316, 0.072, 0.058, 0.114, 0.114, 0.116, 0.156, 0.19, 0.19, 0.132, 0.072, 0.072, 0.122, 0.122, 0.124, 0.256, 0.166, 0.19, 0.332, 0.174, 0.25, 0.364, 0.126, 0.276, 0.146, 0.15, 0.22, 0.288, 0.438, 0.132, 0.316, 0.23, 0.288, 0.218, 0.176, 0.156, 0.366, 0.322, 0.342, 0.372, 0.358, 0.394, 0.44, 0.378, 0.274, 0.276, 0.416, 0.486, 0.368, 0.342, 0.46, 0.562, 0.596, 0.574, 0.514, 0.484, 0.474, 0.494, 0.552, 0.584, 0.578, 0.578, 0.59, 0.59, 0.554, 0.544, 0.556, 0.566, 0.544, 0.542, 0.558, 0.56, 0.588, 0.582, 0.606, 0.584, 0.608, 0.534, 0.59, 0.572, 0.542, 0.574, 0.566, 0.544, 0.562, 0.608, 0.576, 0.546, 0.588, 0.594, 0.564, 0.606, 0.588, 0.546, 0.56, 0.568, 0.552, 0.574, 0.568, 0.552, 0.574, 0.58, 0.574, 0.578, 0.56, 0.566, 0.578, 0.564, 0.562, 0.53, 0.564, 0.496, 0.554, 0.28, 0.352, 0.334, 0.214, 0.334, 0.454, 0.358, 0.472, 0.592, 0.4, 0.458, 0.508, 0.55, 0.59, 0.602, 0.548, 0.524, 0.56, 0.626, 0.664, 0.692, 0.686, 0.676, 0.65, 0.644, 0.632, 0.614, 0.612, 0.618, 0.616, 0.622, 0.64, 0.648, 0.652, 0.656, 0.658, 0.656, 0.65, 0.646, 0.632, 0.624, 0.636, 0.644, 0.648, 0.638, 0.636, 0.642, 0.642, 0.634, 0.634, 0.642, 0.648, 0.646, 0.636, 0.65, 0.648, 0.644, 0.65, 0.646, 0.64, 0.638, 0.646, 0.642, 0.642, 0.638, 0.638, 0.63, 0.638, 0.626, 0.632, 0.634, 0.622, 0.63, 0.624, 0.616, 0.62, 0.616, 0.622, 0.622, 0.622, 0.62, 0.614, 0.616, 0.622, 0.618, 0.612, 0.618, 0.624, 0.624, 0.618, 0.612, 0.616, 0.618, 0.616, 0.614, 0.614, 0.616, 0.614, 0.616, 0.614, 0.612, 0.614, 0.612, 0.614, 0.604, 0.61, 0.616, 0.618, 0.616, 0.61, 0.612, 0.614, 0.614, 0.61, 0.612, 0.614, 0.614, 0.616, 0.606, 0.606, 0.602, 0.604, 0.612, 0.612, 0.612, 0.612, 0.612, 0.604, 0.602, 0.602, 0.606, 0.606, 0.606, 0.606, 0.604, 0.602, 0.604, 0.6, 0.6, 0.6, 0.604, 0.594, 0.59, 0.59, 0.598, 0.594, 0.59, 0.594, 0.6, 0.598, 0.598, 0.594, 0.594, 0.596, 0.596, 0.598, 0.596, 0.598, 0.598, 0.598, 0.596, 0.592, 0.594, 0.59, 0.598, 0.598, 0.598, 0.596, 0.598, 0.598, 0.596, 0.596, 0.594, 0.592, 0.592, 0.594, 0.596, 0.596, 0.598, 0.596, 0.596, 0.596, 0.596, 0.594, 0.592, 0.592, 0.592, 0.592, 0.594, 0.594, 0.594, 0.594, 0.592, 0.592, 0.592, 0.594, 0.594, 0.594, 0.592, 0.592, 0.594, 0.596, 0.594, 0.594, 0.594, 0.596, 0.596, 0.596, 0.596, 0.594, 0.592, 0.592, 0.594, 0.592, 0.592, 0.592, 0.592, 0.592, 0.592, 0.592, 0.592, 0.592, 0.592, 0.592, 0.592, 0.592, 0.594, 0.594, 0.594, 0.594, 0.594, 0.594, 0.592, 0.592, 0.592, 0.592, 0.592, 0.592, 0.592, 0.592, 0.592, 0.592, 0.592, 0.592, 0.592, 0.592, 0.592, 0.592, 0.592, 0.592, 0.592, 0.592, 0.592, 0.592, 0.592, 0.592, 0.592, 0.592, 0.592, 0.592, 0.592, 0.592, 0.592, 0.592, 0.592, 0.59, 0.59, 0.59, 0.59, 0.59, 0.59, 0.59, 0.592, 0.592, 0.592, 0.592, 0.592, 0.592, 0.592, 0.592, 0.592, 0.59, 0.59, 0.59, 0.592]
test_accuracy_list: [0.319, 0.319, 0.091, 0.064, 0.105, 0.104, 0.11, 0.15, 0.168, 0.169, 0.134, 0.091, 0.091, 0.13, 0.13, 0.131, 0.254, 0.15, 0.172, 0.38, 0.167, 0.269, 0.385, 0.139, 0.346, 0.182, 0.175, 0.22, 0.288, 0.462, 0.145, 0.319, 0.246, 0.258, 0.209, 0.166, 0.156, 0.416, 0.327, 0.34, 0.409, 0.361, 0.39, 0.423, 0.341, 0.274, 0.276, 0.459, 0.542, 0.407, 0.388, 0.472, 0.556, 0.594, 0.566, 0.526, 0.493, 0.488, 0.515, 0.571, 0.621, 0.613, 0.6, 0.62, 0.631, 0.584, 0.555, 0.559, 0.571, 0.566, 0.564, 0.59, 0.587, 0.62, 0.602, 0.63, 0.598, 0.639, 0.532, 0.62, 0.592, 0.541, 0.58, 0.602, 0.557, 0.568, 0.639, 0.582, 0.552, 0.641, 0.632, 0.577, 0.64, 0.632, 0.565, 0.599, 0.613, 0.563, 0.606, 0.608, 0.565, 0.615, 0.615, 0.572, 0.621, 0.576, 0.584, 0.619, 0.563, 0.615, 0.557, 0.612, 0.526, 0.58, 0.267, 0.359, 0.336, 0.187, 0.333, 0.456, 0.374, 0.495, 0.595, 0.392, 0.421, 0.504, 0.574, 0.632, 0.634, 0.591, 0.574, 0.577, 0.642, 0.692, 0.707, 0.688, 0.665, 0.666, 0.66, 0.657, 0.644, 0.643, 0.644, 0.64, 0.642, 0.656, 0.658, 0.663, 0.661, 0.66, 0.657, 0.652, 0.649, 0.644, 0.643, 0.649, 0.649, 0.652, 0.651, 0.654, 0.656, 0.658, 0.657, 0.652, 0.657, 0.657, 0.658, 0.661, 0.667, 0.665, 0.66, 0.656, 0.658, 0.651, 0.65, 0.651, 0.65, 0.644, 0.649, 0.644, 0.645, 0.65, 0.636, 0.639, 0.635, 0.631, 0.629, 0.628, 0.618, 0.622, 0.622, 0.622, 0.629, 0.621, 0.628, 0.617, 0.625, 0.628, 0.629, 0.614, 0.623, 0.629, 0.625, 0.617, 0.613, 0.619, 0.619, 0.621, 0.611, 0.613, 0.617, 0.619, 0.617, 0.612, 0.606, 0.61, 0.615, 0.61, 0.605, 0.606, 0.615, 0.614, 0.61, 0.602, 0.605, 0.609, 0.61, 0.602, 0.605, 0.607, 0.615, 0.608, 0.604, 0.6, 0.602, 0.601, 0.602, 0.604, 0.607, 0.607, 0.603, 0.598, 0.596, 0.595, 0.599, 0.598, 0.598, 0.599, 0.598, 0.599, 0.597, 0.6, 0.602, 0.602, 0.598, 0.602, 0.601, 0.602, 0.594, 0.597, 0.598, 0.598, 0.596, 0.597, 0.596, 0.597, 0.597, 0.597, 0.594, 0.596, 0.595, 0.596, 0.595, 0.593, 0.594, 0.594, 0.595, 0.593, 0.59, 0.589, 0.591, 0.591, 0.591, 0.591, 0.59, 0.59, 0.59, 0.59, 0.59, 0.59, 0.59, 0.591, 0.59, 0.589, 0.589, 0.588, 0.589, 0.588, 0.588, 0.587, 0.587, 0.587, 0.587, 0.589, 0.589, 0.587, 0.587, 0.587, 0.587, 0.59, 0.589, 0.589, 0.589, 0.588, 0.589, 0.589, 0.589, 0.588, 0.587, 0.588, 0.589, 0.589, 0.588, 0.588, 0.587, 0.586, 0.586, 0.588, 0.589, 0.589, 0.588, 0.588, 0.59, 0.59, 0.59, 0.588, 0.588, 0.589, 0.589, 0.59, 0.59, 0.59, 0.59, 0.59, 0.59, 0.591, 0.59, 0.591, 0.592, 0.591, 0.591, 0.591, 0.591, 0.591, 0.591, 0.59, 0.591, 0.591, 0.59, 0.59, 0.59, 0.589, 0.589, 0.588, 0.588, 0.59, 0.589, 0.588, 0.588, 0.588, 0.588, 0.588, 0.588, 0.588, 0.588, 0.588, 0.588, 0.588, 0.589, 0.589, 0.589, 0.589, 0.589, 0.589, 0.589, 0.589, 0.589, 0.589, 0.589, 0.589, 0.589, 0.589, 0.589, 0.589, 0.589, 0.589, 0.589, 0.59, 0.59]
best validation: 0.692
best test: 0.707
End abalation study
