/Users/yifanguan/gnn_research/GraphLearning/venv/bin/python main.py --mp_depth --train_mp
Begin abalation study
num distinct structures: 2365
Experiment run 0
dataset: Cora
num_mp_layers: 1
num_fl_layers: 2
mp_hidden_dim: 3000
fl_hidden_dim: 512
epsilon: 1.118033988749895
optimizer_lr: 0.01
loss_func: CrossEntropyLoss
total_epoch: 400
Epoch: 50, Loss: 0.1135, Train: 100.00%, Valid: 72.20%, Test: 72.60%, Best Valid: 72.20%, Best Test: 72.60%
Epoch: 100, Loss: 0.0000, Train: 100.00%, Valid: 73.00%, Test: 73.90%, Best Valid: 73.80%, Best Test: 73.90%
Epoch: 150, Loss: 0.0000, Train: 100.00%, Valid: 72.20%, Test: 73.70%, Best Valid: 73.80%, Best Test: 74.00%
Epoch: 200, Loss: 0.0000, Train: 100.00%, Valid: 72.20%, Test: 73.80%, Best Valid: 73.80%, Best Test: 74.00%
Epoch: 250, Loss: 0.0000, Train: 100.00%, Valid: 72.40%, Test: 73.80%, Best Valid: 73.80%, Best Test: 74.00%
Epoch: 300, Loss: 0.0000, Train: 100.00%, Valid: 72.60%, Test: 73.90%, Best Valid: 73.80%, Best Test: 74.00%
Epoch: 350, Loss: 0.0000, Train: 100.00%, Valid: 72.80%, Test: 73.90%, Best Valid: 73.80%, Best Test: 74.00%
train_accuracy_list: [0.15, 0.21428571428571427, 0.14285714285714285, 0.14285714285714285, 0.14285714285714285, 0.14285714285714285, 0.14285714285714285, 0.2, 0.20714285714285716, 0.2857142857142857, 0.2857142857142857, 0.2357142857142857, 0.18571428571428572, 0.2642857142857143, 0.30714285714285716, 0.2357142857142857, 0.2857142857142857, 0.3, 0.17857142857142858, 0.35, 0.42857142857142855, 0.4, 0.4357142857142857, 0.6071428571428571, 0.5214285714285715, 0.5214285714285715, 0.5285714285714286, 0.5357142857142857, 0.5714285714285714, 0.7, 0.9142857142857143, 0.9428571428571428, 0.9214285714285714, 0.9142857142857143, 0.9357142857142857, 0.9642857142857143, 0.9714285714285714, 0.9571428571428572, 0.95, 0.9571428571428572, 0.9571428571428572, 0.9928571428571429, 0.9928571428571429, 0.9928571428571429, 0.9928571428571429, 0.9928571428571429, 0.9928571428571429, 1.0, 1.0, 1.0, 1.0, 1.0, 1.0, 1.0, 1.0, 1.0, 1.0, 1.0, 1.0, 1.0, 1.0, 1.0, 1.0, 1.0, 1.0, 1.0, 1.0, 1.0, 1.0, 1.0, 1.0, 1.0, 1.0, 1.0, 1.0, 1.0, 1.0, 1.0, 1.0, 1.0, 1.0, 1.0, 1.0, 1.0, 1.0, 1.0, 1.0, 1.0, 1.0, 1.0, 1.0, 1.0, 1.0, 1.0, 1.0, 1.0, 1.0, 1.0, 1.0, 1.0, 1.0, 1.0, 1.0, 1.0, 1.0, 1.0, 1.0, 1.0, 1.0, 1.0, 1.0, 1.0, 1.0, 1.0, 1.0, 1.0, 1.0, 1.0, 1.0, 1.0, 1.0, 1.0, 1.0, 1.0, 1.0, 1.0, 1.0, 1.0, 1.0, 1.0, 1.0, 1.0, 1.0, 1.0, 1.0, 1.0, 1.0, 1.0, 1.0, 1.0, 1.0, 1.0, 1.0, 1.0, 1.0, 1.0, 1.0, 1.0, 1.0, 1.0, 1.0, 1.0, 1.0, 1.0, 1.0, 1.0, 1.0, 1.0, 1.0, 1.0, 1.0, 1.0, 1.0, 1.0, 1.0, 1.0, 1.0, 1.0, 1.0, 1.0, 1.0, 1.0, 1.0, 1.0, 1.0, 1.0, 1.0, 1.0, 1.0, 1.0, 1.0, 1.0, 1.0, 1.0, 1.0, 1.0, 1.0, 1.0, 1.0, 1.0, 1.0, 1.0, 1.0, 1.0, 1.0, 1.0, 1.0, 1.0, 1.0, 1.0, 1.0, 1.0, 1.0, 1.0, 1.0, 1.0, 1.0, 1.0, 1.0, 1.0, 1.0, 1.0, 1.0, 1.0, 1.0, 1.0, 1.0, 1.0, 1.0, 1.0, 1.0, 1.0, 1.0, 1.0, 1.0, 1.0, 1.0, 1.0, 1.0, 1.0, 1.0, 1.0, 1.0, 1.0, 1.0, 1.0, 1.0, 1.0, 1.0, 1.0, 1.0, 1.0, 1.0, 1.0, 1.0, 1.0, 1.0, 1.0, 1.0, 1.0, 1.0, 1.0, 1.0, 1.0, 1.0, 1.0, 1.0, 1.0, 1.0, 1.0, 1.0, 1.0, 1.0, 1.0, 1.0, 1.0, 1.0, 1.0, 1.0, 1.0, 1.0, 1.0, 1.0, 1.0, 1.0, 1.0, 1.0, 1.0, 1.0, 1.0, 1.0, 1.0, 1.0, 1.0, 1.0, 1.0, 1.0, 1.0, 1.0, 1.0, 1.0, 1.0, 1.0, 1.0, 1.0, 1.0, 1.0, 1.0, 1.0, 1.0, 1.0, 1.0, 1.0, 1.0, 1.0, 1.0, 1.0, 1.0, 1.0, 1.0, 1.0, 1.0, 1.0, 1.0, 1.0, 1.0, 1.0, 1.0, 1.0, 1.0, 1.0, 1.0, 1.0, 1.0, 1.0, 1.0, 1.0, 1.0, 1.0, 1.0, 1.0, 1.0, 1.0, 1.0, 1.0, 1.0, 1.0, 1.0, 1.0, 1.0, 1.0, 1.0, 1.0, 1.0, 1.0, 1.0, 1.0, 1.0, 1.0, 1.0, 1.0, 1.0, 1.0, 1.0, 1.0, 1.0, 1.0, 1.0, 1.0, 1.0, 1.0, 1.0, 1.0, 1.0, 1.0, 1.0, 1.0, 1.0, 1.0, 1.0, 1.0, 1.0, 1.0, 1.0, 1.0, 1.0, 1.0, 1.0, 1.0, 1.0, 1.0, 1.0, 1.0, 1.0, 1.0, 1.0, 1.0, 1.0, 1.0, 1.0, 1.0, 1.0, 1.0, 1.0, 1.0, 1.0, 1.0, 1.0, 1.0]
valid_accuracy_list: [0.072, 0.09, 0.316, 0.156, 0.162, 0.072, 0.122, 0.138, 0.13, 0.316, 0.378, 0.336, 0.32, 0.32, 0.312, 0.092, 0.134, 0.242, 0.164, 0.228, 0.324, 0.246, 0.162, 0.214, 0.196, 0.246, 0.414, 0.438, 0.434, 0.43, 0.506, 0.562, 0.482, 0.464, 0.51, 0.544, 0.586, 0.63, 0.64, 0.658, 0.674, 0.684, 0.708, 0.698, 0.698, 0.692, 0.692, 0.71, 0.712, 0.722, 0.716, 0.718, 0.714, 0.714, 0.716, 0.716, 0.712, 0.706, 0.704, 0.702, 0.708, 0.72, 0.724, 0.73, 0.73, 0.73, 0.736, 0.734, 0.734, 0.734, 0.734, 0.736, 0.736, 0.734, 0.734, 0.734, 0.734, 0.736, 0.736, 0.734, 0.734, 0.738, 0.736, 0.734, 0.732, 0.73, 0.73, 0.73, 0.73, 0.732, 0.728, 0.728, 0.728, 0.728, 0.728, 0.732, 0.732, 0.73, 0.73, 0.73, 0.728, 0.728, 0.728, 0.728, 0.728, 0.728, 0.728, 0.728, 0.728, 0.728, 0.728, 0.728, 0.728, 0.728, 0.728, 0.73, 0.73, 0.73, 0.73, 0.728, 0.728, 0.728, 0.728, 0.726, 0.724, 0.724, 0.724, 0.724, 0.724, 0.724, 0.724, 0.724, 0.724, 0.724, 0.724, 0.724, 0.724, 0.724, 0.724, 0.724, 0.724, 0.724, 0.722, 0.722, 0.722, 0.722, 0.722, 0.722, 0.722, 0.722, 0.722, 0.722, 0.722, 0.722, 0.724, 0.724, 0.724, 0.724, 0.724, 0.724, 0.724, 0.724, 0.724, 0.724, 0.724, 0.724, 0.724, 0.724, 0.724, 0.724, 0.722, 0.722, 0.722, 0.722, 0.722, 0.722, 0.722, 0.722, 0.722, 0.722, 0.722, 0.722, 0.722, 0.722, 0.722, 0.722, 0.722, 0.722, 0.722, 0.722, 0.722, 0.722, 0.722, 0.722, 0.722, 0.722, 0.722, 0.722, 0.722, 0.722, 0.722, 0.722, 0.722, 0.722, 0.722, 0.722, 0.722, 0.722, 0.722, 0.722, 0.722, 0.722, 0.722, 0.722, 0.722, 0.722, 0.722, 0.722, 0.722, 0.722, 0.722, 0.722, 0.722, 0.722, 0.722, 0.722, 0.722, 0.722, 0.722, 0.722, 0.722, 0.722, 0.722, 0.722, 0.722, 0.722, 0.722, 0.722, 0.722, 0.722, 0.724, 0.724, 0.724, 0.724, 0.724, 0.724, 0.724, 0.724, 0.724, 0.724, 0.724, 0.724, 0.724, 0.724, 0.724, 0.724, 0.724, 0.726, 0.726, 0.726, 0.726, 0.726, 0.726, 0.726, 0.726, 0.726, 0.726, 0.726, 0.726, 0.726, 0.726, 0.726, 0.726, 0.726, 0.726, 0.726, 0.726, 0.726, 0.726, 0.726, 0.726, 0.726, 0.726, 0.726, 0.726, 0.726, 0.726, 0.726, 0.726, 0.726, 0.726, 0.726, 0.726, 0.726, 0.726, 0.726, 0.726, 0.726, 0.726, 0.726, 0.726, 0.726, 0.726, 0.726, 0.726, 0.728, 0.728, 0.726, 0.726, 0.726, 0.726, 0.726, 0.726, 0.726, 0.726, 0.726, 0.726, 0.726, 0.726, 0.726, 0.726, 0.726, 0.726, 0.726, 0.726, 0.726, 0.726, 0.726, 0.728, 0.728, 0.728, 0.728, 0.728, 0.728, 0.728, 0.728, 0.728, 0.728, 0.728, 0.728, 0.728, 0.728, 0.728, 0.728, 0.728, 0.728, 0.728, 0.728, 0.728, 0.728, 0.728, 0.728, 0.728, 0.728, 0.728, 0.728, 0.728, 0.728, 0.728, 0.728, 0.728, 0.728, 0.728, 0.728, 0.728, 0.728, 0.728, 0.728, 0.728, 0.728, 0.728, 0.728, 0.728, 0.728, 0.728, 0.728, 0.728, 0.728, 0.728, 0.728, 0.728, 0.728, 0.728, 0.728, 0.728, 0.728, 0.728, 0.728, 0.728, 0.728, 0.728, 0.728, 0.728, 0.728, 0.728, 0.728, 0.728, 0.728, 0.728]
test_accuracy_list: [0.093, 0.113, 0.319, 0.144, 0.149, 0.091, 0.13, 0.144, 0.12, 0.351, 0.367, 0.329, 0.323, 0.329, 0.34, 0.105, 0.161, 0.241, 0.156, 0.222, 0.314, 0.26, 0.187, 0.208, 0.193, 0.276, 0.421, 0.441, 0.428, 0.436, 0.539, 0.602, 0.506, 0.465, 0.51, 0.584, 0.612, 0.648, 0.641, 0.641, 0.661, 0.699, 0.705, 0.703, 0.702, 0.709, 0.709, 0.716, 0.726, 0.726, 0.732, 0.732, 0.725, 0.725, 0.723, 0.718, 0.723, 0.719, 0.717, 0.715, 0.722, 0.724, 0.728, 0.728, 0.729, 0.731, 0.732, 0.733, 0.736, 0.737, 0.737, 0.737, 0.735, 0.735, 0.735, 0.736, 0.737, 0.735, 0.736, 0.736, 0.736, 0.737, 0.736, 0.736, 0.736, 0.736, 0.736, 0.737, 0.738, 0.738, 0.739, 0.738, 0.737, 0.737, 0.736, 0.738, 0.738, 0.738, 0.738, 0.739, 0.739, 0.739, 0.739, 0.74, 0.74, 0.74, 0.739, 0.739, 0.739, 0.738, 0.738, 0.737, 0.737, 0.737, 0.737, 0.737, 0.737, 0.738, 0.738, 0.738, 0.738, 0.738, 0.738, 0.738, 0.737, 0.737, 0.737, 0.736, 0.735, 0.735, 0.735, 0.735, 0.735, 0.736, 0.736, 0.736, 0.736, 0.736, 0.737, 0.737, 0.737, 0.737, 0.737, 0.737, 0.737, 0.737, 0.737, 0.737, 0.737, 0.737, 0.737, 0.737, 0.737, 0.737, 0.737, 0.738, 0.738, 0.738, 0.738, 0.738, 0.738, 0.738, 0.738, 0.738, 0.74, 0.74, 0.74, 0.74, 0.74, 0.74, 0.74, 0.74, 0.74, 0.74, 0.74, 0.74, 0.74, 0.74, 0.74, 0.74, 0.74, 0.74, 0.74, 0.74, 0.74, 0.74, 0.739, 0.739, 0.739, 0.739, 0.739, 0.739, 0.738, 0.739, 0.74, 0.74, 0.739, 0.739, 0.738, 0.738, 0.738, 0.739, 0.739, 0.739, 0.739, 0.739, 0.739, 0.738, 0.738, 0.738, 0.738, 0.738, 0.738, 0.738, 0.738, 0.738, 0.738, 0.738, 0.738, 0.738, 0.738, 0.738, 0.738, 0.738, 0.738, 0.738, 0.738, 0.738, 0.738, 0.738, 0.738, 0.738, 0.738, 0.738, 0.738, 0.738, 0.738, 0.738, 0.738, 0.738, 0.738, 0.738, 0.738, 0.738, 0.738, 0.738, 0.738, 0.738, 0.738, 0.738, 0.739, 0.739, 0.739, 0.739, 0.739, 0.739, 0.739, 0.739, 0.739, 0.739, 0.74, 0.74, 0.739, 0.739, 0.739, 0.739, 0.739, 0.739, 0.74, 0.74, 0.74, 0.74, 0.738, 0.738, 0.738, 0.738, 0.738, 0.739, 0.739, 0.739, 0.739, 0.739, 0.739, 0.739, 0.738, 0.738, 0.738, 0.739, 0.739, 0.739, 0.739, 0.739, 0.739, 0.739, 0.738, 0.738, 0.739, 0.739, 0.739, 0.739, 0.739, 0.739, 0.739, 0.739, 0.739, 0.739, 0.739, 0.739, 0.739, 0.739, 0.739, 0.739, 0.739, 0.739, 0.739, 0.739, 0.739, 0.739, 0.739, 0.739, 0.739, 0.739, 0.739, 0.739, 0.739, 0.739, 0.739, 0.739, 0.739, 0.739, 0.739, 0.739, 0.739, 0.739, 0.739, 0.739, 0.739, 0.739, 0.739, 0.739, 0.739, 0.739, 0.739, 0.739, 0.739, 0.739, 0.739, 0.739, 0.739, 0.739, 0.739, 0.739, 0.739, 0.739, 0.739, 0.739, 0.739, 0.739, 0.739, 0.739, 0.739, 0.739, 0.739, 0.739, 0.739, 0.739, 0.739, 0.739, 0.739, 0.739, 0.739, 0.739, 0.739, 0.739, 0.739, 0.739, 0.739, 0.739, 0.739, 0.739, 0.739, 0.739, 0.739, 0.739, 0.739, 0.739, 0.739, 0.739, 0.739, 0.739, 0.739, 0.738, 0.738, 0.738, 0.738, 0.738, 0.738, 0.738, 0.738]
best validation: 0.738
best test: 0.74
num distinct structures: 2365
Experiment run 1
dataset: Cora
num_mp_layers: 2
num_fl_layers: 2
mp_hidden_dim: 3000
fl_hidden_dim: 512
epsilon: 1.118033988749895
optimizer_lr: 0.01
loss_func: CrossEntropyLoss
total_epoch: 400
Epoch: 50, Loss: 0.8845, Train: 85.71%, Valid: 63.20%, Test: 64.30%, Best Valid: 64.60%, Best Test: 64.30%
Epoch: 100, Loss: 0.0000, Train: 100.00%, Valid: 76.20%, Test: 76.20%, Best Valid: 78.20%, Best Test: 76.40%
Epoch: 150, Loss: 0.0000, Train: 100.00%, Valid: 76.20%, Test: 75.30%, Best Valid: 78.20%, Best Test: 76.40%
Epoch: 200, Loss: 0.0000, Train: 100.00%, Valid: 76.20%, Test: 75.60%, Best Valid: 78.20%, Best Test: 76.40%
Epoch: 250, Loss: 0.0000, Train: 100.00%, Valid: 76.40%, Test: 76.00%, Best Valid: 78.20%, Best Test: 76.40%
Epoch: 300, Loss: 0.0000, Train: 100.00%, Valid: 76.20%, Test: 76.10%, Best Valid: 78.20%, Best Test: 76.40%
Epoch: 350, Loss: 0.0000, Train: 100.00%, Valid: 76.80%, Test: 76.20%, Best Valid: 78.20%, Best Test: 76.40%
train_accuracy_list: [0.14285714285714285, 0.2714285714285714, 0.2714285714285714, 0.14285714285714285, 0.17142857142857143, 0.14285714285714285, 0.14285714285714285, 0.14285714285714285, 0.14285714285714285, 0.14285714285714285, 0.16428571428571428, 0.2785714285714286, 0.15, 0.14285714285714285, 0.15714285714285714, 0.14285714285714285, 0.14285714285714285, 0.15, 0.17142857142857143, 0.15, 0.15, 0.17857142857142858, 0.14285714285714285, 0.14285714285714285, 0.15714285714285714, 0.15, 0.17857142857142858, 0.2571428571428571, 0.32142857142857145, 0.20714285714285716, 0.2357142857142857, 0.2571428571428571, 0.2642857142857143, 0.4, 0.4928571428571429, 0.5214285714285715, 0.5642857142857143, 0.55, 0.5142857142857142, 0.4928571428571429, 0.5928571428571429, 0.6571428571428571, 0.7, 0.7142857142857143, 0.7785714285714286, 0.7857142857142857, 0.7857142857142857, 0.8071428571428572, 0.8, 0.8571428571428571, 0.9428571428571428, 0.9428571428571428, 0.9785714285714285, 0.9642857142857143, 0.9642857142857143, 0.9928571428571429, 0.9928571428571429, 0.9928571428571429, 1.0, 0.9928571428571429, 0.9928571428571429, 1.0, 0.9928571428571429, 0.9928571428571429, 1.0, 1.0, 1.0, 1.0, 1.0, 1.0, 1.0, 1.0, 1.0, 1.0, 1.0, 1.0, 1.0, 1.0, 1.0, 1.0, 1.0, 1.0, 1.0, 1.0, 1.0, 1.0, 1.0, 1.0, 1.0, 1.0, 1.0, 1.0, 1.0, 1.0, 1.0, 1.0, 1.0, 1.0, 1.0, 1.0, 1.0, 1.0, 1.0, 1.0, 1.0, 1.0, 1.0, 1.0, 1.0, 1.0, 1.0, 1.0, 1.0, 1.0, 1.0, 1.0, 1.0, 1.0, 1.0, 1.0, 1.0, 1.0, 1.0, 1.0, 1.0, 1.0, 1.0, 1.0, 1.0, 1.0, 1.0, 1.0, 1.0, 1.0, 1.0, 1.0, 1.0, 1.0, 1.0, 1.0, 1.0, 1.0, 1.0, 1.0, 1.0, 1.0, 1.0, 1.0, 1.0, 1.0, 1.0, 1.0, 1.0, 1.0, 1.0, 1.0, 1.0, 1.0, 1.0, 1.0, 1.0, 1.0, 1.0, 1.0, 1.0, 1.0, 1.0, 1.0, 1.0, 1.0, 1.0, 1.0, 1.0, 1.0, 1.0, 1.0, 1.0, 1.0, 1.0, 1.0, 1.0, 1.0, 1.0, 1.0, 1.0, 1.0, 1.0, 1.0, 1.0, 1.0, 1.0, 1.0, 1.0, 1.0, 1.0, 1.0, 1.0, 1.0, 1.0, 1.0, 1.0, 1.0, 1.0, 1.0, 1.0, 1.0, 1.0, 1.0, 1.0, 1.0, 1.0, 1.0, 1.0, 1.0, 1.0, 1.0, 1.0, 1.0, 1.0, 1.0, 1.0, 1.0, 1.0, 1.0, 1.0, 1.0, 1.0, 1.0, 1.0, 1.0, 1.0, 1.0, 1.0, 1.0, 1.0, 1.0, 1.0, 1.0, 1.0, 1.0, 1.0, 1.0, 1.0, 1.0, 1.0, 1.0, 1.0, 1.0, 1.0, 1.0, 1.0, 1.0, 1.0, 1.0, 1.0, 1.0, 1.0, 1.0, 1.0, 1.0, 1.0, 1.0, 1.0, 1.0, 1.0, 1.0, 1.0, 1.0, 1.0, 1.0, 1.0, 1.0, 1.0, 1.0, 1.0, 1.0, 1.0, 1.0, 1.0, 1.0, 1.0, 1.0, 1.0, 1.0, 1.0, 1.0, 1.0, 1.0, 1.0, 1.0, 1.0, 1.0, 1.0, 1.0, 1.0, 1.0, 1.0, 1.0, 1.0, 1.0, 1.0, 1.0, 1.0, 1.0, 1.0, 1.0, 1.0, 1.0, 1.0, 1.0, 1.0, 1.0, 1.0, 1.0, 1.0, 1.0, 1.0, 1.0, 1.0, 1.0, 1.0, 1.0, 1.0, 1.0, 1.0, 1.0, 1.0, 1.0, 1.0, 1.0, 1.0, 1.0, 1.0, 1.0, 1.0, 1.0, 1.0, 1.0, 1.0, 1.0, 1.0, 1.0, 1.0, 1.0, 1.0, 1.0, 1.0, 1.0, 1.0, 1.0, 1.0, 1.0, 1.0, 1.0, 1.0, 1.0, 1.0, 1.0, 1.0, 1.0, 1.0, 1.0, 1.0, 1.0, 1.0, 1.0, 1.0, 1.0, 1.0, 1.0, 1.0, 1.0, 1.0, 1.0, 1.0, 1.0, 1.0, 1.0, 1.0, 1.0, 1.0, 1.0, 1.0, 1.0, 1.0, 1.0, 1.0, 1.0, 1.0, 1.0, 1.0, 1.0, 1.0, 1.0, 1.0, 1.0, 1.0, 1.0, 1.0]
valid_accuracy_list: [0.122, 0.23, 0.206, 0.058, 0.17, 0.122, 0.114, 0.072, 0.072, 0.072, 0.072, 0.19, 0.16, 0.158, 0.302, 0.316, 0.316, 0.058, 0.058, 0.162, 0.122, 0.144, 0.114, 0.116, 0.118, 0.072, 0.072, 0.196, 0.392, 0.324, 0.326, 0.33, 0.336, 0.364, 0.384, 0.268, 0.298, 0.338, 0.318, 0.306, 0.354, 0.424, 0.55, 0.598, 0.646, 0.642, 0.624, 0.618, 0.608, 0.632, 0.686, 0.688, 0.666, 0.62, 0.636, 0.696, 0.716, 0.726, 0.726, 0.724, 0.732, 0.736, 0.742, 0.73, 0.736, 0.736, 0.74, 0.738, 0.744, 0.75, 0.762, 0.764, 0.776, 0.78, 0.778, 0.778, 0.776, 0.778, 0.782, 0.778, 0.774, 0.774, 0.776, 0.776, 0.776, 0.776, 0.776, 0.776, 0.774, 0.774, 0.768, 0.768, 0.766, 0.766, 0.762, 0.762, 0.762, 0.762, 0.762, 0.762, 0.762, 0.762, 0.762, 0.762, 0.762, 0.762, 0.762, 0.762, 0.762, 0.762, 0.762, 0.764, 0.764, 0.764, 0.764, 0.768, 0.768, 0.768, 0.768, 0.768, 0.768, 0.768, 0.766, 0.766, 0.764, 0.764, 0.764, 0.764, 0.764, 0.764, 0.764, 0.764, 0.764, 0.764, 0.764, 0.764, 0.766, 0.766, 0.766, 0.766, 0.766, 0.766, 0.766, 0.766, 0.764, 0.764, 0.764, 0.762, 0.762, 0.762, 0.762, 0.764, 0.766, 0.766, 0.766, 0.766, 0.766, 0.762, 0.762, 0.762, 0.762, 0.764, 0.764, 0.764, 0.764, 0.762, 0.76, 0.76, 0.76, 0.762, 0.764, 0.764, 0.764, 0.764, 0.764, 0.762, 0.762, 0.762, 0.762, 0.762, 0.764, 0.764, 0.764, 0.764, 0.764, 0.764, 0.764, 0.762, 0.762, 0.762, 0.762, 0.764, 0.764, 0.764, 0.764, 0.764, 0.764, 0.764, 0.764, 0.762, 0.762, 0.762, 0.764, 0.764, 0.764, 0.764, 0.764, 0.764, 0.764, 0.764, 0.764, 0.764, 0.764, 0.764, 0.764, 0.764, 0.764, 0.764, 0.764, 0.764, 0.764, 0.764, 0.764, 0.764, 0.764, 0.764, 0.764, 0.764, 0.764, 0.764, 0.764, 0.764, 0.764, 0.764, 0.764, 0.764, 0.764, 0.764, 0.764, 0.764, 0.764, 0.764, 0.764, 0.764, 0.764, 0.764, 0.764, 0.762, 0.764, 0.764, 0.764, 0.764, 0.764, 0.764, 0.764, 0.764, 0.762, 0.762, 0.762, 0.764, 0.764, 0.764, 0.762, 0.762, 0.762, 0.762, 0.762, 0.762, 0.762, 0.762, 0.762, 0.762, 0.762, 0.762, 0.762, 0.762, 0.762, 0.762, 0.762, 0.762, 0.762, 0.762, 0.762, 0.762, 0.762, 0.762, 0.762, 0.762, 0.762, 0.762, 0.762, 0.762, 0.762, 0.762, 0.762, 0.762, 0.762, 0.762, 0.762, 0.762, 0.764, 0.764, 0.764, 0.764, 0.764, 0.764, 0.764, 0.764, 0.764, 0.764, 0.764, 0.764, 0.764, 0.764, 0.764, 0.764, 0.764, 0.764, 0.764, 0.764, 0.766, 0.766, 0.766, 0.766, 0.766, 0.766, 0.764, 0.764, 0.766, 0.766, 0.766, 0.766, 0.766, 0.766, 0.766, 0.764, 0.764, 0.766, 0.766, 0.768, 0.768, 0.766, 0.766, 0.762, 0.764, 0.766, 0.768, 0.768, 0.768, 0.768, 0.768, 0.762, 0.762, 0.768, 0.768, 0.768, 0.768, 0.768, 0.766, 0.764, 0.764, 0.764, 0.764, 0.764, 0.764, 0.764, 0.764, 0.764, 0.764, 0.764, 0.764, 0.764, 0.764, 0.764, 0.764, 0.764, 0.764, 0.764, 0.764, 0.764, 0.764, 0.764, 0.764, 0.764, 0.764, 0.764, 0.764, 0.764, 0.764, 0.764, 0.766, 0.766, 0.764, 0.764, 0.766, 0.766, 0.766, 0.766, 0.766]
test_accuracy_list: [0.13, 0.221, 0.201, 0.064, 0.151, 0.13, 0.103, 0.091, 0.091, 0.091, 0.095, 0.188, 0.144, 0.144, 0.31, 0.318, 0.319, 0.064, 0.068, 0.149, 0.132, 0.142, 0.103, 0.103, 0.105, 0.092, 0.095, 0.176, 0.394, 0.334, 0.341, 0.341, 0.345, 0.387, 0.388, 0.293, 0.304, 0.336, 0.327, 0.308, 0.376, 0.434, 0.528, 0.588, 0.625, 0.636, 0.625, 0.618, 0.613, 0.643, 0.675, 0.672, 0.655, 0.625, 0.639, 0.669, 0.688, 0.689, 0.695, 0.697, 0.701, 0.713, 0.709, 0.719, 0.726, 0.722, 0.725, 0.733, 0.736, 0.737, 0.745, 0.748, 0.749, 0.753, 0.752, 0.756, 0.759, 0.761, 0.761, 0.758, 0.759, 0.759, 0.76, 0.76, 0.762, 0.763, 0.763, 0.761, 0.761, 0.76, 0.762, 0.764, 0.763, 0.762, 0.761, 0.761, 0.762, 0.763, 0.762, 0.762, 0.763, 0.763, 0.763, 0.76, 0.758, 0.759, 0.76, 0.759, 0.759, 0.759, 0.759, 0.759, 0.759, 0.759, 0.759, 0.759, 0.759, 0.758, 0.758, 0.756, 0.756, 0.756, 0.756, 0.756, 0.755, 0.755, 0.756, 0.755, 0.755, 0.754, 0.754, 0.754, 0.754, 0.754, 0.754, 0.754, 0.754, 0.755, 0.755, 0.755, 0.755, 0.754, 0.754, 0.753, 0.753, 0.753, 0.753, 0.753, 0.753, 0.753, 0.753, 0.753, 0.753, 0.754, 0.754, 0.754, 0.754, 0.754, 0.754, 0.754, 0.754, 0.754, 0.754, 0.754, 0.754, 0.753, 0.753, 0.753, 0.753, 0.753, 0.753, 0.753, 0.753, 0.753, 0.753, 0.753, 0.753, 0.753, 0.753, 0.754, 0.755, 0.755, 0.756, 0.756, 0.756, 0.755, 0.755, 0.755, 0.755, 0.755, 0.755, 0.757, 0.757, 0.757, 0.757, 0.757, 0.757, 0.757, 0.757, 0.756, 0.756, 0.757, 0.758, 0.758, 0.758, 0.758, 0.758, 0.758, 0.758, 0.758, 0.758, 0.758, 0.758, 0.758, 0.758, 0.758, 0.758, 0.758, 0.758, 0.758, 0.758, 0.758, 0.758, 0.758, 0.758, 0.758, 0.758, 0.758, 0.758, 0.758, 0.758, 0.758, 0.758, 0.758, 0.759, 0.759, 0.759, 0.759, 0.759, 0.759, 0.76, 0.76, 0.76, 0.76, 0.76, 0.76, 0.76, 0.76, 0.76, 0.76, 0.76, 0.76, 0.76, 0.76, 0.76, 0.76, 0.76, 0.76, 0.76, 0.76, 0.76, 0.76, 0.76, 0.76, 0.76, 0.76, 0.76, 0.76, 0.76, 0.76, 0.76, 0.76, 0.76, 0.76, 0.76, 0.76, 0.76, 0.76, 0.76, 0.76, 0.76, 0.76, 0.76, 0.76, 0.76, 0.76, 0.76, 0.76, 0.759, 0.759, 0.76, 0.759, 0.76, 0.761, 0.76, 0.761, 0.761, 0.761, 0.761, 0.761, 0.761, 0.761, 0.761, 0.761, 0.761, 0.761, 0.761, 0.761, 0.761, 0.761, 0.761, 0.761, 0.761, 0.762, 0.761, 0.762, 0.762, 0.762, 0.762, 0.762, 0.762, 0.762, 0.762, 0.762, 0.762, 0.761, 0.76, 0.761, 0.761, 0.761, 0.761, 0.761, 0.761, 0.761, 0.761, 0.761, 0.761, 0.761, 0.761, 0.761, 0.761, 0.761, 0.762, 0.762, 0.762, 0.762, 0.762, 0.762, 0.762, 0.762, 0.762, 0.762, 0.762, 0.762, 0.762, 0.762, 0.762, 0.762, 0.762, 0.762, 0.762, 0.762, 0.762, 0.762, 0.762, 0.762, 0.762, 0.762, 0.762, 0.762, 0.762, 0.762, 0.762, 0.762, 0.762, 0.762, 0.762, 0.762, 0.762, 0.763, 0.763, 0.763, 0.762, 0.763, 0.763, 0.763, 0.763, 0.763, 0.763, 0.763, 0.763, 0.763, 0.763, 0.763, 0.763, 0.763, 0.763, 0.763, 0.763]
best validation: 0.782
best test: 0.764
num distinct structures: 2365
Experiment run 2
dataset: Cora
num_mp_layers: 3
num_fl_layers: 2
mp_hidden_dim: 3000
fl_hidden_dim: 512
epsilon: 1.118033988749895
optimizer_lr: 0.01
loss_func: CrossEntropyLoss
total_epoch: 400
Epoch: 50, Loss: 0.6006, Train: 89.29%, Valid: 48.80%, Test: 50.50%, Best Valid: 49.00%, Best Test: 50.50%
Epoch: 100, Loss: 0.0003, Train: 100.00%, Valid: 69.20%, Test: 71.00%, Best Valid: 69.20%, Best Test: 71.10%
Epoch: 150, Loss: 0.0001, Train: 100.00%, Valid: 69.80%, Test: 70.80%, Best Valid: 70.00%, Best Test: 71.10%
Epoch: 200, Loss: 0.0001, Train: 100.00%, Valid: 69.60%, Test: 70.90%, Best Valid: 70.00%, Best Test: 71.10%
Epoch: 250, Loss: 0.0000, Train: 100.00%, Valid: 69.60%, Test: 70.30%, Best Valid: 70.00%, Best Test: 71.10%
Epoch: 300, Loss: 0.0000, Train: 100.00%, Valid: 69.60%, Test: 70.20%, Best Valid: 70.00%, Best Test: 71.10%
Epoch: 350, Loss: 0.0000, Train: 100.00%, Valid: 68.80%, Test: 70.10%, Best Valid: 70.00%, Best Test: 71.10%
train_accuracy_list: [0.14285714285714285, 0.14285714285714285, 0.14285714285714285, 0.14285714285714285, 0.14285714285714285, 0.14285714285714285, 0.14285714285714285, 0.16428571428571428, 0.14285714285714285, 0.14285714285714285, 0.14285714285714285, 0.14285714285714285, 0.14285714285714285, 0.14285714285714285, 0.15, 0.14285714285714285, 0.15, 0.15, 0.14285714285714285, 0.15, 0.15, 0.15, 0.16428571428571428, 0.15, 0.21428571428571427, 0.17857142857142858, 0.17857142857142858, 0.22857142857142856, 0.2857142857142857, 0.2785714285714286, 0.35, 0.3, 0.29285714285714287, 0.29285714285714287, 0.30714285714285716, 0.32857142857142857, 0.32857142857142857, 0.3357142857142857, 0.37857142857142856, 0.45, 0.5928571428571429, 0.7428571428571429, 0.7285714285714285, 0.7357142857142858, 0.8142857142857143, 0.7142857142857143, 0.8, 0.8285714285714286, 0.8428571428571429, 0.8928571428571429, 0.9214285714285714, 0.95, 0.9571428571428572, 0.6928571428571428, 0.5714285714285714, 0.9, 0.7714285714285715, 0.8214285714285714, 0.8214285714285714, 0.9214285714285714, 0.9571428571428572, 0.9285714285714286, 0.9714285714285714, 0.9857142857142858, 0.9857142857142858, 0.9857142857142858, 0.9928571428571429, 1.0, 1.0, 1.0, 1.0, 1.0, 1.0, 1.0, 1.0, 1.0, 1.0, 1.0, 1.0, 1.0, 1.0, 1.0, 1.0, 1.0, 1.0, 1.0, 1.0, 1.0, 1.0, 1.0, 1.0, 1.0, 1.0, 1.0, 1.0, 1.0, 1.0, 1.0, 1.0, 1.0, 1.0, 1.0, 1.0, 1.0, 1.0, 1.0, 1.0, 1.0, 1.0, 1.0, 1.0, 1.0, 1.0, 1.0, 1.0, 1.0, 1.0, 1.0, 1.0, 1.0, 1.0, 1.0, 1.0, 1.0, 1.0, 1.0, 1.0, 1.0, 1.0, 1.0, 1.0, 1.0, 1.0, 1.0, 1.0, 1.0, 1.0, 1.0, 1.0, 1.0, 1.0, 1.0, 1.0, 1.0, 1.0, 1.0, 1.0, 1.0, 1.0, 1.0, 1.0, 1.0, 1.0, 1.0, 1.0, 1.0, 1.0, 1.0, 1.0, 1.0, 1.0, 1.0, 1.0, 1.0, 1.0, 1.0, 1.0, 1.0, 1.0, 1.0, 1.0, 1.0, 1.0, 1.0, 1.0, 1.0, 1.0, 1.0, 1.0, 1.0, 1.0, 1.0, 1.0, 1.0, 1.0, 1.0, 1.0, 1.0, 1.0, 1.0, 1.0, 1.0, 1.0, 1.0, 1.0, 1.0, 1.0, 1.0, 1.0, 1.0, 1.0, 1.0, 1.0, 1.0, 1.0, 1.0, 1.0, 1.0, 1.0, 1.0, 1.0, 1.0, 1.0, 1.0, 1.0, 1.0, 1.0, 1.0, 1.0, 1.0, 1.0, 1.0, 1.0, 1.0, 1.0, 1.0, 1.0, 1.0, 1.0, 1.0, 1.0, 1.0, 1.0, 1.0, 1.0, 1.0, 1.0, 1.0, 1.0, 1.0, 1.0, 1.0, 1.0, 1.0, 1.0, 1.0, 1.0, 1.0, 1.0, 1.0, 1.0, 1.0, 1.0, 1.0, 1.0, 1.0, 1.0, 1.0, 1.0, 1.0, 1.0, 1.0, 1.0, 1.0, 1.0, 1.0, 1.0, 1.0, 1.0, 1.0, 1.0, 1.0, 1.0, 1.0, 1.0, 1.0, 1.0, 1.0, 1.0, 1.0, 1.0, 1.0, 1.0, 1.0, 1.0, 1.0, 1.0, 1.0, 1.0, 1.0, 1.0, 1.0, 1.0, 1.0, 1.0, 1.0, 1.0, 1.0, 1.0, 1.0, 1.0, 1.0, 1.0, 1.0, 1.0, 1.0, 1.0, 1.0, 1.0, 1.0, 1.0, 1.0, 1.0, 1.0, 1.0, 1.0, 1.0, 1.0, 1.0, 1.0, 1.0, 1.0, 1.0, 1.0, 1.0, 1.0, 1.0, 1.0, 1.0, 1.0, 1.0, 1.0, 1.0, 1.0, 1.0, 1.0, 1.0, 1.0, 1.0, 1.0, 1.0, 1.0, 1.0, 1.0, 1.0, 1.0, 1.0, 1.0, 1.0, 1.0, 1.0, 1.0, 1.0, 1.0, 1.0, 1.0, 1.0, 1.0, 1.0, 1.0, 1.0, 1.0, 1.0, 1.0, 1.0, 1.0, 1.0, 1.0, 1.0, 1.0, 1.0, 1.0, 1.0, 1.0, 1.0, 1.0, 1.0, 1.0, 1.0, 1.0, 1.0, 1.0, 1.0, 1.0, 1.0, 1.0, 1.0, 1.0, 1.0, 1.0, 1.0, 1.0, 1.0, 1.0, 1.0, 1.0, 1.0, 1.0, 1.0]
valid_accuracy_list: [0.122, 0.122, 0.072, 0.316, 0.058, 0.122, 0.122, 0.122, 0.114, 0.114, 0.114, 0.114, 0.114, 0.122, 0.156, 0.156, 0.156, 0.304, 0.224, 0.058, 0.058, 0.058, 0.062, 0.076, 0.246, 0.31, 0.314, 0.312, 0.158, 0.16, 0.236, 0.258, 0.246, 0.27, 0.292, 0.312, 0.296, 0.322, 0.366, 0.37, 0.42, 0.398, 0.39, 0.416, 0.412, 0.37, 0.388, 0.434, 0.49, 0.488, 0.508, 0.532, 0.526, 0.528, 0.344, 0.506, 0.584, 0.556, 0.432, 0.486, 0.614, 0.644, 0.66, 0.638, 0.614, 0.63, 0.642, 0.654, 0.64, 0.634, 0.648, 0.646, 0.644, 0.65, 0.644, 0.646, 0.648, 0.634, 0.638, 0.646, 0.644, 0.66, 0.658, 0.654, 0.66, 0.664, 0.67, 0.676, 0.678, 0.682, 0.682, 0.682, 0.686, 0.688, 0.688, 0.688, 0.692, 0.692, 0.692, 0.692, 0.694, 0.696, 0.698, 0.698, 0.696, 0.696, 0.696, 0.696, 0.7, 0.698, 0.698, 0.698, 0.698, 0.698, 0.698, 0.696, 0.696, 0.696, 0.696, 0.698, 0.7, 0.7, 0.7, 0.7, 0.7, 0.7, 0.7, 0.7, 0.7, 0.7, 0.7, 0.7, 0.698, 0.698, 0.698, 0.698, 0.698, 0.698, 0.698, 0.698, 0.698, 0.698, 0.698, 0.698, 0.698, 0.698, 0.698, 0.698, 0.698, 0.698, 0.698, 0.698, 0.698, 0.698, 0.698, 0.698, 0.698, 0.698, 0.698, 0.698, 0.698, 0.698, 0.698, 0.698, 0.698, 0.698, 0.698, 0.698, 0.698, 0.698, 0.698, 0.698, 0.698, 0.698, 0.698, 0.698, 0.698, 0.698, 0.698, 0.698, 0.698, 0.698, 0.698, 0.698, 0.698, 0.698, 0.698, 0.698, 0.698, 0.698, 0.698, 0.698, 0.698, 0.698, 0.698, 0.696, 0.696, 0.696, 0.696, 0.696, 0.696, 0.696, 0.698, 0.698, 0.698, 0.698, 0.698, 0.698, 0.698, 0.698, 0.698, 0.698, 0.698, 0.698, 0.698, 0.696, 0.696, 0.696, 0.696, 0.696, 0.696, 0.696, 0.696, 0.694, 0.694, 0.694, 0.694, 0.694, 0.694, 0.694, 0.694, 0.694, 0.694, 0.694, 0.694, 0.694, 0.694, 0.696, 0.696, 0.696, 0.696, 0.696, 0.696, 0.696, 0.696, 0.696, 0.696, 0.696, 0.696, 0.696, 0.696, 0.694, 0.694, 0.694, 0.694, 0.694, 0.696, 0.696, 0.696, 0.696, 0.696, 0.696, 0.696, 0.696, 0.696, 0.696, 0.696, 0.696, 0.696, 0.696, 0.696, 0.696, 0.696, 0.696, 0.696, 0.696, 0.696, 0.696, 0.696, 0.696, 0.694, 0.694, 0.694, 0.694, 0.694, 0.694, 0.694, 0.694, 0.694, 0.694, 0.694, 0.694, 0.694, 0.694, 0.694, 0.694, 0.694, 0.696, 0.696, 0.696, 0.696, 0.696, 0.696, 0.694, 0.694, 0.694, 0.694, 0.694, 0.694, 0.694, 0.694, 0.694, 0.694, 0.694, 0.694, 0.694, 0.694, 0.694, 0.694, 0.694, 0.694, 0.694, 0.694, 0.694, 0.694, 0.694, 0.692, 0.692, 0.692, 0.692, 0.692, 0.692, 0.692, 0.692, 0.692, 0.69, 0.69, 0.69, 0.69, 0.69, 0.69, 0.69, 0.69, 0.69, 0.69, 0.688, 0.688, 0.688, 0.688, 0.688, 0.688, 0.688, 0.688, 0.688, 0.688, 0.688, 0.688, 0.688, 0.688, 0.688, 0.688, 0.688, 0.688, 0.688, 0.688, 0.688, 0.688, 0.688, 0.688, 0.688, 0.686, 0.686, 0.686, 0.686, 0.686, 0.686, 0.686, 0.684, 0.684, 0.684, 0.684, 0.684, 0.684, 0.684, 0.684, 0.684, 0.684, 0.684, 0.684, 0.684, 0.684, 0.684, 0.684, 0.684, 0.684, 0.684, 0.684, 0.682, 0.682]
test_accuracy_list: [0.13, 0.13, 0.091, 0.319, 0.064, 0.13, 0.13, 0.106, 0.103, 0.103, 0.103, 0.103, 0.103, 0.13, 0.144, 0.144, 0.146, 0.319, 0.253, 0.066, 0.066, 0.066, 0.065, 0.075, 0.26, 0.303, 0.316, 0.314, 0.202, 0.196, 0.266, 0.235, 0.223, 0.264, 0.278, 0.301, 0.321, 0.382, 0.421, 0.42, 0.419, 0.405, 0.381, 0.392, 0.429, 0.427, 0.422, 0.45, 0.489, 0.505, 0.522, 0.561, 0.555, 0.54, 0.361, 0.512, 0.588, 0.544, 0.46, 0.537, 0.646, 0.672, 0.692, 0.662, 0.643, 0.643, 0.659, 0.682, 0.675, 0.67, 0.67, 0.67, 0.665, 0.664, 0.656, 0.653, 0.648, 0.645, 0.647, 0.65, 0.652, 0.662, 0.672, 0.677, 0.68, 0.686, 0.688, 0.696, 0.7, 0.705, 0.705, 0.704, 0.709, 0.711, 0.711, 0.709, 0.708, 0.707, 0.71, 0.71, 0.708, 0.708, 0.709, 0.709, 0.71, 0.71, 0.71, 0.71, 0.708, 0.709, 0.709, 0.709, 0.708, 0.707, 0.707, 0.707, 0.707, 0.708, 0.71, 0.71, 0.71, 0.71, 0.71, 0.71, 0.709, 0.71, 0.71, 0.71, 0.71, 0.71, 0.71, 0.71, 0.71, 0.71, 0.71, 0.711, 0.711, 0.71, 0.71, 0.71, 0.71, 0.71, 0.71, 0.71, 0.71, 0.71, 0.71, 0.71, 0.709, 0.708, 0.708, 0.708, 0.709, 0.709, 0.709, 0.709, 0.709, 0.709, 0.71, 0.71, 0.71, 0.71, 0.71, 0.71, 0.71, 0.71, 0.71, 0.71, 0.71, 0.71, 0.71, 0.711, 0.711, 0.711, 0.711, 0.711, 0.711, 0.711, 0.711, 0.711, 0.711, 0.711, 0.711, 0.71, 0.71, 0.71, 0.71, 0.71, 0.71, 0.71, 0.71, 0.71, 0.71, 0.709, 0.709, 0.709, 0.709, 0.709, 0.709, 0.709, 0.709, 0.709, 0.709, 0.709, 0.709, 0.709, 0.709, 0.709, 0.708, 0.707, 0.707, 0.707, 0.707, 0.706, 0.706, 0.706, 0.706, 0.706, 0.706, 0.706, 0.706, 0.706, 0.706, 0.706, 0.706, 0.706, 0.704, 0.704, 0.704, 0.704, 0.704, 0.705, 0.705, 0.705, 0.705, 0.705, 0.704, 0.703, 0.703, 0.703, 0.703, 0.703, 0.702, 0.702, 0.702, 0.702, 0.702, 0.703, 0.703, 0.703, 0.703, 0.703, 0.703, 0.703, 0.703, 0.703, 0.703, 0.703, 0.703, 0.703, 0.703, 0.703, 0.703, 0.703, 0.703, 0.703, 0.703, 0.703, 0.703, 0.702, 0.703, 0.703, 0.702, 0.702, 0.702, 0.702, 0.702, 0.702, 0.701, 0.701, 0.701, 0.701, 0.701, 0.701, 0.702, 0.702, 0.702, 0.702, 0.702, 0.702, 0.702, 0.702, 0.703, 0.703, 0.703, 0.703, 0.703, 0.703, 0.703, 0.702, 0.702, 0.702, 0.702, 0.703, 0.703, 0.703, 0.703, 0.703, 0.704, 0.704, 0.704, 0.703, 0.703, 0.702, 0.702, 0.702, 0.702, 0.702, 0.702, 0.702, 0.702, 0.702, 0.702, 0.702, 0.702, 0.702, 0.702, 0.702, 0.702, 0.702, 0.702, 0.702, 0.702, 0.702, 0.702, 0.702, 0.703, 0.703, 0.703, 0.703, 0.703, 0.703, 0.703, 0.703, 0.702, 0.702, 0.702, 0.701, 0.701, 0.701, 0.701, 0.701, 0.701, 0.7, 0.7, 0.7, 0.7, 0.7, 0.7, 0.7, 0.7, 0.7, 0.7, 0.7, 0.7, 0.699, 0.699, 0.699, 0.699, 0.699, 0.698, 0.698, 0.698, 0.698, 0.698, 0.698, 0.698, 0.698, 0.698, 0.698, 0.698, 0.698, 0.698, 0.698, 0.698, 0.698, 0.698, 0.697, 0.697, 0.697, 0.697, 0.697, 0.697, 0.697, 0.697, 0.697, 0.697, 0.697, 0.697]
best validation: 0.7
best test: 0.711
num distinct structures: 2365
Experiment run 3
dataset: Cora
num_mp_layers: 4
num_fl_layers: 2
mp_hidden_dim: 3000
fl_hidden_dim: 512
epsilon: 1.118033988749895
optimizer_lr: 0.01
loss_func: CrossEntropyLoss
total_epoch: 400
Epoch: 50, Loss: 1.0170, Train: 77.86%, Valid: 49.40%, Test: 50.70%, Best Valid: 49.40%, Best Test: 50.70%
Epoch: 100, Loss: 0.0005, Train: 100.00%, Valid: 62.60%, Test: 62.60%, Best Valid: 64.20%, Best Test: 62.90%
Epoch: 150, Loss: 0.0000, Train: 100.00%, Valid: 63.20%, Test: 63.60%, Best Valid: 64.20%, Best Test: 63.80%
Epoch: 200, Loss: 0.0000, Train: 100.00%, Valid: 64.20%, Test: 63.60%, Best Valid: 64.20%, Best Test: 64.40%
Epoch: 250, Loss: 0.0000, Train: 100.00%, Valid: 63.80%, Test: 62.80%, Best Valid: 64.60%, Best Test: 64.40%
Epoch: 300, Loss: 0.0000, Train: 100.00%, Valid: 63.20%, Test: 61.90%, Best Valid: 64.60%, Best Test: 64.40%
Epoch: 350, Loss: 0.0000, Train: 100.00%, Valid: 62.60%, Test: 61.60%, Best Valid: 64.60%, Best Test: 64.40%
train_accuracy_list: [0.15714285714285714, 0.14285714285714285, 0.14285714285714285, 0.14285714285714285, 0.14285714285714285, 0.14285714285714285, 0.14285714285714285, 0.14285714285714285, 0.14285714285714285, 0.14285714285714285, 0.14285714285714285, 0.14285714285714285, 0.14285714285714285, 0.14285714285714285, 0.16428571428571428, 0.14285714285714285, 0.14285714285714285, 0.14285714285714285, 0.17857142857142858, 0.15, 0.14285714285714285, 0.15714285714285714, 0.16428571428571428, 0.18571428571428572, 0.17142857142857143, 0.17857142857142858, 0.17857142857142858, 0.17142857142857143, 0.18571428571428572, 0.17142857142857143, 0.14285714285714285, 0.22142857142857142, 0.21428571428571427, 0.3357142857142857, 0.39285714285714285, 0.35, 0.3357142857142857, 0.34285714285714286, 0.35714285714285715, 0.39285714285714285, 0.39285714285714285, 0.39285714285714285, 0.5142857142857142, 0.5214285714285715, 0.5642857142857143, 0.5214285714285715, 0.55, 0.6, 0.5285714285714286, 0.7785714285714286, 0.6214285714285714, 0.39285714285714285, 0.7785714285714286, 0.5, 0.5, 0.65, 0.6214285714285714, 0.7785714285714286, 0.8, 0.7642857142857142, 0.85, 0.7714285714285715, 0.8785714285714286, 0.8428571428571429, 0.9285714285714286, 0.9071428571428571, 0.95, 0.8642857142857143, 0.9428571428571428, 0.9142857142857143, 0.9428571428571428, 0.9, 0.9571428571428572, 0.9071428571428571, 0.9714285714285714, 0.9714285714285714, 0.9857142857142858, 0.9785714285714285, 0.9857142857142858, 0.9857142857142858, 0.9928571428571429, 1.0, 1.0, 1.0, 1.0, 1.0, 1.0, 1.0, 1.0, 1.0, 1.0, 1.0, 1.0, 1.0, 1.0, 1.0, 1.0, 1.0, 1.0, 1.0, 1.0, 1.0, 1.0, 1.0, 1.0, 1.0, 1.0, 1.0, 1.0, 1.0, 1.0, 1.0, 1.0, 1.0, 1.0, 1.0, 1.0, 1.0, 1.0, 1.0, 1.0, 1.0, 1.0, 1.0, 1.0, 1.0, 1.0, 1.0, 1.0, 1.0, 1.0, 1.0, 1.0, 1.0, 1.0, 1.0, 1.0, 1.0, 1.0, 1.0, 1.0, 1.0, 1.0, 1.0, 1.0, 1.0, 1.0, 1.0, 1.0, 1.0, 1.0, 1.0, 1.0, 1.0, 1.0, 1.0, 1.0, 1.0, 1.0, 1.0, 1.0, 1.0, 1.0, 1.0, 1.0, 1.0, 1.0, 1.0, 1.0, 1.0, 1.0, 1.0, 1.0, 1.0, 1.0, 1.0, 1.0, 1.0, 1.0, 1.0, 1.0, 1.0, 1.0, 1.0, 1.0, 1.0, 1.0, 1.0, 1.0, 1.0, 1.0, 1.0, 1.0, 1.0, 1.0, 1.0, 1.0, 1.0, 1.0, 1.0, 1.0, 1.0, 1.0, 1.0, 1.0, 1.0, 1.0, 1.0, 1.0, 1.0, 1.0, 1.0, 1.0, 1.0, 1.0, 1.0, 1.0, 1.0, 1.0, 1.0, 1.0, 1.0, 1.0, 1.0, 1.0, 1.0, 1.0, 1.0, 1.0, 1.0, 1.0, 1.0, 1.0, 1.0, 1.0, 1.0, 1.0, 1.0, 1.0, 1.0, 1.0, 1.0, 1.0, 1.0, 1.0, 1.0, 1.0, 1.0, 1.0, 1.0, 1.0, 1.0, 1.0, 1.0, 1.0, 1.0, 1.0, 1.0, 1.0, 1.0, 1.0, 1.0, 1.0, 1.0, 1.0, 1.0, 1.0, 1.0, 1.0, 1.0, 1.0, 1.0, 1.0, 1.0, 1.0, 1.0, 1.0, 1.0, 1.0, 1.0, 1.0, 1.0, 1.0, 1.0, 1.0, 1.0, 1.0, 1.0, 1.0, 1.0, 1.0, 1.0, 1.0, 1.0, 1.0, 1.0, 1.0, 1.0, 1.0, 1.0, 1.0, 1.0, 1.0, 1.0, 1.0, 1.0, 1.0, 1.0, 1.0, 1.0, 1.0, 1.0, 1.0, 1.0, 1.0, 1.0, 1.0, 1.0, 1.0, 1.0, 1.0, 1.0, 1.0, 1.0, 1.0, 1.0, 1.0, 1.0, 1.0, 1.0, 1.0, 1.0, 1.0, 1.0, 1.0, 1.0, 1.0, 1.0, 1.0, 1.0, 1.0, 1.0, 1.0, 1.0, 1.0, 1.0, 1.0, 1.0, 1.0, 1.0, 1.0, 1.0, 1.0, 1.0, 1.0, 1.0, 1.0, 1.0, 1.0, 1.0, 1.0, 1.0, 1.0, 1.0, 1.0, 1.0, 1.0, 1.0, 1.0, 1.0, 1.0, 1.0, 1.0, 1.0, 1.0, 1.0, 1.0, 1.0, 1.0, 1.0, 1.0, 1.0, 1.0, 1.0, 1.0, 1.0, 1.0, 1.0, 1.0, 1.0, 1.0, 1.0, 1.0, 1.0, 1.0, 1.0, 1.0, 1.0, 1.0]
valid_accuracy_list: [0.064, 0.122, 0.156, 0.114, 0.122, 0.058, 0.058, 0.066, 0.072, 0.072, 0.072, 0.072, 0.316, 0.316, 0.298, 0.162, 0.162, 0.162, 0.168, 0.156, 0.156, 0.158, 0.162, 0.18, 0.084, 0.096, 0.102, 0.108, 0.114, 0.092, 0.074, 0.228, 0.314, 0.31, 0.44, 0.33, 0.32, 0.338, 0.308, 0.326, 0.286, 0.25, 0.398, 0.376, 0.422, 0.418, 0.312, 0.334, 0.314, 0.494, 0.5, 0.248, 0.472, 0.36, 0.27, 0.318, 0.484, 0.496, 0.376, 0.366, 0.478, 0.518, 0.468, 0.388, 0.454, 0.476, 0.536, 0.52, 0.486, 0.508, 0.514, 0.548, 0.524, 0.482, 0.552, 0.582, 0.568, 0.53, 0.506, 0.528, 0.59, 0.614, 0.608, 0.602, 0.61, 0.594, 0.602, 0.606, 0.622, 0.624, 0.628, 0.626, 0.634, 0.642, 0.632, 0.632, 0.626, 0.622, 0.63, 0.626, 0.624, 0.62, 0.614, 0.612, 0.614, 0.616, 0.622, 0.626, 0.626, 0.626, 0.624, 0.63, 0.63, 0.628, 0.626, 0.626, 0.626, 0.628, 0.626, 0.628, 0.628, 0.63, 0.63, 0.63, 0.628, 0.628, 0.626, 0.628, 0.628, 0.626, 0.624, 0.624, 0.624, 0.624, 0.624, 0.626, 0.628, 0.63, 0.632, 0.634, 0.636, 0.636, 0.634, 0.634, 0.63, 0.632, 0.634, 0.632, 0.632, 0.632, 0.634, 0.634, 0.632, 0.632, 0.634, 0.634, 0.638, 0.638, 0.64, 0.64, 0.64, 0.642, 0.642, 0.642, 0.642, 0.64, 0.64, 0.64, 0.64, 0.64, 0.638, 0.638, 0.638, 0.638, 0.636, 0.636, 0.636, 0.636, 0.638, 0.64, 0.64, 0.64, 0.64, 0.64, 0.64, 0.64, 0.64, 0.64, 0.64, 0.638, 0.638, 0.638, 0.638, 0.638, 0.638, 0.638, 0.638, 0.638, 0.64, 0.642, 0.642, 0.644, 0.644, 0.644, 0.644, 0.644, 0.644, 0.644, 0.644, 0.646, 0.646, 0.646, 0.646, 0.646, 0.646, 0.646, 0.646, 0.644, 0.644, 0.644, 0.644, 0.644, 0.644, 0.644, 0.644, 0.642, 0.64, 0.64, 0.64, 0.64, 0.64, 0.64, 0.64, 0.64, 0.64, 0.64, 0.64, 0.64, 0.64, 0.64, 0.638, 0.638, 0.638, 0.638, 0.638, 0.638, 0.638, 0.638, 0.638, 0.638, 0.638, 0.638, 0.638, 0.636, 0.636, 0.636, 0.636, 0.636, 0.636, 0.636, 0.636, 0.636, 0.636, 0.636, 0.638, 0.638, 0.638, 0.636, 0.636, 0.636, 0.636, 0.636, 0.636, 0.636, 0.636, 0.636, 0.636, 0.636, 0.636, 0.636, 0.636, 0.636, 0.636, 0.636, 0.636, 0.636, 0.636, 0.636, 0.636, 0.636, 0.636, 0.634, 0.634, 0.632, 0.632, 0.632, 0.632, 0.632, 0.632, 0.632, 0.632, 0.632, 0.632, 0.632, 0.632, 0.632, 0.632, 0.632, 0.632, 0.632, 0.632, 0.632, 0.632, 0.632, 0.632, 0.632, 0.632, 0.632, 0.632, 0.632, 0.632, 0.632, 0.632, 0.632, 0.632, 0.632, 0.632, 0.632, 0.63, 0.63, 0.63, 0.63, 0.63, 0.63, 0.63, 0.63, 0.63, 0.63, 0.63, 0.628, 0.628, 0.628, 0.628, 0.628, 0.628, 0.628, 0.628, 0.628, 0.628, 0.626, 0.626, 0.626, 0.626, 0.626, 0.626, 0.626, 0.626, 0.626, 0.626, 0.626, 0.626, 0.626, 0.626, 0.626, 0.626, 0.626, 0.626, 0.626, 0.626, 0.626, 0.626, 0.628, 0.628, 0.628, 0.628, 0.628, 0.628, 0.628, 0.628, 0.628, 0.628, 0.628, 0.628, 0.628, 0.628, 0.626, 0.626, 0.626, 0.626, 0.624, 0.624, 0.624, 0.624, 0.624, 0.624, 0.624, 0.624, 0.624, 0.624]
test_accuracy_list: [0.064, 0.13, 0.144, 0.103, 0.13, 0.064, 0.064, 0.062, 0.091, 0.091, 0.091, 0.091, 0.319, 0.318, 0.319, 0.149, 0.149, 0.149, 0.15, 0.144, 0.144, 0.145, 0.146, 0.152, 0.079, 0.094, 0.1, 0.099, 0.093, 0.091, 0.087, 0.262, 0.328, 0.36, 0.44, 0.323, 0.313, 0.331, 0.29, 0.343, 0.309, 0.265, 0.413, 0.437, 0.444, 0.408, 0.364, 0.359, 0.328, 0.507, 0.512, 0.339, 0.493, 0.346, 0.325, 0.402, 0.482, 0.47, 0.436, 0.421, 0.48, 0.479, 0.511, 0.478, 0.491, 0.467, 0.555, 0.56, 0.534, 0.508, 0.519, 0.542, 0.581, 0.525, 0.571, 0.604, 0.587, 0.554, 0.541, 0.575, 0.607, 0.629, 0.621, 0.613, 0.611, 0.603, 0.601, 0.601, 0.609, 0.615, 0.617, 0.614, 0.622, 0.626, 0.629, 0.627, 0.625, 0.623, 0.627, 0.626, 0.624, 0.625, 0.622, 0.618, 0.622, 0.622, 0.624, 0.624, 0.633, 0.636, 0.633, 0.631, 0.634, 0.637, 0.637, 0.636, 0.636, 0.637, 0.637, 0.637, 0.637, 0.637, 0.637, 0.638, 0.638, 0.638, 0.637, 0.637, 0.635, 0.636, 0.634, 0.634, 0.635, 0.635, 0.637, 0.637, 0.636, 0.635, 0.635, 0.637, 0.635, 0.635, 0.636, 0.636, 0.636, 0.636, 0.636, 0.636, 0.636, 0.636, 0.637, 0.638, 0.638, 0.638, 0.64, 0.64, 0.639, 0.641, 0.641, 0.641, 0.641, 0.641, 0.641, 0.641, 0.642, 0.642, 0.641, 0.642, 0.643, 0.644, 0.642, 0.641, 0.64, 0.642, 0.641, 0.64, 0.639, 0.639, 0.64, 0.639, 0.64, 0.639, 0.638, 0.638, 0.638, 0.638, 0.638, 0.637, 0.639, 0.638, 0.638, 0.638, 0.637, 0.635, 0.635, 0.636, 0.635, 0.636, 0.636, 0.636, 0.637, 0.637, 0.636, 0.636, 0.636, 0.636, 0.637, 0.637, 0.637, 0.636, 0.636, 0.636, 0.635, 0.635, 0.634, 0.633, 0.633, 0.633, 0.633, 0.633, 0.633, 0.633, 0.633, 0.633, 0.634, 0.634, 0.634, 0.634, 0.633, 0.633, 0.633, 0.631, 0.631, 0.631, 0.631, 0.631, 0.631, 0.63, 0.63, 0.63, 0.63, 0.63, 0.63, 0.63, 0.63, 0.629, 0.629, 0.629, 0.628, 0.628, 0.628, 0.627, 0.626, 0.626, 0.625, 0.625, 0.625, 0.624, 0.624, 0.624, 0.623, 0.623, 0.623, 0.623, 0.622, 0.622, 0.622, 0.622, 0.622, 0.622, 0.622, 0.621, 0.621, 0.621, 0.62, 0.62, 0.62, 0.62, 0.62, 0.62, 0.62, 0.62, 0.62, 0.62, 0.62, 0.62, 0.62, 0.62, 0.62, 0.62, 0.62, 0.62, 0.62, 0.62, 0.62, 0.62, 0.619, 0.619, 0.619, 0.619, 0.619, 0.618, 0.618, 0.618, 0.618, 0.618, 0.618, 0.618, 0.618, 0.618, 0.618, 0.618, 0.617, 0.617, 0.617, 0.617, 0.617, 0.617, 0.617, 0.617, 0.617, 0.617, 0.617, 0.617, 0.617, 0.618, 0.618, 0.618, 0.618, 0.618, 0.618, 0.618, 0.618, 0.618, 0.618, 0.618, 0.616, 0.616, 0.616, 0.616, 0.616, 0.616, 0.616, 0.616, 0.616, 0.616, 0.616, 0.616, 0.616, 0.616, 0.616, 0.616, 0.616, 0.616, 0.615, 0.615, 0.615, 0.615, 0.615, 0.614, 0.614, 0.614, 0.614, 0.614, 0.614, 0.614, 0.614, 0.614, 0.614, 0.614, 0.614, 0.614, 0.614, 0.614, 0.614, 0.614, 0.614, 0.614, 0.614, 0.614, 0.614, 0.614, 0.614, 0.614, 0.614, 0.614, 0.614, 0.614, 0.614, 0.613, 0.613, 0.613, 0.613, 0.613, 0.612, 0.612, 0.613, 0.613, 0.613]
best validation: 0.646
best test: 0.644
num distinct structures: 2365
Experiment run 4
dataset: Cora
num_mp_layers: 5
num_fl_layers: 2
mp_hidden_dim: 3000
fl_hidden_dim: 512
epsilon: 1.118033988749895
optimizer_lr: 0.01
loss_func: CrossEntropyLoss
total_epoch: 400
Epoch: 50, Loss: 1.3248, Train: 42.86%, Valid: 29.00%, Test: 26.40%, Best Valid: 41.40%, Best Test: 39.10%
Epoch: 100, Loss: 0.0133, Train: 100.00%, Valid: 63.80%, Test: 61.10%, Best Valid: 63.80%, Best Test: 61.10%
Epoch: 150, Loss: 0.0001, Train: 100.00%, Valid: 64.80%, Test: 60.90%, Best Valid: 65.60%, Best Test: 63.30%
Epoch: 200, Loss: 0.0000, Train: 100.00%, Valid: 65.20%, Test: 62.50%, Best Valid: 65.60%, Best Test: 63.30%
Epoch: 250, Loss: 0.0000, Train: 100.00%, Valid: 64.60%, Test: 62.50%, Best Valid: 65.60%, Best Test: 63.30%
Epoch: 300, Loss: 0.0000, Train: 100.00%, Valid: 65.00%, Test: 62.40%, Best Valid: 65.60%, Best Test: 63.30%
Epoch: 350, Loss: 0.0000, Train: 100.00%, Valid: 65.00%, Test: 62.40%, Best Valid: 65.60%, Best Test: 63.30%
train_accuracy_list: [0.14285714285714285, 0.14285714285714285, 0.14285714285714285, 0.14285714285714285, 0.14285714285714285, 0.14285714285714285, 0.14285714285714285, 0.14285714285714285, 0.14285714285714285, 0.14285714285714285, 0.14285714285714285, 0.14285714285714285, 0.14285714285714285, 0.14285714285714285, 0.14285714285714285, 0.14285714285714285, 0.14285714285714285, 0.14285714285714285, 0.14285714285714285, 0.1357142857142857, 0.12142857142857143, 0.17142857142857143, 0.17142857142857143, 0.17857142857142858, 0.16428571428571428, 0.16428571428571428, 0.17857142857142858, 0.20714285714285716, 0.16428571428571428, 0.15714285714285714, 0.17142857142857143, 0.24285714285714285, 0.21428571428571427, 0.2642857142857143, 0.29285714285714287, 0.2714285714285714, 0.2357142857142857, 0.36428571428571427, 0.17857142857142858, 0.3357142857142857, 0.2357142857142857, 0.32857142857142857, 0.35, 0.2857142857142857, 0.4642857142857143, 0.4714285714285714, 0.45714285714285713, 0.4928571428571429, 0.37142857142857144, 0.42857142857142855, 0.55, 0.4785714285714286, 0.5357142857142857, 0.4785714285714286, 0.5928571428571429, 0.5928571428571429, 0.6071428571428571, 0.6071428571428571, 0.6428571428571429, 0.6214285714285714, 0.6642857142857143, 0.6571428571428571, 0.5785714285714286, 0.7571428571428571, 0.6071428571428571, 0.5071428571428571, 0.7928571428571428, 0.5857142857142857, 0.7857142857142857, 0.6785714285714286, 0.8428571428571429, 0.7642857142857142, 0.7928571428571428, 0.7928571428571428, 0.8357142857142857, 0.8714285714285714, 0.8, 0.8857142857142857, 0.9071428571428571, 0.9285714285714286, 0.8785714285714286, 0.9142857142857143, 0.9571428571428572, 0.9428571428571428, 0.9428571428571428, 0.9571428571428572, 0.9642857142857143, 0.9714285714285714, 0.9785714285714285, 0.9714285714285714, 0.9857142857142858, 0.9857142857142858, 0.9928571428571429, 0.9857142857142858, 0.9928571428571429, 0.9928571428571429, 1.0, 1.0, 1.0, 1.0, 1.0, 1.0, 1.0, 1.0, 1.0, 1.0, 1.0, 1.0, 1.0, 1.0, 1.0, 1.0, 1.0, 1.0, 1.0, 1.0, 1.0, 1.0, 1.0, 1.0, 1.0, 1.0, 1.0, 1.0, 1.0, 1.0, 1.0, 1.0, 1.0, 1.0, 1.0, 1.0, 1.0, 1.0, 1.0, 1.0, 1.0, 1.0, 1.0, 1.0, 1.0, 1.0, 1.0, 1.0, 1.0, 1.0, 1.0, 1.0, 1.0, 1.0, 1.0, 1.0, 1.0, 1.0, 1.0, 1.0, 1.0, 1.0, 1.0, 1.0, 1.0, 1.0, 1.0, 1.0, 1.0, 1.0, 1.0, 1.0, 1.0, 1.0, 1.0, 1.0, 1.0, 1.0, 1.0, 1.0, 1.0, 1.0, 1.0, 1.0, 1.0, 1.0, 1.0, 1.0, 1.0, 1.0, 1.0, 1.0, 1.0, 1.0, 1.0, 1.0, 1.0, 1.0, 1.0, 1.0, 1.0, 1.0, 1.0, 1.0, 1.0, 1.0, 1.0, 1.0, 1.0, 1.0, 1.0, 1.0, 1.0, 1.0, 1.0, 1.0, 1.0, 1.0, 1.0, 1.0, 1.0, 1.0, 1.0, 1.0, 1.0, 1.0, 1.0, 1.0, 1.0, 1.0, 1.0, 1.0, 1.0, 1.0, 1.0, 1.0, 1.0, 1.0, 1.0, 1.0, 1.0, 1.0, 1.0, 1.0, 1.0, 1.0, 1.0, 1.0, 1.0, 1.0, 1.0, 1.0, 1.0, 1.0, 1.0, 1.0, 1.0, 1.0, 1.0, 1.0, 1.0, 1.0, 1.0, 1.0, 1.0, 1.0, 1.0, 1.0, 1.0, 1.0, 1.0, 1.0, 1.0, 1.0, 1.0, 1.0, 1.0, 1.0, 1.0, 1.0, 1.0, 1.0, 1.0, 1.0, 1.0, 1.0, 1.0, 1.0, 1.0, 1.0, 1.0, 1.0, 1.0, 1.0, 1.0, 1.0, 1.0, 1.0, 1.0, 1.0, 1.0, 1.0, 1.0, 1.0, 1.0, 1.0, 1.0, 1.0, 1.0, 1.0, 1.0, 1.0, 1.0, 1.0, 1.0, 1.0, 1.0, 1.0, 1.0, 1.0, 1.0, 1.0, 1.0, 1.0, 1.0, 1.0, 1.0, 1.0, 1.0, 1.0, 1.0, 1.0, 1.0, 1.0, 1.0, 1.0, 1.0, 1.0, 1.0, 1.0, 1.0, 1.0, 1.0, 1.0, 1.0, 1.0, 1.0, 1.0, 1.0, 1.0, 1.0, 1.0, 1.0, 1.0, 1.0, 1.0, 1.0, 1.0, 1.0, 1.0, 1.0, 1.0, 1.0, 1.0, 1.0, 1.0, 1.0, 1.0, 1.0, 1.0, 1.0, 1.0, 1.0, 1.0, 1.0, 1.0, 1.0, 1.0, 1.0, 1.0, 1.0, 1.0, 1.0, 1.0, 1.0, 1.0, 1.0, 1.0, 1.0, 1.0, 1.0, 1.0, 1.0, 1.0, 1.0, 1.0, 1.0, 1.0, 1.0, 1.0, 1.0, 1.0, 1.0]
valid_accuracy_list: [0.162, 0.162, 0.072, 0.156, 0.114, 0.162, 0.162, 0.162, 0.162, 0.162, 0.162, 0.122, 0.122, 0.122, 0.122, 0.058, 0.058, 0.058, 0.058, 0.148, 0.158, 0.138, 0.122, 0.144, 0.148, 0.152, 0.168, 0.138, 0.088, 0.104, 0.144, 0.142, 0.126, 0.164, 0.186, 0.204, 0.244, 0.414, 0.17, 0.388, 0.222, 0.306, 0.356, 0.238, 0.316, 0.252, 0.254, 0.334, 0.254, 0.29, 0.38, 0.382, 0.422, 0.364, 0.442, 0.43, 0.452, 0.472, 0.476, 0.434, 0.494, 0.496, 0.374, 0.488, 0.452, 0.326, 0.546, 0.464, 0.514, 0.39, 0.528, 0.56, 0.558, 0.51, 0.496, 0.56, 0.556, 0.556, 0.542, 0.566, 0.566, 0.54, 0.544, 0.548, 0.548, 0.588, 0.598, 0.566, 0.588, 0.61, 0.602, 0.586, 0.584, 0.606, 0.618, 0.606, 0.612, 0.618, 0.624, 0.638, 0.648, 0.656, 0.654, 0.648, 0.648, 0.64, 0.64, 0.638, 0.634, 0.642, 0.634, 0.638, 0.642, 0.642, 0.644, 0.644, 0.652, 0.652, 0.648, 0.65, 0.646, 0.648, 0.648, 0.65, 0.648, 0.648, 0.644, 0.644, 0.646, 0.644, 0.648, 0.646, 0.646, 0.65, 0.648, 0.65, 0.648, 0.65, 0.65, 0.642, 0.644, 0.644, 0.642, 0.646, 0.644, 0.646, 0.644, 0.646, 0.648, 0.648, 0.644, 0.64, 0.642, 0.64, 0.64, 0.642, 0.642, 0.646, 0.648, 0.648, 0.648, 0.648, 0.648, 0.646, 0.646, 0.648, 0.648, 0.646, 0.646, 0.646, 0.648, 0.648, 0.646, 0.65, 0.65, 0.65, 0.648, 0.646, 0.646, 0.646, 0.646, 0.646, 0.65, 0.65, 0.65, 0.65, 0.65, 0.648, 0.646, 0.646, 0.646, 0.648, 0.648, 0.65, 0.65, 0.654, 0.654, 0.654, 0.654, 0.652, 0.652, 0.652, 0.652, 0.654, 0.654, 0.654, 0.654, 0.654, 0.654, 0.654, 0.654, 0.654, 0.654, 0.654, 0.654, 0.654, 0.654, 0.654, 0.654, 0.654, 0.654, 0.654, 0.654, 0.654, 0.654, 0.654, 0.652, 0.65, 0.648, 0.648, 0.648, 0.648, 0.648, 0.648, 0.648, 0.648, 0.648, 0.648, 0.648, 0.648, 0.648, 0.648, 0.648, 0.648, 0.648, 0.646, 0.646, 0.646, 0.646, 0.646, 0.646, 0.646, 0.646, 0.646, 0.646, 0.646, 0.646, 0.646, 0.646, 0.646, 0.646, 0.646, 0.646, 0.646, 0.646, 0.646, 0.646, 0.646, 0.646, 0.646, 0.646, 0.646, 0.646, 0.646, 0.646, 0.646, 0.646, 0.646, 0.646, 0.646, 0.646, 0.646, 0.646, 0.646, 0.646, 0.646, 0.646, 0.646, 0.646, 0.646, 0.646, 0.646, 0.646, 0.646, 0.646, 0.646, 0.646, 0.646, 0.648, 0.65, 0.65, 0.65, 0.65, 0.65, 0.65, 0.65, 0.65, 0.65, 0.65, 0.65, 0.65, 0.65, 0.65, 0.65, 0.65, 0.65, 0.65, 0.65, 0.65, 0.65, 0.65, 0.65, 0.65, 0.65, 0.65, 0.65, 0.65, 0.65, 0.65, 0.65, 0.65, 0.65, 0.65, 0.65, 0.65, 0.65, 0.65, 0.65, 0.65, 0.65, 0.65, 0.65, 0.65, 0.65, 0.65, 0.65, 0.65, 0.65, 0.65, 0.65, 0.65, 0.65, 0.65, 0.65, 0.65, 0.65, 0.65, 0.65, 0.65, 0.65, 0.65, 0.65, 0.65, 0.65, 0.65, 0.65, 0.65, 0.65, 0.65, 0.65, 0.65, 0.65, 0.65, 0.65, 0.65, 0.65, 0.65, 0.65, 0.65, 0.65, 0.65, 0.65, 0.65, 0.65, 0.65, 0.65, 0.65, 0.65, 0.65, 0.65, 0.65, 0.65, 0.65, 0.65, 0.65, 0.65, 0.65, 0.65, 0.65]
test_accuracy_list: [0.149, 0.149, 0.091, 0.144, 0.103, 0.149, 0.149, 0.149, 0.149, 0.149, 0.149, 0.13, 0.13, 0.13, 0.13, 0.064, 0.064, 0.064, 0.064, 0.138, 0.14, 0.129, 0.114, 0.117, 0.13, 0.13, 0.145, 0.138, 0.108, 0.13, 0.141, 0.132, 0.111, 0.139, 0.159, 0.183, 0.21, 0.391, 0.156, 0.367, 0.206, 0.308, 0.317, 0.215, 0.303, 0.262, 0.249, 0.3, 0.223, 0.264, 0.402, 0.37, 0.424, 0.361, 0.434, 0.447, 0.466, 0.467, 0.473, 0.432, 0.487, 0.483, 0.397, 0.493, 0.435, 0.354, 0.524, 0.425, 0.51, 0.435, 0.53, 0.507, 0.501, 0.501, 0.509, 0.531, 0.496, 0.525, 0.536, 0.541, 0.508, 0.532, 0.546, 0.53, 0.54, 0.568, 0.56, 0.556, 0.582, 0.595, 0.591, 0.592, 0.59, 0.595, 0.601, 0.6, 0.605, 0.6, 0.605, 0.611, 0.621, 0.622, 0.623, 0.622, 0.62, 0.618, 0.613, 0.615, 0.609, 0.613, 0.614, 0.612, 0.617, 0.616, 0.618, 0.618, 0.62, 0.626, 0.627, 0.627, 0.627, 0.629, 0.631, 0.631, 0.632, 0.632, 0.633, 0.633, 0.633, 0.633, 0.632, 0.629, 0.627, 0.625, 0.629, 0.625, 0.625, 0.622, 0.618, 0.615, 0.615, 0.617, 0.616, 0.617, 0.617, 0.616, 0.612, 0.613, 0.612, 0.609, 0.609, 0.61, 0.611, 0.609, 0.609, 0.608, 0.609, 0.609, 0.608, 0.608, 0.61, 0.608, 0.611, 0.613, 0.613, 0.613, 0.615, 0.614, 0.612, 0.612, 0.614, 0.616, 0.617, 0.619, 0.62, 0.621, 0.62, 0.619, 0.619, 0.619, 0.619, 0.619, 0.619, 0.62, 0.62, 0.62, 0.619, 0.62, 0.62, 0.619, 0.619, 0.619, 0.619, 0.619, 0.62, 0.621, 0.623, 0.625, 0.625, 0.625, 0.625, 0.625, 0.625, 0.625, 0.625, 0.625, 0.624, 0.624, 0.625, 0.625, 0.625, 0.624, 0.624, 0.624, 0.624, 0.624, 0.624, 0.623, 0.624, 0.624, 0.624, 0.624, 0.624, 0.624, 0.624, 0.624, 0.624, 0.624, 0.624, 0.624, 0.624, 0.624, 0.624, 0.624, 0.624, 0.625, 0.625, 0.625, 0.625, 0.625, 0.625, 0.625, 0.625, 0.625, 0.625, 0.625, 0.625, 0.625, 0.625, 0.625, 0.625, 0.625, 0.625, 0.625, 0.625, 0.625, 0.625, 0.625, 0.625, 0.624, 0.624, 0.624, 0.624, 0.624, 0.624, 0.624, 0.624, 0.624, 0.624, 0.624, 0.624, 0.624, 0.623, 0.623, 0.623, 0.623, 0.623, 0.623, 0.623, 0.623, 0.623, 0.623, 0.623, 0.623, 0.624, 0.624, 0.624, 0.624, 0.624, 0.624, 0.624, 0.624, 0.624, 0.624, 0.624, 0.624, 0.624, 0.624, 0.624, 0.624, 0.624, 0.624, 0.624, 0.624, 0.624, 0.624, 0.624, 0.624, 0.624, 0.624, 0.624, 0.624, 0.624, 0.624, 0.624, 0.624, 0.624, 0.624, 0.624, 0.624, 0.624, 0.624, 0.624, 0.624, 0.624, 0.624, 0.624, 0.624, 0.624, 0.624, 0.624, 0.624, 0.624, 0.624, 0.624, 0.624, 0.624, 0.624, 0.624, 0.624, 0.624, 0.624, 0.624, 0.624, 0.624, 0.624, 0.624, 0.624, 0.624, 0.624, 0.624, 0.624, 0.624, 0.624, 0.624, 0.624, 0.624, 0.624, 0.624, 0.624, 0.624, 0.624, 0.624, 0.624, 0.624, 0.624, 0.624, 0.624, 0.624, 0.624, 0.624, 0.624, 0.624, 0.624, 0.624, 0.624, 0.624, 0.624, 0.624, 0.624, 0.624, 0.624, 0.624, 0.624, 0.624, 0.624, 0.624, 0.624, 0.624, 0.624, 0.624, 0.624, 0.624, 0.624, 0.624, 0.624, 0.624, 0.624, 0.624]
best validation: 0.656
best test: 0.633
num distinct structures: 2365
Experiment run 5
dataset: Cora
num_mp_layers: 6
num_fl_layers: 2
mp_hidden_dim: 3000
fl_hidden_dim: 512
epsilon: 1.118033988749895
optimizer_lr: 0.01
loss_func: CrossEntropyLoss
total_epoch: 400
Epoch: 50, Loss: 1.4624, Train: 32.14%, Valid: 24.00%, Test: 25.10%, Best Valid: 31.60%, Best Test: 31.90%
Epoch: 100, Loss: 0.5515, Train: 85.00%, Valid: 39.00%, Test: 41.30%, Best Valid: 40.00%, Best Test: 41.30%
Epoch: 150, Loss: 0.3231, Train: 87.86%, Valid: 39.60%, Test: 39.50%, Best Valid: 45.00%, Best Test: 42.70%
Epoch: 200, Loss: 0.0044, Train: 100.00%, Valid: 47.00%, Test: 46.20%, Best Valid: 47.40%, Best Test: 46.20%
Epoch: 250, Loss: 0.0003, Train: 100.00%, Valid: 46.40%, Test: 47.50%, Best Valid: 48.40%, Best Test: 47.60%
Epoch: 300, Loss: 0.0000, Train: 100.00%, Valid: 46.80%, Test: 46.90%, Best Valid: 48.40%, Best Test: 47.60%
Epoch: 350, Loss: 0.0000, Train: 100.00%, Valid: 46.60%, Test: 47.60%, Best Valid: 48.40%, Best Test: 47.70%
train_accuracy_list: [0.14285714285714285, 0.14285714285714285, 0.14285714285714285, 0.15, 0.14285714285714285, 0.14285714285714285, 0.14285714285714285, 0.14285714285714285, 0.14285714285714285, 0.14285714285714285, 0.14285714285714285, 0.14285714285714285, 0.14285714285714285, 0.14285714285714285, 0.14285714285714285, 0.15, 0.14285714285714285, 0.14285714285714285, 0.14285714285714285, 0.14285714285714285, 0.14285714285714285, 0.14285714285714285, 0.17857142857142858, 0.12857142857142856, 0.14285714285714285, 0.14285714285714285, 0.14285714285714285, 0.15714285714285714, 0.16428571428571428, 0.16428571428571428, 0.16428571428571428, 0.15714285714285714, 0.1357142857142857, 0.11428571428571428, 0.16428571428571428, 0.19285714285714287, 0.15, 0.21428571428571427, 0.29285714285714287, 0.2571428571428571, 0.24285714285714285, 0.2357142857142857, 0.2571428571428571, 0.24285714285714285, 0.24285714285714285, 0.2714285714285714, 0.30714285714285716, 0.30714285714285716, 0.29285714285714287, 0.32142857142857145, 0.35714285714285715, 0.34285714285714286, 0.44285714285714284, 0.39285714285714285, 0.45, 0.4785714285714286, 0.42857142857142855, 0.4928571428571429, 0.4714285714285714, 0.44285714285714284, 0.5428571428571428, 0.5785714285714286, 0.4785714285714286, 0.5285714285714286, 0.55, 0.5571428571428572, 0.55, 0.5142857142857142, 0.6142857142857143, 0.6, 0.6, 0.6214285714285714, 0.6071428571428571, 0.5857142857142857, 0.6642857142857143, 0.6571428571428571, 0.7214285714285714, 0.6785714285714286, 0.65, 0.6357142857142857, 0.65, 0.7642857142857142, 0.7857142857142857, 0.7, 0.7142857142857143, 0.8214285714285714, 0.7285714285714285, 0.5428571428571428, 0.5857142857142857, 0.8357142857142857, 0.75, 0.6928571428571428, 0.8285714285714286, 0.8, 0.7714285714285715, 0.7357142857142858, 0.7428571428571429, 0.8285714285714286, 0.7857142857142857, 0.85, 0.7571428571428571, 0.8285714285714286, 0.7785714285714286, 0.8142857142857143, 0.8142857142857143, 0.8285714285714286, 0.8142857142857143, 0.85, 0.8428571428571429, 0.7, 0.4142857142857143, 0.37857142857142856, 0.7142857142857143, 0.35, 0.6428571428571429, 0.5, 0.4642857142857143, 0.6785714285714286, 0.42142857142857143, 0.7071428571428572, 0.5785714285714286, 0.6285714285714286, 0.6928571428571428, 0.6428571428571429, 0.6714285714285714, 0.7, 0.7714285714285715, 0.6785714285714286, 0.7, 0.7285714285714285, 0.7785714285714286, 0.7857142857142857, 0.6928571428571428, 0.7714285714285715, 0.75, 0.8142857142857143, 0.7785714285714286, 0.7928571428571428, 0.85, 0.85, 0.8785714285714286, 0.8, 0.8285714285714286, 0.8571428571428571, 0.8642857142857143, 0.8928571428571429, 0.8357142857142857, 0.8928571428571429, 0.8928571428571429, 0.8785714285714286, 0.85, 0.9, 0.9, 0.8571428571428571, 0.9, 0.9142857142857143, 0.8785714285714286, 0.9, 0.9142857142857143, 0.8714285714285714, 0.9214285714285714, 0.8714285714285714, 0.9, 0.8571428571428571, 0.8714285714285714, 0.8642857142857143, 0.8857142857142857, 0.9142857142857143, 0.8642857142857143, 0.8857142857142857, 0.9, 0.8642857142857143, 0.9, 0.9285714285714286, 0.8642857142857143, 0.9071428571428571, 0.9357142857142857, 0.8785714285714286, 0.95, 0.9357142857142857, 0.9714285714285714, 0.9714285714285714, 0.9928571428571429, 0.9928571428571429, 1.0, 1.0, 1.0, 1.0, 1.0, 1.0, 1.0, 1.0, 1.0, 1.0, 1.0, 1.0, 1.0, 1.0, 1.0, 1.0, 1.0, 1.0, 1.0, 1.0, 1.0, 1.0, 1.0, 1.0, 1.0, 1.0, 1.0, 1.0, 1.0, 1.0, 1.0, 1.0, 1.0, 1.0, 1.0, 1.0, 1.0, 1.0, 1.0, 1.0, 1.0, 1.0, 1.0, 1.0, 1.0, 1.0, 1.0, 1.0, 1.0, 1.0, 1.0, 1.0, 1.0, 1.0, 1.0, 1.0, 1.0, 1.0, 1.0, 1.0, 1.0, 1.0, 1.0, 1.0, 1.0, 1.0, 1.0, 1.0, 1.0, 1.0, 1.0, 1.0, 1.0, 1.0, 1.0, 1.0, 1.0, 1.0, 1.0, 1.0, 1.0, 1.0, 1.0, 1.0, 1.0, 1.0, 1.0, 1.0, 1.0, 1.0, 1.0, 1.0, 1.0, 1.0, 1.0, 1.0, 1.0, 1.0, 1.0, 1.0, 1.0, 1.0, 1.0, 1.0, 1.0, 1.0, 1.0, 1.0, 1.0, 1.0, 1.0, 1.0, 1.0, 1.0, 1.0, 1.0, 1.0, 1.0, 1.0, 1.0, 1.0, 1.0, 1.0, 1.0, 1.0, 1.0, 1.0, 1.0, 1.0, 1.0, 1.0, 1.0, 1.0, 1.0, 1.0, 1.0, 1.0, 1.0, 1.0, 1.0, 1.0, 1.0, 1.0, 1.0, 1.0, 1.0, 1.0, 1.0, 1.0, 1.0, 1.0, 1.0, 1.0, 1.0, 1.0, 1.0, 1.0, 1.0, 1.0, 1.0, 1.0, 1.0, 1.0, 1.0, 1.0, 1.0, 1.0, 1.0, 1.0, 1.0, 1.0, 1.0, 1.0, 1.0, 1.0, 1.0, 1.0, 1.0, 1.0, 1.0, 1.0, 1.0, 1.0, 1.0, 1.0, 1.0, 1.0, 1.0, 1.0, 1.0, 1.0, 1.0, 1.0, 1.0, 1.0, 1.0, 1.0, 1.0, 1.0, 1.0, 1.0, 1.0, 1.0, 1.0, 1.0, 1.0, 1.0, 1.0, 1.0, 1.0, 1.0, 1.0, 1.0, 1.0, 1.0]
valid_accuracy_list: [0.072, 0.072, 0.122, 0.108, 0.316, 0.072, 0.162, 0.162, 0.122, 0.122, 0.122, 0.122, 0.122, 0.122, 0.122, 0.156, 0.16, 0.072, 0.064, 0.058, 0.058, 0.058, 0.164, 0.072, 0.162, 0.162, 0.162, 0.166, 0.166, 0.158, 0.132, 0.124, 0.122, 0.132, 0.156, 0.212, 0.19, 0.2, 0.138, 0.172, 0.132, 0.158, 0.18, 0.144, 0.184, 0.198, 0.216, 0.226, 0.222, 0.24, 0.252, 0.302, 0.314, 0.328, 0.354, 0.378, 0.316, 0.338, 0.344, 0.338, 0.364, 0.382, 0.328, 0.366, 0.324, 0.356, 0.368, 0.282, 0.342, 0.4, 0.328, 0.326, 0.316, 0.342, 0.372, 0.294, 0.338, 0.348, 0.324, 0.324, 0.312, 0.372, 0.356, 0.31, 0.346, 0.364, 0.326, 0.344, 0.27, 0.392, 0.372, 0.302, 0.374, 0.376, 0.284, 0.34, 0.396, 0.312, 0.302, 0.39, 0.352, 0.394, 0.368, 0.334, 0.382, 0.364, 0.382, 0.378, 0.354, 0.404, 0.258, 0.314, 0.338, 0.166, 0.372, 0.388, 0.344, 0.314, 0.264, 0.304, 0.34, 0.418, 0.44, 0.414, 0.344, 0.334, 0.344, 0.354, 0.36, 0.358, 0.378, 0.38, 0.376, 0.37, 0.346, 0.35, 0.386, 0.382, 0.372, 0.392, 0.398, 0.428, 0.45, 0.418, 0.402, 0.418, 0.404, 0.39, 0.368, 0.396, 0.4, 0.386, 0.394, 0.422, 0.42, 0.408, 0.434, 0.41, 0.402, 0.418, 0.394, 0.418, 0.382, 0.424, 0.394, 0.434, 0.402, 0.432, 0.442, 0.4, 0.448, 0.438, 0.392, 0.42, 0.432, 0.394, 0.398, 0.426, 0.414, 0.402, 0.446, 0.442, 0.446, 0.444, 0.47, 0.468, 0.456, 0.446, 0.474, 0.466, 0.45, 0.446, 0.446, 0.444, 0.454, 0.456, 0.452, 0.458, 0.46, 0.47, 0.474, 0.48, 0.482, 0.484, 0.476, 0.472, 0.476, 0.48, 0.482, 0.478, 0.474, 0.47, 0.466, 0.464, 0.466, 0.466, 0.464, 0.464, 0.458, 0.46, 0.458, 0.462, 0.468, 0.468, 0.466, 0.464, 0.464, 0.466, 0.466, 0.466, 0.466, 0.466, 0.466, 0.464, 0.464, 0.464, 0.466, 0.466, 0.466, 0.466, 0.464, 0.466, 0.468, 0.464, 0.462, 0.466, 0.464, 0.464, 0.464, 0.464, 0.466, 0.466, 0.466, 0.468, 0.466, 0.464, 0.466, 0.466, 0.464, 0.46, 0.466, 0.464, 0.46, 0.46, 0.46, 0.458, 0.46, 0.464, 0.466, 0.466, 0.466, 0.468, 0.468, 0.468, 0.468, 0.47, 0.47, 0.47, 0.468, 0.468, 0.468, 0.466, 0.466, 0.466, 0.466, 0.466, 0.466, 0.466, 0.466, 0.464, 0.464, 0.464, 0.464, 0.464, 0.466, 0.466, 0.466, 0.466, 0.466, 0.468, 0.468, 0.468, 0.468, 0.468, 0.468, 0.468, 0.468, 0.468, 0.468, 0.468, 0.468, 0.47, 0.472, 0.472, 0.472, 0.472, 0.466, 0.466, 0.466, 0.466, 0.466, 0.466, 0.466, 0.464, 0.464, 0.464, 0.464, 0.466, 0.466, 0.466, 0.466, 0.466, 0.466, 0.466, 0.464, 0.464, 0.464, 0.466, 0.466, 0.466, 0.466, 0.466, 0.466, 0.466, 0.466, 0.466, 0.466, 0.466, 0.466, 0.466, 0.466, 0.466, 0.466, 0.466, 0.466, 0.468, 0.468, 0.468, 0.468, 0.468, 0.468, 0.468, 0.468, 0.468, 0.468, 0.468, 0.468, 0.468, 0.468, 0.468, 0.468, 0.468, 0.468, 0.468, 0.468, 0.468, 0.47, 0.47, 0.47, 0.47, 0.47, 0.47, 0.47, 0.47, 0.47, 0.47, 0.47, 0.47, 0.47, 0.47, 0.47, 0.47, 0.47, 0.47, 0.47, 0.47, 0.47, 0.47, 0.47]
test_accuracy_list: [0.091, 0.091, 0.13, 0.103, 0.319, 0.091, 0.149, 0.149, 0.13, 0.13, 0.13, 0.13, 0.13, 0.13, 0.13, 0.144, 0.146, 0.091, 0.069, 0.064, 0.064, 0.064, 0.162, 0.102, 0.149, 0.149, 0.149, 0.149, 0.141, 0.146, 0.146, 0.137, 0.138, 0.134, 0.165, 0.195, 0.189, 0.188, 0.175, 0.18, 0.147, 0.153, 0.175, 0.141, 0.176, 0.176, 0.195, 0.211, 0.215, 0.251, 0.263, 0.301, 0.332, 0.339, 0.351, 0.385, 0.347, 0.381, 0.384, 0.348, 0.38, 0.395, 0.355, 0.395, 0.362, 0.384, 0.401, 0.33, 0.384, 0.412, 0.344, 0.366, 0.343, 0.359, 0.384, 0.327, 0.368, 0.386, 0.342, 0.353, 0.332, 0.397, 0.377, 0.327, 0.377, 0.4, 0.341, 0.357, 0.309, 0.398, 0.383, 0.343, 0.399, 0.397, 0.312, 0.371, 0.398, 0.337, 0.352, 0.413, 0.382, 0.408, 0.408, 0.365, 0.398, 0.379, 0.378, 0.407, 0.375, 0.427, 0.302, 0.327, 0.329, 0.227, 0.409, 0.351, 0.336, 0.383, 0.288, 0.31, 0.323, 0.38, 0.419, 0.42, 0.383, 0.373, 0.363, 0.354, 0.355, 0.342, 0.351, 0.371, 0.373, 0.38, 0.366, 0.378, 0.391, 0.379, 0.38, 0.372, 0.401, 0.419, 0.427, 0.421, 0.414, 0.422, 0.411, 0.401, 0.389, 0.395, 0.39, 0.393, 0.406, 0.415, 0.416, 0.404, 0.414, 0.41, 0.404, 0.412, 0.405, 0.41, 0.396, 0.416, 0.389, 0.428, 0.395, 0.419, 0.431, 0.404, 0.429, 0.436, 0.402, 0.422, 0.429, 0.398, 0.413, 0.423, 0.42, 0.407, 0.44, 0.437, 0.442, 0.442, 0.45, 0.45, 0.454, 0.451, 0.456, 0.46, 0.457, 0.456, 0.455, 0.455, 0.459, 0.459, 0.459, 0.462, 0.461, 0.462, 0.458, 0.463, 0.463, 0.465, 0.463, 0.463, 0.468, 0.468, 0.47, 0.47, 0.464, 0.465, 0.467, 0.466, 0.466, 0.467, 0.468, 0.469, 0.468, 0.469, 0.465, 0.466, 0.468, 0.471, 0.469, 0.469, 0.469, 0.469, 0.47, 0.471, 0.47, 0.468, 0.47, 0.472, 0.471, 0.47, 0.47, 0.472, 0.471, 0.472, 0.468, 0.472, 0.475, 0.467, 0.474, 0.475, 0.476, 0.476, 0.475, 0.475, 0.476, 0.475, 0.476, 0.475, 0.474, 0.474, 0.474, 0.473, 0.472, 0.473, 0.476, 0.473, 0.472, 0.469, 0.469, 0.469, 0.469, 0.47, 0.472, 0.473, 0.473, 0.475, 0.474, 0.474, 0.476, 0.475, 0.474, 0.474, 0.475, 0.475, 0.475, 0.474, 0.475, 0.475, 0.475, 0.475, 0.475, 0.475, 0.474, 0.474, 0.474, 0.473, 0.473, 0.473, 0.473, 0.471, 0.471, 0.472, 0.47, 0.469, 0.469, 0.469, 0.47, 0.472, 0.472, 0.474, 0.474, 0.474, 0.474, 0.474, 0.474, 0.474, 0.474, 0.474, 0.474, 0.473, 0.473, 0.473, 0.473, 0.473, 0.475, 0.475, 0.476, 0.475, 0.475, 0.476, 0.476, 0.477, 0.477, 0.476, 0.476, 0.476, 0.476, 0.476, 0.476, 0.476, 0.476, 0.476, 0.476, 0.476, 0.476, 0.476, 0.475, 0.475, 0.475, 0.476, 0.476, 0.476, 0.476, 0.476, 0.476, 0.477, 0.477, 0.477, 0.477, 0.477, 0.477, 0.477, 0.477, 0.477, 0.477, 0.477, 0.477, 0.477, 0.477, 0.477, 0.477, 0.477, 0.477, 0.477, 0.477, 0.477, 0.477, 0.477, 0.477, 0.477, 0.477, 0.477, 0.477, 0.477, 0.477, 0.477, 0.477, 0.477, 0.477, 0.477, 0.477, 0.477, 0.477, 0.478, 0.478, 0.478, 0.478, 0.478, 0.478, 0.478, 0.478, 0.478, 0.478]
best validation: 0.484
best test: 0.478
End abalation study
