Begin abalation study
num distinct structures: 2365
Experiment run 0
dataset: Cora
num_mp_layers: 3
num_fl_layers: 1
mp_hidden_dim: 3000
fl_hidden_dim: 512
epsilon: 1.118033988749895
optimizer_lr: 0.01
loss_func: CrossEntropyLoss
total_epoch: 400
Epoch: 50, Loss: 0.0283, Train: 100.00%, Valid: 75.40%, Test: 77.60%, Best Valid: 75.40%, Best Test: 77.60%
Epoch: 100, Loss: 0.0000, Train: 100.00%, Valid: 75.20%, Test: 75.60%, Best Valid: 76.00%, Best Test: 78.00%
Epoch: 150, Loss: 0.0000, Train: 100.00%, Valid: 75.40%, Test: 74.90%, Best Valid: 76.00%, Best Test: 78.00%
Epoch: 200, Loss: 0.0000, Train: 100.00%, Valid: 75.00%, Test: 74.80%, Best Valid: 76.00%, Best Test: 78.00%
Epoch: 250, Loss: 0.0000, Train: 100.00%, Valid: 75.00%, Test: 74.60%, Best Valid: 76.00%, Best Test: 78.00%
Epoch: 300, Loss: 0.0000, Train: 100.00%, Valid: 75.00%, Test: 74.50%, Best Valid: 76.00%, Best Test: 78.00%
Epoch: 350, Loss: 0.0000, Train: 100.00%, Valid: 74.80%, Test: 74.30%, Best Valid: 76.00%, Best Test: 78.00%
train_accuracy_list: [0.19285714285714287, 0.14285714285714285, 0.2, 0.16428571428571428, 0.14285714285714285, 0.14285714285714285, 0.2857142857142857, 0.20714285714285716, 0.14285714285714285, 0.17142857142857143, 0.25, 0.14285714285714285, 0.14285714285714285, 0.14285714285714285, 0.14285714285714285, 0.14285714285714285, 0.14285714285714285, 0.14285714285714285, 0.17142857142857143, 0.20714285714285716, 0.25, 0.2857142857142857, 0.2714285714285714, 0.2785714285714286, 0.2857142857142857, 0.45714285714285713, 0.4857142857142857, 0.4714285714285714, 0.5285714285714286, 0.6571428571428571, 0.8428571428571429, 0.7357142857142858, 0.6642857142857143, 0.7928571428571428, 0.8428571428571429, 0.8571428571428571, 0.9214285714285714, 0.9214285714285714, 0.9357142857142857, 0.9642857142857143, 0.9785714285714285, 0.9714285714285714, 0.9785714285714285, 0.9928571428571429, 0.9928571428571429, 0.9857142857142858, 1.0, 1.0, 1.0, 1.0, 1.0, 1.0, 1.0, 1.0, 1.0, 1.0, 1.0, 1.0, 1.0, 1.0, 1.0, 1.0, 1.0, 1.0, 1.0, 1.0, 1.0, 1.0, 1.0, 1.0, 1.0, 1.0, 1.0, 1.0, 1.0, 1.0, 1.0, 1.0, 1.0, 1.0, 1.0, 1.0, 1.0, 1.0, 1.0, 1.0, 1.0, 1.0, 1.0, 1.0, 1.0, 1.0, 1.0, 1.0, 1.0, 1.0, 1.0, 1.0, 1.0, 1.0, 1.0, 1.0, 1.0, 1.0, 1.0, 1.0, 1.0, 1.0, 1.0, 1.0, 1.0, 1.0, 1.0, 1.0, 1.0, 1.0, 1.0, 1.0, 1.0, 1.0, 1.0, 1.0, 1.0, 1.0, 1.0, 1.0, 1.0, 1.0, 1.0, 1.0, 1.0, 1.0, 1.0, 1.0, 1.0, 1.0, 1.0, 1.0, 1.0, 1.0, 1.0, 1.0, 1.0, 1.0, 1.0, 1.0, 1.0, 1.0, 1.0, 1.0, 1.0, 1.0, 1.0, 1.0, 1.0, 1.0, 1.0, 1.0, 1.0, 1.0, 1.0, 1.0, 1.0, 1.0, 1.0, 1.0, 1.0, 1.0, 1.0, 1.0, 1.0, 1.0, 1.0, 1.0, 1.0, 1.0, 1.0, 1.0, 1.0, 1.0, 1.0, 1.0, 1.0, 1.0, 1.0, 1.0, 1.0, 1.0, 1.0, 1.0, 1.0, 1.0, 1.0, 1.0, 1.0, 1.0, 1.0, 1.0, 1.0, 1.0, 1.0, 1.0, 1.0, 1.0, 1.0, 1.0, 1.0, 1.0, 1.0, 1.0, 1.0, 1.0, 1.0, 1.0, 1.0, 1.0, 1.0, 1.0, 1.0, 1.0, 1.0, 1.0, 1.0, 1.0, 1.0, 1.0, 1.0, 1.0, 1.0, 1.0, 1.0, 1.0, 1.0, 1.0, 1.0, 1.0, 1.0, 1.0, 1.0, 1.0, 1.0, 1.0, 1.0, 1.0, 1.0, 1.0, 1.0, 1.0, 1.0, 1.0, 1.0, 1.0, 1.0, 1.0, 1.0, 1.0, 1.0, 1.0, 1.0, 1.0, 1.0, 1.0, 1.0, 1.0, 1.0, 1.0, 1.0, 1.0, 1.0, 1.0, 1.0, 1.0, 1.0, 1.0, 1.0, 1.0, 1.0, 1.0, 1.0, 1.0, 1.0, 1.0, 1.0, 1.0, 1.0, 1.0, 1.0, 1.0, 1.0, 1.0, 1.0, 1.0, 1.0, 1.0, 1.0, 1.0, 1.0, 1.0, 1.0, 1.0, 1.0, 1.0, 1.0, 1.0, 1.0, 1.0, 1.0, 1.0, 1.0, 1.0, 1.0, 1.0, 1.0, 1.0, 1.0, 1.0, 1.0, 1.0, 1.0, 1.0, 1.0, 1.0, 1.0, 1.0, 1.0, 1.0, 1.0, 1.0, 1.0, 1.0, 1.0, 1.0, 1.0, 1.0, 1.0, 1.0, 1.0, 1.0, 1.0, 1.0, 1.0, 1.0, 1.0, 1.0, 1.0, 1.0, 1.0, 1.0, 1.0, 1.0, 1.0, 1.0, 1.0, 1.0, 1.0, 1.0, 1.0, 1.0, 1.0, 1.0, 1.0, 1.0, 1.0, 1.0, 1.0, 1.0, 1.0, 1.0, 1.0, 1.0, 1.0, 1.0, 1.0, 1.0, 1.0, 1.0, 1.0, 1.0, 1.0, 1.0, 1.0, 1.0, 1.0, 1.0, 1.0, 1.0, 1.0, 1.0, 1.0, 1.0, 1.0, 1.0, 1.0, 1.0, 1.0, 1.0, 1.0, 1.0, 1.0]
valid_accuracy_list: [0.168, 0.164, 0.194, 0.072, 0.122, 0.162, 0.256, 0.072, 0.316, 0.32, 0.23, 0.122, 0.122, 0.122, 0.122, 0.122, 0.122, 0.122, 0.122, 0.122, 0.13, 0.144, 0.114, 0.092, 0.094, 0.298, 0.382, 0.364, 0.346, 0.404, 0.53, 0.424, 0.396, 0.488, 0.612, 0.64, 0.7, 0.7, 0.682, 0.688, 0.706, 0.734, 0.752, 0.74, 0.742, 0.752, 0.752, 0.754, 0.752, 0.754, 0.748, 0.746, 0.744, 0.742, 0.74, 0.74, 0.738, 0.738, 0.738, 0.738, 0.742, 0.746, 0.748, 0.75, 0.752, 0.754, 0.754, 0.756, 0.756, 0.752, 0.75, 0.752, 0.752, 0.754, 0.754, 0.754, 0.754, 0.756, 0.756, 0.756, 0.758, 0.758, 0.758, 0.76, 0.76, 0.758, 0.758, 0.756, 0.756, 0.756, 0.754, 0.754, 0.754, 0.754, 0.752, 0.752, 0.752, 0.752, 0.752, 0.752, 0.752, 0.754, 0.754, 0.754, 0.756, 0.754, 0.754, 0.754, 0.754, 0.754, 0.754, 0.754, 0.754, 0.754, 0.754, 0.752, 0.752, 0.752, 0.752, 0.752, 0.752, 0.752, 0.752, 0.752, 0.752, 0.752, 0.752, 0.752, 0.752, 0.752, 0.752, 0.752, 0.752, 0.752, 0.752, 0.752, 0.752, 0.752, 0.752, 0.752, 0.752, 0.752, 0.752, 0.752, 0.752, 0.752, 0.752, 0.754, 0.754, 0.754, 0.754, 0.754, 0.752, 0.752, 0.752, 0.752, 0.752, 0.752, 0.752, 0.752, 0.752, 0.752, 0.752, 0.752, 0.752, 0.752, 0.752, 0.75, 0.75, 0.752, 0.752, 0.752, 0.752, 0.752, 0.752, 0.752, 0.752, 0.752, 0.752, 0.752, 0.752, 0.752, 0.752, 0.75, 0.75, 0.75, 0.75, 0.75, 0.75, 0.75, 0.75, 0.75, 0.75, 0.75, 0.75, 0.75, 0.75, 0.75, 0.75, 0.75, 0.75, 0.75, 0.75, 0.75, 0.75, 0.75, 0.75, 0.75, 0.75, 0.75, 0.75, 0.75, 0.75, 0.75, 0.75, 0.75, 0.75, 0.75, 0.75, 0.75, 0.75, 0.75, 0.75, 0.75, 0.75, 0.75, 0.75, 0.75, 0.75, 0.75, 0.75, 0.75, 0.75, 0.75, 0.75, 0.75, 0.75, 0.75, 0.75, 0.75, 0.75, 0.75, 0.75, 0.75, 0.75, 0.75, 0.75, 0.75, 0.75, 0.75, 0.75, 0.75, 0.75, 0.75, 0.75, 0.75, 0.75, 0.75, 0.75, 0.75, 0.75, 0.75, 0.75, 0.75, 0.75, 0.75, 0.75, 0.75, 0.75, 0.75, 0.75, 0.75, 0.75, 0.75, 0.75, 0.75, 0.75, 0.75, 0.75, 0.75, 0.75, 0.75, 0.75, 0.75, 0.75, 0.75, 0.75, 0.75, 0.75, 0.75, 0.75, 0.75, 0.75, 0.75, 0.75, 0.75, 0.75, 0.75, 0.75, 0.75, 0.75, 0.75, 0.75, 0.75, 0.75, 0.75, 0.75, 0.75, 0.75, 0.75, 0.75, 0.75, 0.75, 0.75, 0.75, 0.75, 0.75, 0.75, 0.75, 0.75, 0.75, 0.75, 0.75, 0.75, 0.75, 0.75, 0.75, 0.75, 0.75, 0.75, 0.75, 0.75, 0.75, 0.75, 0.75, 0.75, 0.748, 0.748, 0.748, 0.748, 0.748, 0.748, 0.748, 0.748, 0.748, 0.748, 0.748, 0.748, 0.748, 0.748, 0.748, 0.748, 0.748, 0.748, 0.748, 0.748, 0.748, 0.748, 0.748, 0.748, 0.748, 0.748, 0.748, 0.748, 0.748, 0.748, 0.748, 0.748, 0.748, 0.746, 0.746, 0.746, 0.746, 0.746, 0.746, 0.746, 0.746, 0.746, 0.746, 0.746, 0.746, 0.746, 0.746, 0.746, 0.746, 0.746, 0.746, 0.746, 0.746, 0.746, 0.746, 0.746, 0.746, 0.746, 0.746, 0.746, 0.746, 0.746, 0.746]
test_accuracy_list: [0.156, 0.15, 0.181, 0.094, 0.13, 0.149, 0.219, 0.096, 0.319, 0.324, 0.192, 0.13, 0.13, 0.13, 0.13, 0.13, 0.13, 0.13, 0.132, 0.139, 0.147, 0.153, 0.127, 0.11, 0.112, 0.314, 0.409, 0.354, 0.328, 0.39, 0.524, 0.428, 0.402, 0.515, 0.634, 0.66, 0.723, 0.692, 0.663, 0.711, 0.748, 0.753, 0.766, 0.746, 0.749, 0.769, 0.772, 0.766, 0.766, 0.776, 0.78, 0.768, 0.753, 0.746, 0.74, 0.738, 0.737, 0.738, 0.741, 0.74, 0.741, 0.742, 0.743, 0.745, 0.746, 0.749, 0.752, 0.755, 0.755, 0.756, 0.759, 0.76, 0.761, 0.761, 0.76, 0.76, 0.761, 0.761, 0.759, 0.758, 0.757, 0.758, 0.757, 0.758, 0.759, 0.759, 0.759, 0.759, 0.759, 0.758, 0.758, 0.758, 0.757, 0.756, 0.756, 0.756, 0.755, 0.756, 0.756, 0.756, 0.756, 0.756, 0.756, 0.756, 0.756, 0.756, 0.756, 0.756, 0.756, 0.755, 0.755, 0.754, 0.754, 0.752, 0.752, 0.752, 0.752, 0.752, 0.752, 0.752, 0.752, 0.753, 0.753, 0.752, 0.751, 0.751, 0.751, 0.751, 0.751, 0.751, 0.751, 0.751, 0.751, 0.751, 0.751, 0.751, 0.75, 0.75, 0.749, 0.749, 0.749, 0.749, 0.749, 0.749, 0.749, 0.749, 0.749, 0.749, 0.749, 0.749, 0.749, 0.749, 0.749, 0.749, 0.749, 0.749, 0.749, 0.749, 0.749, 0.749, 0.749, 0.748, 0.748, 0.748, 0.748, 0.748, 0.748, 0.747, 0.747, 0.748, 0.748, 0.748, 0.748, 0.748, 0.748, 0.748, 0.749, 0.749, 0.749, 0.749, 0.749, 0.749, 0.749, 0.749, 0.749, 0.749, 0.749, 0.749, 0.749, 0.749, 0.749, 0.749, 0.749, 0.748, 0.748, 0.748, 0.748, 0.748, 0.748, 0.748, 0.748, 0.747, 0.747, 0.747, 0.747, 0.747, 0.747, 0.747, 0.747, 0.747, 0.747, 0.747, 0.747, 0.747, 0.747, 0.747, 0.747, 0.747, 0.746, 0.746, 0.746, 0.746, 0.746, 0.746, 0.746, 0.746, 0.746, 0.746, 0.746, 0.746, 0.746, 0.746, 0.746, 0.746, 0.746, 0.746, 0.746, 0.746, 0.746, 0.746, 0.746, 0.746, 0.746, 0.746, 0.746, 0.746, 0.746, 0.746, 0.746, 0.746, 0.746, 0.745, 0.745, 0.745, 0.745, 0.745, 0.745, 0.744, 0.744, 0.744, 0.745, 0.745, 0.745, 0.745, 0.745, 0.745, 0.745, 0.745, 0.745, 0.745, 0.745, 0.745, 0.745, 0.745, 0.745, 0.745, 0.745, 0.745, 0.745, 0.745, 0.745, 0.745, 0.745, 0.745, 0.745, 0.745, 0.745, 0.745, 0.745, 0.745, 0.745, 0.745, 0.745, 0.745, 0.745, 0.745, 0.745, 0.745, 0.745, 0.745, 0.745, 0.744, 0.744, 0.744, 0.744, 0.744, 0.744, 0.744, 0.744, 0.744, 0.744, 0.744, 0.744, 0.744, 0.744, 0.744, 0.743, 0.743, 0.743, 0.743, 0.743, 0.743, 0.743, 0.743, 0.743, 0.743, 0.743, 0.743, 0.743, 0.743, 0.743, 0.743, 0.743, 0.743, 0.743, 0.743, 0.743, 0.743, 0.743, 0.743, 0.743, 0.743, 0.743, 0.743, 0.743, 0.743, 0.743, 0.743, 0.743, 0.743, 0.743, 0.743, 0.743, 0.743, 0.743, 0.743, 0.743, 0.743, 0.743, 0.743, 0.743, 0.743, 0.743, 0.743, 0.743, 0.743, 0.743, 0.743, 0.743, 0.743, 0.743, 0.743, 0.743, 0.743, 0.743, 0.743, 0.743, 0.742, 0.742, 0.742, 0.742, 0.742, 0.742, 0.742, 0.742, 0.742, 0.742, 0.742, 0.741, 0.741, 0.741, 0.741, 0.741, 0.741, 0.741, 0.741, 0.741, 0.741, 0.741]
best validation: 0.76
best test: 0.78
num distinct structures: 2365
Experiment run 1
dataset: Cora
num_mp_layers: 3
num_fl_layers: 2
mp_hidden_dim: 3000
fl_hidden_dim: 512
epsilon: 1.118033988749895
optimizer_lr: 0.01
loss_func: CrossEntropyLoss
total_epoch: 400
Epoch: 50, Loss: 0.6012, Train: 90.00%, Valid: 48.60%, Test: 50.60%, Best Valid: 49.00%, Best Test: 50.60%
Epoch: 100, Loss: 0.0003, Train: 100.00%, Valid: 68.80%, Test: 69.70%, Best Valid: 69.00%, Best Test: 70.70%
Epoch: 150, Loss: 0.0001, Train: 100.00%, Valid: 68.00%, Test: 69.30%, Best Valid: 69.20%, Best Test: 70.70%
Epoch: 200, Loss: 0.0001, Train: 100.00%, Valid: 68.40%, Test: 69.40%, Best Valid: 69.20%, Best Test: 70.70%
Epoch: 250, Loss: 0.0000, Train: 100.00%, Valid: 68.40%, Test: 69.60%, Best Valid: 69.20%, Best Test: 70.70%
Epoch: 300, Loss: 0.0000, Train: 100.00%, Valid: 68.40%, Test: 69.70%, Best Valid: 69.20%, Best Test: 70.70%
Epoch: 350, Loss: 0.0000, Train: 100.00%, Valid: 67.80%, Test: 69.70%, Best Valid: 69.20%, Best Test: 70.70%
train_accuracy_list: [0.14285714285714285, 0.14285714285714285, 0.14285714285714285, 0.14285714285714285, 0.14285714285714285, 0.14285714285714285, 0.14285714285714285, 0.16428571428571428, 0.14285714285714285, 0.14285714285714285, 0.14285714285714285, 0.14285714285714285, 0.14285714285714285, 0.14285714285714285, 0.15, 0.14285714285714285, 0.15, 0.15, 0.14285714285714285, 0.15, 0.15, 0.15, 0.16428571428571428, 0.15, 0.21428571428571427, 0.17857142857142858, 0.17857142857142858, 0.22857142857142856, 0.2857142857142857, 0.2785714285714286, 0.35, 0.3, 0.29285714285714287, 0.29285714285714287, 0.30714285714285716, 0.32857142857142857, 0.32857142857142857, 0.3357142857142857, 0.37857142857142856, 0.45714285714285713, 0.5857142857142857, 0.7428571428571429, 0.7285714285714285, 0.7428571428571429, 0.8071428571428572, 0.7142857142857143, 0.8071428571428572, 0.8142857142857143, 0.8428571428571429, 0.9, 0.9214285714285714, 0.95, 0.9357142857142857, 0.65, 0.7642857142857142, 0.9142857142857143, 0.8357142857142857, 0.9428571428571428, 0.9357142857142857, 0.9214285714285714, 0.9857142857142858, 0.9928571428571429, 0.9928571428571429, 0.9928571428571429, 1.0, 0.9928571428571429, 0.9857142857142858, 1.0, 1.0, 1.0, 0.9928571428571429, 0.9928571428571429, 1.0, 1.0, 1.0, 1.0, 1.0, 1.0, 1.0, 1.0, 1.0, 1.0, 1.0, 1.0, 1.0, 1.0, 1.0, 1.0, 1.0, 1.0, 1.0, 1.0, 1.0, 1.0, 1.0, 1.0, 1.0, 1.0, 1.0, 1.0, 1.0, 1.0, 1.0, 1.0, 1.0, 1.0, 1.0, 1.0, 1.0, 1.0, 1.0, 1.0, 1.0, 1.0, 1.0, 1.0, 1.0, 1.0, 1.0, 1.0, 1.0, 1.0, 1.0, 1.0, 1.0, 1.0, 1.0, 1.0, 1.0, 1.0, 1.0, 1.0, 1.0, 1.0, 1.0, 1.0, 1.0, 1.0, 1.0, 1.0, 1.0, 1.0, 1.0, 1.0, 1.0, 1.0, 1.0, 1.0, 1.0, 1.0, 1.0, 1.0, 1.0, 1.0, 1.0, 1.0, 1.0, 1.0, 1.0, 1.0, 1.0, 1.0, 1.0, 1.0, 1.0, 1.0, 1.0, 1.0, 1.0, 1.0, 1.0, 1.0, 1.0, 1.0, 1.0, 1.0, 1.0, 1.0, 1.0, 1.0, 1.0, 1.0, 1.0, 1.0, 1.0, 1.0, 1.0, 1.0, 1.0, 1.0, 1.0, 1.0, 1.0, 1.0, 1.0, 1.0, 1.0, 1.0, 1.0, 1.0, 1.0, 1.0, 1.0, 1.0, 1.0, 1.0, 1.0, 1.0, 1.0, 1.0, 1.0, 1.0, 1.0, 1.0, 1.0, 1.0, 1.0, 1.0, 1.0, 1.0, 1.0, 1.0, 1.0, 1.0, 1.0, 1.0, 1.0, 1.0, 1.0, 1.0, 1.0, 1.0, 1.0, 1.0, 1.0, 1.0, 1.0, 1.0, 1.0, 1.0, 1.0, 1.0, 1.0, 1.0, 1.0, 1.0, 1.0, 1.0, 1.0, 1.0, 1.0, 1.0, 1.0, 1.0, 1.0, 1.0, 1.0, 1.0, 1.0, 1.0, 1.0, 1.0, 1.0, 1.0, 1.0, 1.0, 1.0, 1.0, 1.0, 1.0, 1.0, 1.0, 1.0, 1.0, 1.0, 1.0, 1.0, 1.0, 1.0, 1.0, 1.0, 1.0, 1.0, 1.0, 1.0, 1.0, 1.0, 1.0, 1.0, 1.0, 1.0, 1.0, 1.0, 1.0, 1.0, 1.0, 1.0, 1.0, 1.0, 1.0, 1.0, 1.0, 1.0, 1.0, 1.0, 1.0, 1.0, 1.0, 1.0, 1.0, 1.0, 1.0, 1.0, 1.0, 1.0, 1.0, 1.0, 1.0, 1.0, 1.0, 1.0, 1.0, 1.0, 1.0, 1.0, 1.0, 1.0, 1.0, 1.0, 1.0, 1.0, 1.0, 1.0, 1.0, 1.0, 1.0, 1.0, 1.0, 1.0, 1.0, 1.0, 1.0, 1.0, 1.0, 1.0, 1.0, 1.0, 1.0, 1.0, 1.0, 1.0, 1.0, 1.0, 1.0, 1.0, 1.0, 1.0, 1.0, 1.0, 1.0, 1.0, 1.0, 1.0, 1.0, 1.0, 1.0, 1.0, 1.0, 1.0, 1.0, 1.0, 1.0, 1.0, 1.0, 1.0, 1.0, 1.0, 1.0, 1.0, 1.0, 1.0, 1.0, 1.0, 1.0, 1.0, 1.0, 1.0, 1.0, 1.0, 1.0, 1.0, 1.0, 1.0, 1.0, 1.0, 1.0, 1.0, 1.0, 1.0]
valid_accuracy_list: [0.122, 0.122, 0.072, 0.316, 0.058, 0.122, 0.122, 0.122, 0.114, 0.114, 0.114, 0.114, 0.114, 0.122, 0.156, 0.156, 0.156, 0.304, 0.224, 0.058, 0.058, 0.058, 0.062, 0.076, 0.246, 0.31, 0.314, 0.312, 0.158, 0.16, 0.234, 0.258, 0.246, 0.27, 0.292, 0.312, 0.3, 0.322, 0.366, 0.372, 0.418, 0.404, 0.388, 0.414, 0.408, 0.368, 0.388, 0.436, 0.49, 0.486, 0.506, 0.524, 0.58, 0.384, 0.532, 0.552, 0.45, 0.548, 0.632, 0.68, 0.662, 0.59, 0.526, 0.576, 0.594, 0.644, 0.67, 0.67, 0.68, 0.674, 0.66, 0.66, 0.652, 0.654, 0.658, 0.672, 0.684, 0.69, 0.69, 0.68, 0.68, 0.678, 0.68, 0.674, 0.676, 0.676, 0.68, 0.682, 0.682, 0.684, 0.682, 0.68, 0.684, 0.684, 0.684, 0.686, 0.688, 0.686, 0.684, 0.688, 0.692, 0.692, 0.688, 0.688, 0.686, 0.686, 0.684, 0.684, 0.684, 0.684, 0.684, 0.682, 0.682, 0.678, 0.676, 0.676, 0.672, 0.67, 0.67, 0.67, 0.672, 0.672, 0.672, 0.672, 0.672, 0.672, 0.672, 0.672, 0.672, 0.672, 0.672, 0.672, 0.672, 0.672, 0.672, 0.672, 0.672, 0.672, 0.672, 0.674, 0.676, 0.676, 0.676, 0.676, 0.676, 0.676, 0.678, 0.678, 0.678, 0.68, 0.68, 0.68, 0.68, 0.68, 0.68, 0.682, 0.682, 0.682, 0.682, 0.682, 0.684, 0.684, 0.684, 0.686, 0.686, 0.686, 0.686, 0.686, 0.686, 0.686, 0.686, 0.686, 0.686, 0.686, 0.686, 0.686, 0.686, 0.686, 0.686, 0.686, 0.686, 0.686, 0.684, 0.684, 0.684, 0.684, 0.684, 0.684, 0.684, 0.684, 0.684, 0.684, 0.684, 0.684, 0.684, 0.684, 0.684, 0.684, 0.684, 0.684, 0.684, 0.684, 0.684, 0.684, 0.684, 0.684, 0.684, 0.684, 0.684, 0.684, 0.684, 0.684, 0.684, 0.684, 0.684, 0.684, 0.684, 0.684, 0.684, 0.684, 0.684, 0.684, 0.684, 0.684, 0.684, 0.684, 0.684, 0.684, 0.684, 0.684, 0.684, 0.684, 0.684, 0.684, 0.684, 0.684, 0.684, 0.684, 0.684, 0.684, 0.684, 0.684, 0.684, 0.684, 0.684, 0.684, 0.684, 0.684, 0.684, 0.684, 0.684, 0.684, 0.684, 0.684, 0.684, 0.684, 0.684, 0.684, 0.684, 0.684, 0.684, 0.684, 0.684, 0.684, 0.684, 0.684, 0.684, 0.684, 0.684, 0.684, 0.684, 0.684, 0.684, 0.684, 0.684, 0.684, 0.684, 0.684, 0.684, 0.684, 0.684, 0.684, 0.684, 0.684, 0.684, 0.684, 0.684, 0.684, 0.684, 0.684, 0.684, 0.684, 0.684, 0.684, 0.684, 0.684, 0.684, 0.684, 0.684, 0.684, 0.684, 0.684, 0.684, 0.684, 0.682, 0.682, 0.682, 0.682, 0.682, 0.682, 0.682, 0.682, 0.682, 0.682, 0.682, 0.682, 0.682, 0.682, 0.682, 0.682, 0.68, 0.68, 0.68, 0.68, 0.68, 0.68, 0.68, 0.68, 0.68, 0.68, 0.678, 0.678, 0.678, 0.678, 0.678, 0.678, 0.678, 0.678, 0.678, 0.678, 0.678, 0.678, 0.678, 0.678, 0.678, 0.678, 0.678, 0.678, 0.678, 0.678, 0.678, 0.678, 0.678, 0.678, 0.678, 0.678, 0.678, 0.678, 0.678, 0.678, 0.678, 0.678, 0.678, 0.678, 0.676, 0.676, 0.676, 0.676, 0.676, 0.676, 0.676, 0.676, 0.676, 0.676, 0.676, 0.676, 0.676, 0.676, 0.674, 0.674, 0.674, 0.674, 0.674, 0.674, 0.674, 0.674, 0.674, 0.674, 0.674, 0.674, 0.674, 0.674, 0.674, 0.674, 0.674, 0.674, 0.674, 0.674, 0.674]
test_accuracy_list: [0.13, 0.13, 0.091, 0.319, 0.064, 0.13, 0.13, 0.106, 0.103, 0.103, 0.103, 0.103, 0.103, 0.13, 0.144, 0.144, 0.146, 0.319, 0.253, 0.066, 0.066, 0.066, 0.065, 0.075, 0.26, 0.303, 0.316, 0.314, 0.203, 0.196, 0.266, 0.235, 0.223, 0.264, 0.278, 0.301, 0.319, 0.381, 0.42, 0.419, 0.421, 0.405, 0.377, 0.386, 0.425, 0.426, 0.422, 0.449, 0.49, 0.506, 0.524, 0.554, 0.594, 0.398, 0.558, 0.563, 0.491, 0.57, 0.641, 0.678, 0.684, 0.624, 0.571, 0.598, 0.64, 0.665, 0.683, 0.697, 0.699, 0.687, 0.68, 0.673, 0.665, 0.669, 0.683, 0.69, 0.698, 0.698, 0.698, 0.707, 0.703, 0.705, 0.7, 0.694, 0.696, 0.695, 0.695, 0.695, 0.695, 0.696, 0.697, 0.698, 0.698, 0.698, 0.696, 0.694, 0.694, 0.696, 0.696, 0.697, 0.7, 0.703, 0.702, 0.702, 0.703, 0.701, 0.699, 0.698, 0.695, 0.694, 0.694, 0.693, 0.694, 0.694, 0.694, 0.693, 0.693, 0.694, 0.693, 0.693, 0.693, 0.693, 0.693, 0.692, 0.692, 0.692, 0.693, 0.693, 0.693, 0.693, 0.693, 0.693, 0.693, 0.694, 0.694, 0.694, 0.693, 0.693, 0.694, 0.694, 0.694, 0.694, 0.694, 0.694, 0.693, 0.693, 0.693, 0.693, 0.693, 0.693, 0.693, 0.693, 0.693, 0.693, 0.693, 0.693, 0.693, 0.693, 0.693, 0.694, 0.694, 0.694, 0.694, 0.694, 0.694, 0.694, 0.694, 0.694, 0.694, 0.694, 0.694, 0.694, 0.694, 0.694, 0.694, 0.694, 0.694, 0.694, 0.694, 0.694, 0.694, 0.694, 0.694, 0.694, 0.694, 0.694, 0.693, 0.694, 0.694, 0.694, 0.694, 0.694, 0.694, 0.694, 0.694, 0.694, 0.694, 0.694, 0.694, 0.694, 0.694, 0.694, 0.694, 0.695, 0.695, 0.695, 0.695, 0.695, 0.695, 0.695, 0.695, 0.695, 0.695, 0.695, 0.695, 0.695, 0.695, 0.695, 0.695, 0.695, 0.695, 0.695, 0.695, 0.695, 0.695, 0.695, 0.695, 0.695, 0.695, 0.695, 0.695, 0.695, 0.695, 0.695, 0.695, 0.695, 0.695, 0.695, 0.695, 0.695, 0.695, 0.695, 0.695, 0.695, 0.695, 0.695, 0.695, 0.695, 0.695, 0.696, 0.696, 0.696, 0.696, 0.696, 0.696, 0.696, 0.697, 0.697, 0.697, 0.697, 0.697, 0.697, 0.697, 0.697, 0.697, 0.697, 0.697, 0.697, 0.697, 0.697, 0.697, 0.697, 0.697, 0.697, 0.697, 0.697, 0.697, 0.697, 0.697, 0.697, 0.697, 0.697, 0.697, 0.697, 0.697, 0.697, 0.697, 0.697, 0.697, 0.697, 0.697, 0.697, 0.697, 0.697, 0.697, 0.697, 0.697, 0.697, 0.697, 0.697, 0.697, 0.697, 0.697, 0.697, 0.697, 0.697, 0.697, 0.697, 0.697, 0.697, 0.697, 0.697, 0.697, 0.697, 0.697, 0.697, 0.697, 0.697, 0.697, 0.697, 0.697, 0.697, 0.697, 0.697, 0.697, 0.697, 0.696, 0.696, 0.696, 0.696, 0.696, 0.696, 0.696, 0.696, 0.696, 0.696, 0.696, 0.696, 0.696, 0.696, 0.696, 0.696, 0.696, 0.697, 0.697, 0.697, 0.697, 0.697, 0.697, 0.697, 0.697, 0.697, 0.697, 0.697, 0.697, 0.697, 0.697, 0.697, 0.697, 0.697, 0.697, 0.697, 0.697, 0.697, 0.697, 0.697, 0.697, 0.697, 0.697, 0.697, 0.697, 0.697, 0.697, 0.697, 0.697, 0.697, 0.697, 0.697, 0.697, 0.697, 0.697, 0.697, 0.697, 0.697, 0.697, 0.697, 0.697, 0.696, 0.696, 0.696, 0.696, 0.696, 0.696, 0.696, 0.696, 0.696, 0.696, 0.696, 0.696]
best validation: 0.692
best test: 0.707
num distinct structures: 2365
Experiment run 2
dataset: Cora
num_mp_layers: 3
num_fl_layers: 3
mp_hidden_dim: 3000
fl_hidden_dim: 512
epsilon: 1.118033988749895
optimizer_lr: 0.01
loss_func: CrossEntropyLoss
total_epoch: 400
Epoch: 50, Loss: 0.9558, Train: 64.29%, Valid: 35.60%, Test: 36.90%, Best Valid: 40.00%, Best Test: 42.90%
Epoch: 100, Loss: 0.0000, Train: 100.00%, Valid: 62.60%, Test: 63.40%, Best Valid: 68.40%, Best Test: 66.50%
Epoch: 150, Loss: 0.0000, Train: 100.00%, Valid: 65.00%, Test: 63.90%, Best Valid: 68.40%, Best Test: 66.50%
Epoch: 200, Loss: 0.0000, Train: 100.00%, Valid: 65.60%, Test: 63.60%, Best Valid: 68.40%, Best Test: 66.50%
Epoch: 250, Loss: 0.0000, Train: 100.00%, Valid: 65.40%, Test: 63.70%, Best Valid: 68.40%, Best Test: 66.50%
Epoch: 300, Loss: 0.0000, Train: 100.00%, Valid: 65.40%, Test: 63.70%, Best Valid: 68.40%, Best Test: 66.50%
Epoch: 350, Loss: 0.0000, Train: 100.00%, Valid: 65.40%, Test: 63.70%, Best Valid: 68.40%, Best Test: 66.50%
train_accuracy_list: [0.14285714285714285, 0.14285714285714285, 0.14285714285714285, 0.15, 0.14285714285714285, 0.14285714285714285, 0.14285714285714285, 0.14285714285714285, 0.14285714285714285, 0.14285714285714285, 0.14285714285714285, 0.14285714285714285, 0.19285714285714287, 0.15714285714285714, 0.14285714285714285, 0.14285714285714285, 0.14285714285714285, 0.14285714285714285, 0.14285714285714285, 0.14285714285714285, 0.17142857142857143, 0.16428571428571428, 0.17142857142857143, 0.18571428571428572, 0.17142857142857143, 0.2, 0.35, 0.32142857142857145, 0.32142857142857145, 0.3357142857142857, 0.36428571428571427, 0.2857142857142857, 0.3, 0.37857142857142856, 0.40714285714285714, 0.29285714285714287, 0.4857142857142857, 0.36428571428571427, 0.6428571428571429, 0.6285714285714286, 0.29285714285714287, 0.6428571428571429, 0.3357142857142857, 0.5785714285714286, 0.4928571428571429, 0.6714285714285714, 0.6428571428571429, 0.6357142857142857, 0.5714285714285714, 0.6428571428571429, 0.7857142857142857, 0.6928571428571428, 0.6785714285714286, 0.7214285714285714, 0.8785714285714286, 0.95, 0.8357142857142857, 0.9071428571428571, 0.9428571428571428, 0.9142857142857143, 0.9071428571428571, 0.9571428571428572, 0.9928571428571429, 0.9928571428571429, 0.9928571428571429, 0.9928571428571429, 1.0, 1.0, 1.0, 1.0, 1.0, 1.0, 1.0, 1.0, 1.0, 1.0, 1.0, 1.0, 1.0, 1.0, 1.0, 1.0, 1.0, 1.0, 1.0, 1.0, 1.0, 1.0, 1.0, 1.0, 1.0, 1.0, 1.0, 1.0, 1.0, 1.0, 1.0, 1.0, 1.0, 1.0, 1.0, 1.0, 1.0, 1.0, 1.0, 1.0, 1.0, 1.0, 1.0, 1.0, 1.0, 1.0, 1.0, 1.0, 1.0, 1.0, 1.0, 1.0, 1.0, 1.0, 1.0, 1.0, 1.0, 1.0, 1.0, 1.0, 1.0, 1.0, 1.0, 1.0, 1.0, 1.0, 1.0, 1.0, 1.0, 1.0, 1.0, 1.0, 1.0, 1.0, 1.0, 1.0, 1.0, 1.0, 1.0, 1.0, 1.0, 1.0, 1.0, 1.0, 1.0, 1.0, 1.0, 1.0, 1.0, 1.0, 1.0, 1.0, 1.0, 1.0, 1.0, 1.0, 1.0, 1.0, 1.0, 1.0, 1.0, 1.0, 1.0, 1.0, 1.0, 1.0, 1.0, 1.0, 1.0, 1.0, 1.0, 1.0, 1.0, 1.0, 1.0, 1.0, 1.0, 1.0, 1.0, 1.0, 1.0, 1.0, 1.0, 1.0, 1.0, 1.0, 1.0, 1.0, 1.0, 1.0, 1.0, 1.0, 1.0, 1.0, 1.0, 1.0, 1.0, 1.0, 1.0, 1.0, 1.0, 1.0, 1.0, 1.0, 1.0, 1.0, 1.0, 1.0, 1.0, 1.0, 1.0, 1.0, 1.0, 1.0, 1.0, 1.0, 1.0, 1.0, 1.0, 1.0, 1.0, 1.0, 1.0, 1.0, 1.0, 1.0, 1.0, 1.0, 1.0, 1.0, 1.0, 1.0, 1.0, 1.0, 1.0, 1.0, 1.0, 1.0, 1.0, 1.0, 1.0, 1.0, 1.0, 1.0, 1.0, 1.0, 1.0, 1.0, 1.0, 1.0, 1.0, 1.0, 1.0, 1.0, 1.0, 1.0, 1.0, 1.0, 1.0, 1.0, 1.0, 1.0, 1.0, 1.0, 1.0, 1.0, 1.0, 1.0, 1.0, 1.0, 1.0, 1.0, 1.0, 1.0, 1.0, 1.0, 1.0, 1.0, 1.0, 1.0, 1.0, 1.0, 1.0, 1.0, 1.0, 1.0, 1.0, 1.0, 1.0, 1.0, 1.0, 1.0, 1.0, 1.0, 1.0, 1.0, 1.0, 1.0, 1.0, 1.0, 1.0, 1.0, 1.0, 1.0, 1.0, 1.0, 1.0, 1.0, 1.0, 1.0, 1.0, 1.0, 1.0, 1.0, 1.0, 1.0, 1.0, 1.0, 1.0, 1.0, 1.0, 1.0, 1.0, 1.0, 1.0, 1.0, 1.0, 1.0, 1.0, 1.0, 1.0, 1.0, 1.0, 1.0, 1.0, 1.0, 1.0, 1.0, 1.0, 1.0, 1.0, 1.0, 1.0, 1.0, 1.0, 1.0, 1.0, 1.0, 1.0, 1.0, 1.0, 1.0, 1.0, 1.0, 1.0, 1.0, 1.0, 1.0, 1.0, 1.0, 1.0, 1.0, 1.0, 1.0, 1.0, 1.0, 1.0, 1.0, 1.0, 1.0, 1.0, 1.0, 1.0, 1.0, 1.0, 1.0, 1.0, 1.0, 1.0, 1.0, 1.0, 1.0, 1.0, 1.0, 1.0, 1.0, 1.0, 1.0, 1.0, 1.0, 1.0, 1.0, 1.0]
valid_accuracy_list: [0.316, 0.316, 0.122, 0.116, 0.162, 0.162, 0.162, 0.156, 0.156, 0.156, 0.058, 0.058, 0.306, 0.312, 0.072, 0.07, 0.116, 0.114, 0.114, 0.114, 0.124, 0.316, 0.316, 0.324, 0.314, 0.304, 0.262, 0.256, 0.246, 0.288, 0.272, 0.264, 0.264, 0.26, 0.278, 0.278, 0.346, 0.282, 0.366, 0.366, 0.2, 0.4, 0.28, 0.328, 0.204, 0.314, 0.366, 0.358, 0.37, 0.356, 0.352, 0.292, 0.276, 0.334, 0.464, 0.526, 0.528, 0.55, 0.57, 0.558, 0.54, 0.546, 0.592, 0.644, 0.684, 0.676, 0.646, 0.63, 0.628, 0.626, 0.61, 0.614, 0.634, 0.644, 0.648, 0.65, 0.648, 0.638, 0.634, 0.628, 0.63, 0.634, 0.64, 0.64, 0.64, 0.638, 0.636, 0.638, 0.636, 0.634, 0.634, 0.634, 0.634, 0.634, 0.634, 0.632, 0.63, 0.628, 0.626, 0.626, 0.63, 0.63, 0.632, 0.63, 0.632, 0.636, 0.638, 0.64, 0.638, 0.636, 0.636, 0.636, 0.64, 0.642, 0.642, 0.642, 0.644, 0.644, 0.644, 0.644, 0.644, 0.646, 0.646, 0.646, 0.646, 0.646, 0.648, 0.648, 0.648, 0.648, 0.648, 0.65, 0.648, 0.648, 0.648, 0.65, 0.65, 0.65, 0.65, 0.65, 0.65, 0.65, 0.65, 0.65, 0.648, 0.648, 0.65, 0.65, 0.65, 0.65, 0.652, 0.652, 0.652, 0.652, 0.652, 0.652, 0.652, 0.652, 0.652, 0.652, 0.652, 0.652, 0.652, 0.652, 0.652, 0.652, 0.652, 0.652, 0.652, 0.652, 0.652, 0.652, 0.652, 0.652, 0.652, 0.652, 0.652, 0.652, 0.652, 0.652, 0.652, 0.652, 0.652, 0.652, 0.652, 0.652, 0.652, 0.652, 0.652, 0.652, 0.652, 0.652, 0.652, 0.654, 0.656, 0.656, 0.656, 0.656, 0.656, 0.656, 0.656, 0.656, 0.656, 0.656, 0.656, 0.656, 0.656, 0.656, 0.656, 0.656, 0.656, 0.656, 0.656, 0.656, 0.656, 0.656, 0.654, 0.656, 0.656, 0.656, 0.656, 0.656, 0.656, 0.654, 0.654, 0.654, 0.654, 0.654, 0.654, 0.654, 0.654, 0.654, 0.654, 0.654, 0.654, 0.654, 0.654, 0.654, 0.654, 0.654, 0.654, 0.654, 0.654, 0.654, 0.654, 0.654, 0.654, 0.654, 0.654, 0.654, 0.654, 0.654, 0.654, 0.654, 0.654, 0.654, 0.654, 0.654, 0.654, 0.654, 0.654, 0.654, 0.654, 0.654, 0.654, 0.654, 0.654, 0.654, 0.654, 0.654, 0.654, 0.654, 0.654, 0.654, 0.654, 0.654, 0.654, 0.654, 0.654, 0.654, 0.654, 0.654, 0.654, 0.654, 0.654, 0.654, 0.654, 0.654, 0.654, 0.654, 0.654, 0.654, 0.654, 0.654, 0.654, 0.654, 0.654, 0.654, 0.654, 0.654, 0.654, 0.654, 0.654, 0.654, 0.654, 0.654, 0.654, 0.654, 0.654, 0.654, 0.654, 0.654, 0.654, 0.654, 0.654, 0.654, 0.654, 0.654, 0.654, 0.654, 0.654, 0.654, 0.654, 0.654, 0.654, 0.654, 0.654, 0.654, 0.654, 0.654, 0.654, 0.654, 0.654, 0.654, 0.654, 0.654, 0.654, 0.654, 0.654, 0.654, 0.654, 0.654, 0.654, 0.654, 0.654, 0.654, 0.654, 0.654, 0.654, 0.654, 0.654, 0.654, 0.654, 0.654, 0.654, 0.654, 0.654, 0.654, 0.654, 0.654, 0.654, 0.654, 0.654, 0.654, 0.654, 0.654, 0.654, 0.654, 0.654, 0.654, 0.654, 0.654, 0.654, 0.654, 0.654, 0.654, 0.654, 0.654, 0.654, 0.654, 0.656, 0.656, 0.658, 0.656, 0.654, 0.654, 0.654, 0.654, 0.654, 0.654, 0.654, 0.656, 0.656, 0.656, 0.654, 0.654, 0.656, 0.656, 0.654]
test_accuracy_list: [0.319, 0.319, 0.13, 0.104, 0.149, 0.149, 0.149, 0.144, 0.144, 0.144, 0.064, 0.064, 0.32, 0.321, 0.091, 0.091, 0.104, 0.103, 0.103, 0.103, 0.108, 0.325, 0.324, 0.328, 0.322, 0.322, 0.24, 0.241, 0.232, 0.262, 0.254, 0.244, 0.238, 0.275, 0.27, 0.245, 0.309, 0.251, 0.388, 0.4, 0.202, 0.429, 0.256, 0.313, 0.192, 0.38, 0.391, 0.382, 0.368, 0.369, 0.361, 0.291, 0.274, 0.328, 0.46, 0.543, 0.524, 0.567, 0.583, 0.563, 0.543, 0.534, 0.574, 0.639, 0.665, 0.657, 0.635, 0.617, 0.601, 0.588, 0.579, 0.586, 0.611, 0.628, 0.638, 0.638, 0.64, 0.638, 0.636, 0.632, 0.637, 0.634, 0.637, 0.641, 0.642, 0.642, 0.643, 0.642, 0.642, 0.641, 0.644, 0.642, 0.64, 0.639, 0.636, 0.635, 0.633, 0.633, 0.634, 0.634, 0.632, 0.634, 0.634, 0.633, 0.635, 0.633, 0.635, 0.634, 0.634, 0.634, 0.635, 0.635, 0.634, 0.638, 0.636, 0.636, 0.635, 0.636, 0.636, 0.636, 0.637, 0.638, 0.637, 0.637, 0.638, 0.637, 0.637, 0.638, 0.637, 0.637, 0.637, 0.636, 0.636, 0.636, 0.635, 0.635, 0.634, 0.637, 0.637, 0.637, 0.638, 0.638, 0.638, 0.638, 0.638, 0.638, 0.639, 0.639, 0.639, 0.639, 0.639, 0.639, 0.639, 0.639, 0.639, 0.639, 0.639, 0.639, 0.639, 0.639, 0.639, 0.639, 0.639, 0.639, 0.639, 0.639, 0.639, 0.639, 0.639, 0.639, 0.64, 0.64, 0.639, 0.639, 0.639, 0.639, 0.638, 0.638, 0.638, 0.638, 0.638, 0.637, 0.637, 0.637, 0.637, 0.637, 0.637, 0.637, 0.637, 0.637, 0.637, 0.637, 0.637, 0.637, 0.637, 0.637, 0.637, 0.637, 0.637, 0.636, 0.636, 0.636, 0.636, 0.636, 0.636, 0.636, 0.636, 0.636, 0.636, 0.636, 0.636, 0.636, 0.636, 0.636, 0.636, 0.636, 0.635, 0.636, 0.636, 0.636, 0.636, 0.636, 0.636, 0.635, 0.635, 0.635, 0.635, 0.635, 0.635, 0.635, 0.636, 0.636, 0.637, 0.637, 0.637, 0.637, 0.637, 0.637, 0.637, 0.637, 0.637, 0.637, 0.637, 0.637, 0.637, 0.637, 0.637, 0.637, 0.637, 0.637, 0.637, 0.637, 0.637, 0.637, 0.637, 0.637, 0.637, 0.637, 0.637, 0.637, 0.637, 0.637, 0.637, 0.637, 0.637, 0.637, 0.637, 0.637, 0.637, 0.637, 0.637, 0.637, 0.637, 0.637, 0.637, 0.637, 0.637, 0.637, 0.637, 0.637, 0.637, 0.637, 0.637, 0.637, 0.637, 0.637, 0.637, 0.637, 0.637, 0.637, 0.637, 0.637, 0.637, 0.637, 0.637, 0.637, 0.637, 0.637, 0.637, 0.637, 0.637, 0.637, 0.637, 0.637, 0.637, 0.637, 0.637, 0.637, 0.637, 0.637, 0.637, 0.637, 0.637, 0.637, 0.636, 0.636, 0.636, 0.636, 0.636, 0.636, 0.636, 0.637, 0.637, 0.637, 0.637, 0.637, 0.637, 0.637, 0.637, 0.637, 0.637, 0.637, 0.637, 0.637, 0.637, 0.637, 0.637, 0.637, 0.637, 0.637, 0.637, 0.637, 0.637, 0.637, 0.637, 0.637, 0.637, 0.637, 0.637, 0.637, 0.637, 0.637, 0.637, 0.637, 0.637, 0.637, 0.637, 0.637, 0.637, 0.637, 0.637, 0.637, 0.637, 0.637, 0.637, 0.637, 0.637, 0.636, 0.636, 0.635, 0.635, 0.635, 0.635, 0.635, 0.635, 0.635, 0.635, 0.635, 0.635, 0.635, 0.635, 0.635, 0.635, 0.635, 0.635, 0.635, 0.635, 0.635, 0.635, 0.635, 0.635, 0.635, 0.635, 0.635, 0.635, 0.635, 0.635, 0.635, 0.635]
best validation: 0.684
best test: 0.665
num distinct structures: 2365
Experiment run 3
dataset: Cora
num_mp_layers: 3
num_fl_layers: 4
mp_hidden_dim: 3000
fl_hidden_dim: 512
epsilon: 1.118033988749895
optimizer_lr: 0.01
loss_func: CrossEntropyLoss
total_epoch: 400
Epoch: 50, Loss: 0.4355, Train: 90.71%, Valid: 57.60%, Test: 59.50%, Best Valid: 57.60%, Best Test: 59.50%
Epoch: 100, Loss: 0.0000, Train: 100.00%, Valid: 62.40%, Test: 62.90%, Best Valid: 63.80%, Best Test: 65.10%
Epoch: 150, Loss: 0.0000, Train: 100.00%, Valid: 62.60%, Test: 62.60%, Best Valid: 63.80%, Best Test: 65.10%
Epoch: 200, Loss: 0.0000, Train: 100.00%, Valid: 62.60%, Test: 62.60%, Best Valid: 63.80%, Best Test: 65.10%
Epoch: 250, Loss: 0.0000, Train: 100.00%, Valid: 62.40%, Test: 62.20%, Best Valid: 63.80%, Best Test: 65.10%
Epoch: 300, Loss: 0.0000, Train: 100.00%, Valid: 62.40%, Test: 62.10%, Best Valid: 63.80%, Best Test: 65.10%
Epoch: 350, Loss: 0.0000, Train: 100.00%, Valid: 62.60%, Test: 62.10%, Best Valid: 63.80%, Best Test: 65.10%
train_accuracy_list: [0.14285714285714285, 0.14285714285714285, 0.14285714285714285, 0.14285714285714285, 0.14285714285714285, 0.14285714285714285, 0.14285714285714285, 0.14285714285714285, 0.14285714285714285, 0.15, 0.14285714285714285, 0.15, 0.14285714285714285, 0.14285714285714285, 0.14285714285714285, 0.14285714285714285, 0.14285714285714285, 0.14285714285714285, 0.14285714285714285, 0.14285714285714285, 0.14285714285714285, 0.15714285714285714, 0.19285714285714287, 0.14285714285714285, 0.14285714285714285, 0.14285714285714285, 0.15, 0.15714285714285714, 0.17142857142857143, 0.18571428571428572, 0.3142857142857143, 0.2571428571428571, 0.2642857142857143, 0.30714285714285716, 0.40714285714285714, 0.35, 0.37857142857142856, 0.5, 0.6642857142857143, 0.6428571428571429, 0.6571428571428571, 0.6357142857142857, 0.8, 0.8571428571428571, 0.7714285714285715, 0.9285714285714286, 0.9357142857142857, 0.8714285714285714, 0.95, 0.9071428571428571, 0.9785714285714285, 0.9285714285714286, 0.8571428571428571, 0.9357142857142857, 0.9285714285714286, 0.9571428571428572, 0.9857142857142858, 0.9785714285714285, 0.9928571428571429, 0.9857142857142858, 0.9928571428571429, 1.0, 1.0, 1.0, 1.0, 1.0, 1.0, 1.0, 1.0, 1.0, 1.0, 1.0, 1.0, 1.0, 1.0, 1.0, 1.0, 1.0, 1.0, 1.0, 1.0, 1.0, 1.0, 1.0, 1.0, 1.0, 1.0, 1.0, 1.0, 1.0, 1.0, 1.0, 1.0, 1.0, 1.0, 1.0, 1.0, 1.0, 1.0, 1.0, 1.0, 1.0, 1.0, 1.0, 1.0, 1.0, 1.0, 1.0, 1.0, 1.0, 1.0, 1.0, 1.0, 1.0, 1.0, 1.0, 1.0, 1.0, 1.0, 1.0, 1.0, 1.0, 1.0, 1.0, 1.0, 1.0, 1.0, 1.0, 1.0, 1.0, 1.0, 1.0, 1.0, 1.0, 1.0, 1.0, 1.0, 1.0, 1.0, 1.0, 1.0, 1.0, 1.0, 1.0, 1.0, 1.0, 1.0, 1.0, 1.0, 1.0, 1.0, 1.0, 1.0, 1.0, 1.0, 1.0, 1.0, 1.0, 1.0, 1.0, 1.0, 1.0, 1.0, 1.0, 1.0, 1.0, 1.0, 1.0, 1.0, 1.0, 1.0, 1.0, 1.0, 1.0, 1.0, 1.0, 1.0, 1.0, 1.0, 1.0, 1.0, 1.0, 1.0, 1.0, 1.0, 1.0, 1.0, 1.0, 1.0, 1.0, 1.0, 1.0, 1.0, 1.0, 1.0, 1.0, 1.0, 1.0, 1.0, 1.0, 1.0, 1.0, 1.0, 1.0, 1.0, 1.0, 1.0, 1.0, 1.0, 1.0, 1.0, 1.0, 1.0, 1.0, 1.0, 1.0, 1.0, 1.0, 1.0, 1.0, 1.0, 1.0, 1.0, 1.0, 1.0, 1.0, 1.0, 1.0, 1.0, 1.0, 1.0, 1.0, 1.0, 1.0, 1.0, 1.0, 1.0, 1.0, 1.0, 1.0, 1.0, 1.0, 1.0, 1.0, 1.0, 1.0, 1.0, 1.0, 1.0, 1.0, 1.0, 1.0, 1.0, 1.0, 1.0, 1.0, 1.0, 1.0, 1.0, 1.0, 1.0, 1.0, 1.0, 1.0, 1.0, 1.0, 1.0, 1.0, 1.0, 1.0, 1.0, 1.0, 1.0, 1.0, 1.0, 1.0, 1.0, 1.0, 1.0, 1.0, 1.0, 1.0, 1.0, 1.0, 1.0, 1.0, 1.0, 1.0, 1.0, 1.0, 1.0, 1.0, 1.0, 1.0, 1.0, 1.0, 1.0, 1.0, 1.0, 1.0, 1.0, 1.0, 1.0, 1.0, 1.0, 1.0, 1.0, 1.0, 1.0, 1.0, 1.0, 1.0, 1.0, 1.0, 1.0, 1.0, 1.0, 1.0, 1.0, 1.0, 1.0, 1.0, 1.0, 1.0, 1.0, 1.0, 1.0, 1.0, 1.0, 1.0, 1.0, 1.0, 1.0, 1.0, 1.0, 1.0, 1.0, 1.0, 1.0, 1.0, 1.0, 1.0, 1.0, 1.0, 1.0, 1.0, 1.0, 1.0, 1.0, 1.0, 1.0, 1.0, 1.0, 1.0, 1.0, 1.0, 1.0, 1.0, 1.0, 1.0, 1.0, 1.0, 1.0, 1.0, 1.0, 1.0, 1.0, 1.0, 1.0, 1.0, 1.0, 1.0, 1.0, 1.0, 1.0, 1.0, 1.0, 1.0, 1.0, 1.0, 1.0, 1.0, 1.0, 1.0, 1.0, 1.0, 1.0, 1.0, 1.0, 1.0, 1.0, 1.0, 1.0, 1.0, 1.0, 1.0, 1.0, 1.0, 1.0]
valid_accuracy_list: [0.058, 0.316, 0.122, 0.156, 0.162, 0.162, 0.162, 0.162, 0.162, 0.058, 0.058, 0.164, 0.07, 0.114, 0.114, 0.114, 0.114, 0.114, 0.156, 0.158, 0.158, 0.156, 0.148, 0.058, 0.058, 0.06, 0.058, 0.318, 0.322, 0.316, 0.344, 0.252, 0.21, 0.206, 0.2, 0.194, 0.208, 0.312, 0.45, 0.438, 0.372, 0.48, 0.536, 0.52, 0.51, 0.472, 0.472, 0.524, 0.478, 0.576, 0.586, 0.49, 0.556, 0.566, 0.488, 0.504, 0.566, 0.604, 0.628, 0.594, 0.62, 0.616, 0.62, 0.628, 0.638, 0.626, 0.618, 0.604, 0.6, 0.592, 0.588, 0.594, 0.596, 0.61, 0.616, 0.62, 0.608, 0.592, 0.582, 0.582, 0.582, 0.584, 0.582, 0.584, 0.588, 0.6, 0.612, 0.62, 0.624, 0.628, 0.622, 0.614, 0.606, 0.608, 0.612, 0.614, 0.614, 0.618, 0.622, 0.624, 0.628, 0.63, 0.628, 0.628, 0.626, 0.626, 0.626, 0.624, 0.626, 0.624, 0.622, 0.62, 0.62, 0.62, 0.62, 0.62, 0.62, 0.62, 0.62, 0.62, 0.62, 0.62, 0.62, 0.62, 0.62, 0.62, 0.622, 0.622, 0.624, 0.624, 0.624, 0.624, 0.624, 0.626, 0.626, 0.626, 0.626, 0.626, 0.622, 0.622, 0.622, 0.622, 0.624, 0.626, 0.624, 0.626, 0.626, 0.626, 0.626, 0.626, 0.626, 0.626, 0.626, 0.626, 0.626, 0.626, 0.626, 0.626, 0.626, 0.626, 0.626, 0.626, 0.624, 0.624, 0.624, 0.624, 0.624, 0.626, 0.626, 0.626, 0.626, 0.626, 0.626, 0.626, 0.626, 0.626, 0.626, 0.626, 0.626, 0.626, 0.626, 0.626, 0.626, 0.626, 0.626, 0.626, 0.626, 0.626, 0.626, 0.626, 0.626, 0.626, 0.626, 0.626, 0.626, 0.626, 0.626, 0.626, 0.626, 0.626, 0.626, 0.626, 0.626, 0.626, 0.626, 0.626, 0.626, 0.626, 0.626, 0.626, 0.626, 0.626, 0.626, 0.626, 0.626, 0.626, 0.626, 0.626, 0.626, 0.626, 0.626, 0.626, 0.626, 0.626, 0.624, 0.624, 0.624, 0.624, 0.624, 0.624, 0.624, 0.624, 0.624, 0.624, 0.624, 0.624, 0.624, 0.624, 0.624, 0.624, 0.624, 0.624, 0.624, 0.624, 0.624, 0.624, 0.624, 0.624, 0.624, 0.624, 0.624, 0.624, 0.624, 0.624, 0.624, 0.624, 0.624, 0.624, 0.624, 0.624, 0.624, 0.624, 0.624, 0.624, 0.624, 0.624, 0.624, 0.624, 0.624, 0.624, 0.624, 0.624, 0.624, 0.624, 0.624, 0.624, 0.624, 0.624, 0.624, 0.624, 0.624, 0.624, 0.624, 0.624, 0.624, 0.624, 0.624, 0.624, 0.624, 0.624, 0.624, 0.624, 0.624, 0.624, 0.624, 0.624, 0.624, 0.624, 0.624, 0.624, 0.624, 0.624, 0.624, 0.624, 0.624, 0.624, 0.624, 0.624, 0.624, 0.624, 0.624, 0.624, 0.624, 0.626, 0.626, 0.626, 0.626, 0.626, 0.626, 0.626, 0.626, 0.626, 0.626, 0.626, 0.626, 0.626, 0.626, 0.626, 0.626, 0.626, 0.626, 0.626, 0.626, 0.626, 0.626, 0.626, 0.626, 0.626, 0.626, 0.626, 0.626, 0.626, 0.626, 0.626, 0.626, 0.626, 0.626, 0.626, 0.626, 0.626, 0.626, 0.626, 0.626, 0.626, 0.626, 0.626, 0.626, 0.626, 0.626, 0.626, 0.626, 0.626, 0.626, 0.626, 0.626, 0.626, 0.626, 0.626, 0.626, 0.628, 0.628, 0.628, 0.628, 0.628, 0.628, 0.628, 0.628, 0.628, 0.628, 0.628, 0.628, 0.628, 0.628, 0.628, 0.628, 0.628, 0.628, 0.628, 0.628, 0.628, 0.628, 0.628, 0.628, 0.628, 0.628, 0.628, 0.628, 0.628, 0.628]
test_accuracy_list: [0.064, 0.319, 0.13, 0.144, 0.149, 0.149, 0.149, 0.149, 0.149, 0.064, 0.064, 0.15, 0.091, 0.103, 0.103, 0.103, 0.103, 0.103, 0.144, 0.144, 0.144, 0.147, 0.144, 0.064, 0.064, 0.064, 0.065, 0.32, 0.325, 0.323, 0.331, 0.256, 0.211, 0.21, 0.209, 0.196, 0.225, 0.366, 0.464, 0.464, 0.424, 0.483, 0.558, 0.546, 0.516, 0.522, 0.493, 0.535, 0.512, 0.595, 0.613, 0.51, 0.562, 0.588, 0.494, 0.505, 0.607, 0.636, 0.641, 0.6, 0.619, 0.637, 0.644, 0.651, 0.649, 0.642, 0.63, 0.618, 0.609, 0.606, 0.603, 0.609, 0.615, 0.621, 0.626, 0.622, 0.622, 0.615, 0.611, 0.607, 0.609, 0.609, 0.612, 0.613, 0.617, 0.619, 0.625, 0.629, 0.632, 0.63, 0.622, 0.621, 0.618, 0.617, 0.617, 0.617, 0.622, 0.624, 0.627, 0.629, 0.629, 0.629, 0.629, 0.628, 0.628, 0.628, 0.626, 0.626, 0.625, 0.624, 0.627, 0.625, 0.625, 0.626, 0.626, 0.624, 0.625, 0.626, 0.625, 0.625, 0.625, 0.624, 0.624, 0.624, 0.625, 0.624, 0.624, 0.624, 0.624, 0.624, 0.624, 0.625, 0.625, 0.626, 0.626, 0.626, 0.626, 0.625, 0.624, 0.625, 0.626, 0.625, 0.625, 0.626, 0.625, 0.625, 0.625, 0.626, 0.626, 0.626, 0.626, 0.626, 0.626, 0.626, 0.626, 0.626, 0.626, 0.627, 0.627, 0.627, 0.628, 0.628, 0.628, 0.629, 0.628, 0.626, 0.626, 0.626, 0.626, 0.626, 0.626, 0.626, 0.626, 0.626, 0.626, 0.626, 0.626, 0.626, 0.626, 0.626, 0.626, 0.626, 0.626, 0.626, 0.626, 0.626, 0.626, 0.626, 0.626, 0.626, 0.626, 0.626, 0.626, 0.626, 0.626, 0.626, 0.626, 0.626, 0.626, 0.626, 0.626, 0.626, 0.626, 0.626, 0.626, 0.626, 0.626, 0.625, 0.624, 0.624, 0.624, 0.624, 0.623, 0.623, 0.623, 0.623, 0.623, 0.623, 0.622, 0.622, 0.622, 0.622, 0.622, 0.622, 0.622, 0.623, 0.623, 0.623, 0.623, 0.623, 0.623, 0.623, 0.623, 0.623, 0.623, 0.623, 0.623, 0.623, 0.623, 0.623, 0.623, 0.623, 0.623, 0.623, 0.623, 0.623, 0.623, 0.623, 0.623, 0.622, 0.622, 0.622, 0.622, 0.622, 0.622, 0.622, 0.622, 0.622, 0.622, 0.622, 0.622, 0.622, 0.622, 0.622, 0.622, 0.622, 0.622, 0.622, 0.622, 0.622, 0.622, 0.622, 0.622, 0.622, 0.622, 0.622, 0.622, 0.622, 0.622, 0.622, 0.622, 0.622, 0.622, 0.622, 0.622, 0.622, 0.622, 0.622, 0.622, 0.622, 0.622, 0.622, 0.622, 0.622, 0.622, 0.621, 0.621, 0.621, 0.621, 0.621, 0.621, 0.621, 0.621, 0.621, 0.621, 0.621, 0.621, 0.621, 0.621, 0.621, 0.621, 0.621, 0.621, 0.621, 0.621, 0.621, 0.621, 0.621, 0.621, 0.621, 0.621, 0.621, 0.621, 0.621, 0.621, 0.621, 0.621, 0.621, 0.621, 0.621, 0.621, 0.621, 0.621, 0.621, 0.621, 0.621, 0.621, 0.621, 0.621, 0.621, 0.621, 0.621, 0.621, 0.621, 0.621, 0.621, 0.621, 0.621, 0.621, 0.621, 0.621, 0.621, 0.621, 0.621, 0.621, 0.621, 0.621, 0.621, 0.621, 0.621, 0.621, 0.621, 0.621, 0.621, 0.622, 0.622, 0.622, 0.622, 0.622, 0.622, 0.622, 0.622, 0.622, 0.622, 0.622, 0.622, 0.622, 0.622, 0.622, 0.622, 0.622, 0.622, 0.622, 0.622, 0.622, 0.622, 0.622, 0.622, 0.622, 0.622, 0.622, 0.622, 0.622, 0.622, 0.622, 0.622, 0.622, 0.622, 0.622]
best validation: 0.638
best test: 0.651
num distinct structures: 2365
Experiment run 4
dataset: Cora
num_mp_layers: 3
num_fl_layers: 5
mp_hidden_dim: 3000
fl_hidden_dim: 512
epsilon: 1.118033988749895
optimizer_lr: 0.01
loss_func: CrossEntropyLoss
total_epoch: 400
Epoch: 50, Loss: 0.3939, Train: 90.00%, Valid: 59.20%, Test: 58.20%, Best Valid: 59.20%, Best Test: 60.50%
Epoch: 100, Loss: 0.0001, Train: 100.00%, Valid: 61.00%, Test: 61.80%, Best Valid: 66.20%, Best Test: 62.00%
Epoch: 150, Loss: 0.0000, Train: 100.00%, Valid: 62.00%, Test: 60.80%, Best Valid: 66.20%, Best Test: 62.00%
Epoch: 200, Loss: 0.0000, Train: 100.00%, Valid: 62.00%, Test: 60.50%, Best Valid: 66.20%, Best Test: 62.00%
Epoch: 250, Loss: 0.0000, Train: 100.00%, Valid: 61.60%, Test: 60.70%, Best Valid: 66.20%, Best Test: 62.00%
Epoch: 300, Loss: 0.0000, Train: 100.00%, Valid: 61.20%, Test: 60.30%, Best Valid: 66.20%, Best Test: 62.00%
Epoch: 350, Loss: 0.0000, Train: 100.00%, Valid: 61.40%, Test: 60.10%, Best Valid: 66.20%, Best Test: 62.00%
train_accuracy_list: [0.14285714285714285, 0.14285714285714285, 0.14285714285714285, 0.14285714285714285, 0.17142857142857143, 0.15, 0.14285714285714285, 0.14285714285714285, 0.14285714285714285, 0.21428571428571427, 0.24285714285714285, 0.14285714285714285, 0.15, 0.14285714285714285, 0.14285714285714285, 0.14285714285714285, 0.14285714285714285, 0.14285714285714285, 0.15, 0.17142857142857143, 0.2357142857142857, 0.38571428571428573, 0.2857142857142857, 0.5142857142857142, 0.5071428571428571, 0.4714285714285714, 0.40714285714285714, 0.44285714285714284, 0.42142857142857143, 0.39285714285714285, 0.35, 0.35, 0.5571428571428572, 0.42142857142857143, 0.6357142857142857, 0.5928571428571429, 0.6857142857142857, 0.75, 0.6571428571428571, 0.55, 0.6357142857142857, 0.8571428571428571, 0.8, 0.8214285714285714, 0.9428571428571428, 0.8857142857142857, 0.8642857142857143, 0.9071428571428571, 0.9214285714285714, 0.9, 0.9785714285714285, 0.9642857142857143, 0.9857142857142858, 0.9857142857142858, 0.9857142857142858, 0.9857142857142858, 0.9857142857142858, 0.9857142857142858, 0.9857142857142858, 0.9928571428571429, 0.9928571428571429, 0.9928571428571429, 0.9928571428571429, 1.0, 1.0, 1.0, 1.0, 1.0, 1.0, 1.0, 1.0, 1.0, 1.0, 1.0, 1.0, 1.0, 1.0, 1.0, 1.0, 1.0, 1.0, 1.0, 1.0, 1.0, 1.0, 1.0, 1.0, 1.0, 1.0, 1.0, 1.0, 1.0, 1.0, 1.0, 1.0, 1.0, 1.0, 1.0, 1.0, 1.0, 1.0, 1.0, 1.0, 1.0, 1.0, 1.0, 1.0, 1.0, 1.0, 1.0, 1.0, 1.0, 1.0, 1.0, 1.0, 1.0, 1.0, 1.0, 1.0, 1.0, 1.0, 1.0, 1.0, 1.0, 1.0, 1.0, 1.0, 1.0, 1.0, 1.0, 1.0, 1.0, 1.0, 1.0, 1.0, 1.0, 1.0, 1.0, 1.0, 1.0, 1.0, 1.0, 1.0, 1.0, 1.0, 1.0, 1.0, 1.0, 1.0, 1.0, 1.0, 1.0, 1.0, 1.0, 1.0, 1.0, 1.0, 1.0, 1.0, 1.0, 1.0, 1.0, 1.0, 1.0, 1.0, 1.0, 1.0, 1.0, 1.0, 1.0, 1.0, 1.0, 1.0, 1.0, 1.0, 1.0, 1.0, 1.0, 1.0, 1.0, 1.0, 1.0, 1.0, 1.0, 1.0, 1.0, 1.0, 1.0, 1.0, 1.0, 1.0, 1.0, 1.0, 1.0, 1.0, 1.0, 1.0, 1.0, 1.0, 1.0, 1.0, 1.0, 1.0, 1.0, 1.0, 1.0, 1.0, 1.0, 1.0, 1.0, 1.0, 1.0, 1.0, 1.0, 1.0, 1.0, 1.0, 1.0, 1.0, 1.0, 1.0, 1.0, 1.0, 1.0, 1.0, 1.0, 1.0, 1.0, 1.0, 1.0, 1.0, 1.0, 1.0, 1.0, 1.0, 1.0, 1.0, 1.0, 1.0, 1.0, 1.0, 1.0, 1.0, 1.0, 1.0, 1.0, 1.0, 1.0, 1.0, 1.0, 1.0, 1.0, 1.0, 1.0, 1.0, 1.0, 1.0, 1.0, 1.0, 1.0, 1.0, 1.0, 1.0, 1.0, 1.0, 1.0, 1.0, 1.0, 1.0, 1.0, 1.0, 1.0, 1.0, 1.0, 1.0, 1.0, 1.0, 1.0, 1.0, 1.0, 1.0, 1.0, 1.0, 1.0, 1.0, 1.0, 1.0, 1.0, 1.0, 1.0, 1.0, 1.0, 1.0, 1.0, 1.0, 1.0, 1.0, 1.0, 1.0, 1.0, 1.0, 1.0, 1.0, 1.0, 1.0, 1.0, 1.0, 1.0, 1.0, 1.0, 1.0, 1.0, 1.0, 1.0, 1.0, 1.0, 1.0, 1.0, 1.0, 1.0, 1.0, 1.0, 1.0, 1.0, 1.0, 1.0, 1.0, 1.0, 1.0, 1.0, 1.0, 1.0, 1.0, 1.0, 1.0, 1.0, 1.0, 1.0, 1.0, 1.0, 1.0, 1.0, 1.0, 1.0, 1.0, 1.0, 1.0, 1.0, 1.0, 1.0, 1.0, 1.0, 1.0, 1.0, 1.0, 1.0, 1.0, 1.0, 1.0, 1.0, 1.0, 1.0, 1.0, 1.0, 1.0, 1.0, 1.0, 1.0, 1.0, 1.0, 1.0, 1.0, 1.0, 1.0, 1.0, 1.0, 1.0, 1.0, 1.0, 1.0, 1.0, 1.0, 1.0, 1.0, 1.0, 1.0, 1.0, 1.0, 1.0, 1.0, 1.0, 1.0, 1.0, 1.0, 1.0, 1.0, 1.0, 1.0, 1.0]
valid_accuracy_list: [0.162, 0.162, 0.316, 0.122, 0.122, 0.114, 0.114, 0.114, 0.114, 0.114, 0.17, 0.156, 0.162, 0.072, 0.07, 0.316, 0.316, 0.316, 0.314, 0.166, 0.12, 0.23, 0.19, 0.36, 0.358, 0.28, 0.236, 0.236, 0.25, 0.34, 0.292, 0.27, 0.488, 0.378, 0.488, 0.41, 0.476, 0.546, 0.494, 0.422, 0.416, 0.592, 0.564, 0.534, 0.57, 0.584, 0.552, 0.538, 0.578, 0.592, 0.594, 0.598, 0.628, 0.618, 0.6, 0.606, 0.624, 0.624, 0.632, 0.616, 0.616, 0.598, 0.62, 0.662, 0.648, 0.608, 0.612, 0.616, 0.618, 0.622, 0.63, 0.63, 0.624, 0.622, 0.626, 0.628, 0.634, 0.638, 0.636, 0.63, 0.626, 0.614, 0.61, 0.61, 0.61, 0.61, 0.612, 0.608, 0.608, 0.614, 0.618, 0.62, 0.622, 0.618, 0.616, 0.616, 0.616, 0.614, 0.61, 0.61, 0.612, 0.606, 0.614, 0.61, 0.614, 0.614, 0.616, 0.614, 0.618, 0.616, 0.618, 0.614, 0.618, 0.61, 0.61, 0.618, 0.61, 0.61, 0.618, 0.626, 0.622, 0.612, 0.61, 0.61, 0.618, 0.622, 0.624, 0.624, 0.62, 0.62, 0.618, 0.616, 0.612, 0.61, 0.61, 0.612, 0.612, 0.616, 0.62, 0.62, 0.618, 0.618, 0.62, 0.62, 0.62, 0.62, 0.62, 0.62, 0.62, 0.62, 0.618, 0.616, 0.616, 0.616, 0.616, 0.616, 0.616, 0.616, 0.618, 0.618, 0.62, 0.62, 0.62, 0.62, 0.62, 0.62, 0.62, 0.62, 0.62, 0.62, 0.62, 0.62, 0.62, 0.62, 0.62, 0.62, 0.62, 0.62, 0.62, 0.62, 0.62, 0.62, 0.62, 0.62, 0.62, 0.62, 0.62, 0.62, 0.62, 0.62, 0.62, 0.62, 0.62, 0.62, 0.62, 0.62, 0.62, 0.62, 0.62, 0.62, 0.62, 0.62, 0.62, 0.62, 0.62, 0.62, 0.62, 0.62, 0.62, 0.618, 0.618, 0.618, 0.618, 0.618, 0.618, 0.618, 0.618, 0.618, 0.618, 0.62, 0.62, 0.62, 0.62, 0.618, 0.618, 0.618, 0.618, 0.618, 0.618, 0.616, 0.616, 0.618, 0.618, 0.616, 0.616, 0.616, 0.616, 0.616, 0.616, 0.616, 0.616, 0.616, 0.616, 0.616, 0.616, 0.616, 0.616, 0.616, 0.616, 0.616, 0.616, 0.616, 0.616, 0.616, 0.616, 0.616, 0.616, 0.616, 0.616, 0.616, 0.616, 0.616, 0.616, 0.616, 0.616, 0.616, 0.616, 0.616, 0.616, 0.616, 0.616, 0.616, 0.616, 0.616, 0.616, 0.616, 0.616, 0.616, 0.616, 0.616, 0.616, 0.616, 0.616, 0.616, 0.616, 0.616, 0.616, 0.616, 0.616, 0.616, 0.616, 0.616, 0.616, 0.616, 0.614, 0.614, 0.614, 0.614, 0.614, 0.612, 0.612, 0.612, 0.614, 0.614, 0.612, 0.612, 0.612, 0.612, 0.612, 0.614, 0.614, 0.614, 0.614, 0.614, 0.614, 0.614, 0.616, 0.616, 0.614, 0.614, 0.612, 0.612, 0.612, 0.612, 0.612, 0.612, 0.612, 0.612, 0.612, 0.612, 0.612, 0.612, 0.612, 0.612, 0.612, 0.612, 0.612, 0.612, 0.612, 0.612, 0.612, 0.614, 0.614, 0.614, 0.614, 0.614, 0.614, 0.614, 0.614, 0.614, 0.614, 0.612, 0.612, 0.612, 0.612, 0.612, 0.612, 0.612, 0.612, 0.612, 0.612, 0.612, 0.612, 0.612, 0.612, 0.61, 0.61, 0.61, 0.61, 0.61, 0.61, 0.61, 0.61, 0.61, 0.612, 0.612, 0.612, 0.612, 0.612, 0.612, 0.614, 0.614, 0.614, 0.614, 0.614, 0.614, 0.614, 0.614, 0.614, 0.612, 0.612, 0.612, 0.614, 0.614, 0.614, 0.614, 0.614, 0.614, 0.614]
test_accuracy_list: [0.149, 0.149, 0.319, 0.13, 0.131, 0.104, 0.103, 0.103, 0.103, 0.112, 0.162, 0.144, 0.144, 0.091, 0.093, 0.319, 0.319, 0.319, 0.318, 0.156, 0.124, 0.231, 0.177, 0.343, 0.341, 0.276, 0.269, 0.252, 0.261, 0.337, 0.294, 0.29, 0.489, 0.382, 0.514, 0.413, 0.485, 0.562, 0.521, 0.446, 0.456, 0.605, 0.583, 0.57, 0.583, 0.591, 0.565, 0.545, 0.588, 0.582, 0.584, 0.574, 0.604, 0.603, 0.583, 0.61, 0.611, 0.598, 0.61, 0.61, 0.599, 0.591, 0.607, 0.619, 0.619, 0.604, 0.593, 0.599, 0.607, 0.607, 0.614, 0.611, 0.606, 0.611, 0.606, 0.611, 0.612, 0.62, 0.618, 0.616, 0.615, 0.616, 0.615, 0.616, 0.615, 0.612, 0.609, 0.607, 0.609, 0.609, 0.611, 0.611, 0.614, 0.614, 0.615, 0.615, 0.614, 0.611, 0.613, 0.618, 0.617, 0.619, 0.616, 0.616, 0.615, 0.617, 0.62, 0.614, 0.617, 0.614, 0.612, 0.611, 0.618, 0.614, 0.613, 0.618, 0.612, 0.61, 0.615, 0.614, 0.61, 0.608, 0.606, 0.607, 0.611, 0.609, 0.612, 0.611, 0.607, 0.608, 0.608, 0.605, 0.605, 0.605, 0.603, 0.603, 0.603, 0.604, 0.604, 0.605, 0.605, 0.607, 0.606, 0.606, 0.606, 0.606, 0.606, 0.606, 0.607, 0.608, 0.608, 0.604, 0.604, 0.603, 0.603, 0.603, 0.603, 0.604, 0.605, 0.606, 0.606, 0.606, 0.605, 0.606, 0.606, 0.606, 0.605, 0.606, 0.606, 0.605, 0.606, 0.606, 0.607, 0.607, 0.606, 0.606, 0.606, 0.606, 0.606, 0.605, 0.605, 0.605, 0.605, 0.605, 0.605, 0.605, 0.605, 0.605, 0.606, 0.606, 0.606, 0.606, 0.606, 0.605, 0.605, 0.606, 0.606, 0.606, 0.605, 0.605, 0.605, 0.606, 0.606, 0.606, 0.606, 0.605, 0.604, 0.604, 0.604, 0.603, 0.603, 0.605, 0.605, 0.604, 0.604, 0.604, 0.604, 0.604, 0.605, 0.606, 0.608, 0.607, 0.607, 0.606, 0.606, 0.606, 0.606, 0.607, 0.607, 0.607, 0.607, 0.608, 0.608, 0.608, 0.607, 0.607, 0.608, 0.608, 0.607, 0.607, 0.607, 0.607, 0.607, 0.607, 0.607, 0.607, 0.607, 0.607, 0.607, 0.607, 0.607, 0.607, 0.607, 0.607, 0.607, 0.607, 0.607, 0.607, 0.607, 0.607, 0.607, 0.607, 0.607, 0.607, 0.607, 0.607, 0.607, 0.607, 0.607, 0.607, 0.605, 0.605, 0.605, 0.606, 0.606, 0.606, 0.606, 0.606, 0.606, 0.606, 0.606, 0.606, 0.606, 0.606, 0.606, 0.606, 0.606, 0.606, 0.606, 0.606, 0.605, 0.604, 0.603, 0.604, 0.604, 0.603, 0.603, 0.603, 0.603, 0.603, 0.603, 0.603, 0.603, 0.603, 0.603, 0.603, 0.603, 0.603, 0.603, 0.603, 0.603, 0.603, 0.603, 0.604, 0.603, 0.602, 0.603, 0.603, 0.603, 0.603, 0.603, 0.602, 0.602, 0.602, 0.602, 0.602, 0.603, 0.603, 0.603, 0.603, 0.604, 0.604, 0.604, 0.604, 0.604, 0.604, 0.604, 0.604, 0.604, 0.603, 0.603, 0.601, 0.602, 0.601, 0.601, 0.602, 0.602, 0.601, 0.601, 0.601, 0.601, 0.602, 0.602, 0.602, 0.602, 0.602, 0.602, 0.602, 0.602, 0.602, 0.602, 0.601, 0.601, 0.601, 0.602, 0.602, 0.602, 0.602, 0.601, 0.601, 0.601, 0.601, 0.601, 0.602, 0.601, 0.601, 0.602, 0.601, 0.601, 0.601, 0.601, 0.601, 0.601, 0.601, 0.601, 0.601, 0.601, 0.601, 0.601, 0.601, 0.601, 0.601, 0.601, 0.601, 0.601, 0.601, 0.601, 0.601, 0.601]
best validation: 0.662
best test: 0.62
num distinct structures: 2365
Experiment run 5
dataset: Cora
num_mp_layers: 3
num_fl_layers: 6
mp_hidden_dim: 3000
fl_hidden_dim: 512
epsilon: 1.118033988749895
optimizer_lr: 0.01
loss_func: CrossEntropyLoss
total_epoch: 400
Epoch: 50, Loss: 0.5421, Train: 81.43%, Valid: 44.40%, Test: 52.20%, Best Valid: 50.80%, Best Test: 53.70%
Epoch: 100, Loss: 0.0173, Train: 100.00%, Valid: 63.80%, Test: 64.40%, Best Valid: 65.20%, Best Test: 66.90%
Epoch: 150, Loss: 0.0000, Train: 100.00%, Valid: 64.00%, Test: 64.30%, Best Valid: 65.80%, Best Test: 67.90%
Epoch: 200, Loss: 0.0000, Train: 100.00%, Valid: 63.20%, Test: 63.50%, Best Valid: 65.80%, Best Test: 67.90%
Epoch: 250, Loss: 0.0000, Train: 100.00%, Valid: 63.20%, Test: 63.30%, Best Valid: 65.80%, Best Test: 67.90%
Epoch: 300, Loss: 0.0000, Train: 100.00%, Valid: 63.00%, Test: 63.40%, Best Valid: 65.80%, Best Test: 67.90%
Epoch: 350, Loss: 0.0000, Train: 100.00%, Valid: 63.20%, Test: 63.70%, Best Valid: 65.80%, Best Test: 67.90%
train_accuracy_list: [0.14285714285714285, 0.14285714285714285, 0.14285714285714285, 0.14285714285714285, 0.15, 0.14285714285714285, 0.14285714285714285, 0.14285714285714285, 0.14285714285714285, 0.20714285714285716, 0.14285714285714285, 0.14285714285714285, 0.14285714285714285, 0.14285714285714285, 0.14285714285714285, 0.16428571428571428, 0.14285714285714285, 0.14285714285714285, 0.14285714285714285, 0.15, 0.17142857142857143, 0.22857142857142856, 0.15, 0.14285714285714285, 0.18571428571428572, 0.25, 0.2785714285714286, 0.3142857142857143, 0.2857142857142857, 0.22857142857142856, 0.44285714285714284, 0.45, 0.4642857142857143, 0.5071428571428571, 0.4785714285714286, 0.5, 0.4928571428571429, 0.4928571428571429, 0.7928571428571428, 0.8071428571428572, 0.8142857142857143, 0.8285714285714286, 0.8214285714285714, 0.7714285714285715, 0.8071428571428572, 0.7785714285714286, 0.9214285714285714, 0.9, 0.8785714285714286, 0.8142857142857143, 0.9285714285714286, 0.95, 0.9, 0.9285714285714286, 0.9357142857142857, 0.95, 0.9714285714285714, 0.9785714285714285, 0.9857142857142858, 0.9857142857142858, 0.9857142857142858, 0.9928571428571429, 0.9857142857142858, 0.9928571428571429, 0.9857142857142858, 0.7928571428571428, 0.2785714285714286, 0.4857142857142857, 0.4142857142857143, 0.6928571428571428, 0.6571428571428571, 0.7785714285714286, 0.8285714285714286, 0.6071428571428571, 0.65, 0.6428571428571429, 0.8857142857142857, 0.9785714285714285, 0.8428571428571429, 0.8, 0.8071428571428572, 0.8285714285714286, 0.9785714285714285, 0.9857142857142858, 0.9857142857142858, 0.9785714285714285, 0.9785714285714285, 0.9857142857142858, 1.0, 1.0, 1.0, 1.0, 1.0, 1.0, 1.0, 1.0, 1.0, 1.0, 1.0, 1.0, 1.0, 1.0, 1.0, 1.0, 1.0, 1.0, 1.0, 1.0, 1.0, 1.0, 1.0, 1.0, 1.0, 1.0, 1.0, 1.0, 1.0, 1.0, 1.0, 1.0, 1.0, 1.0, 1.0, 1.0, 1.0, 1.0, 1.0, 1.0, 1.0, 1.0, 1.0, 1.0, 1.0, 1.0, 1.0, 1.0, 1.0, 1.0, 1.0, 1.0, 1.0, 1.0, 1.0, 1.0, 1.0, 1.0, 1.0, 1.0, 1.0, 1.0, 1.0, 1.0, 1.0, 1.0, 1.0, 1.0, 1.0, 1.0, 1.0, 1.0, 1.0, 1.0, 1.0, 1.0, 1.0, 1.0, 1.0, 1.0, 1.0, 1.0, 1.0, 1.0, 1.0, 1.0, 1.0, 1.0, 1.0, 1.0, 1.0, 1.0, 1.0, 1.0, 1.0, 1.0, 1.0, 1.0, 1.0, 1.0, 1.0, 1.0, 1.0, 1.0, 1.0, 1.0, 1.0, 1.0, 1.0, 1.0, 1.0, 1.0, 1.0, 1.0, 1.0, 1.0, 1.0, 1.0, 1.0, 1.0, 1.0, 1.0, 1.0, 1.0, 1.0, 1.0, 1.0, 1.0, 1.0, 1.0, 1.0, 1.0, 1.0, 1.0, 1.0, 1.0, 1.0, 1.0, 1.0, 1.0, 1.0, 1.0, 1.0, 1.0, 1.0, 1.0, 1.0, 1.0, 1.0, 1.0, 1.0, 1.0, 1.0, 1.0, 1.0, 1.0, 1.0, 1.0, 1.0, 1.0, 1.0, 1.0, 1.0, 1.0, 1.0, 1.0, 1.0, 1.0, 1.0, 1.0, 1.0, 1.0, 1.0, 1.0, 1.0, 1.0, 1.0, 1.0, 1.0, 1.0, 1.0, 1.0, 1.0, 1.0, 1.0, 1.0, 1.0, 1.0, 1.0, 1.0, 1.0, 1.0, 1.0, 1.0, 1.0, 1.0, 1.0, 1.0, 1.0, 1.0, 1.0, 1.0, 1.0, 1.0, 1.0, 1.0, 1.0, 1.0, 1.0, 1.0, 1.0, 1.0, 1.0, 1.0, 1.0, 1.0, 1.0, 1.0, 1.0, 1.0, 1.0, 1.0, 1.0, 1.0, 1.0, 1.0, 1.0, 1.0, 1.0, 1.0, 1.0, 1.0, 1.0, 1.0, 1.0, 1.0, 1.0, 1.0, 1.0, 1.0, 1.0, 1.0, 1.0, 1.0, 1.0, 1.0, 1.0, 1.0, 1.0, 1.0, 1.0, 1.0, 1.0, 1.0, 1.0, 1.0, 1.0, 1.0, 1.0, 1.0, 1.0, 1.0, 1.0, 1.0, 1.0, 1.0, 1.0, 1.0, 1.0, 1.0, 1.0, 1.0, 1.0, 1.0, 1.0, 1.0, 1.0, 1.0, 1.0, 1.0, 1.0, 1.0, 1.0, 1.0, 1.0, 1.0, 1.0, 1.0, 1.0, 1.0, 1.0, 1.0, 1.0, 1.0, 1.0, 1.0, 1.0, 1.0, 1.0, 1.0, 1.0, 1.0, 1.0, 1.0, 1.0, 1.0, 1.0, 1.0, 1.0, 1.0, 1.0]
valid_accuracy_list: [0.316, 0.316, 0.072, 0.058, 0.114, 0.114, 0.114, 0.114, 0.114, 0.14, 0.122, 0.114, 0.162, 0.162, 0.162, 0.156, 0.156, 0.156, 0.158, 0.072, 0.08, 0.152, 0.122, 0.122, 0.126, 0.26, 0.33, 0.368, 0.404, 0.186, 0.388, 0.342, 0.252, 0.316, 0.394, 0.402, 0.348, 0.334, 0.448, 0.448, 0.486, 0.49, 0.508, 0.504, 0.474, 0.438, 0.498, 0.478, 0.48, 0.444, 0.508, 0.506, 0.45, 0.502, 0.516, 0.508, 0.544, 0.528, 0.532, 0.542, 0.532, 0.516, 0.514, 0.564, 0.606, 0.442, 0.33, 0.346, 0.312, 0.426, 0.408, 0.366, 0.468, 0.404, 0.42, 0.482, 0.574, 0.596, 0.508, 0.472, 0.474, 0.486, 0.558, 0.592, 0.588, 0.604, 0.632, 0.638, 0.646, 0.632, 0.638, 0.624, 0.61, 0.626, 0.648, 0.652, 0.65, 0.646, 0.632, 0.638, 0.65, 0.654, 0.658, 0.654, 0.65, 0.646, 0.64, 0.644, 0.646, 0.65, 0.648, 0.652, 0.654, 0.658, 0.658, 0.658, 0.652, 0.648, 0.644, 0.652, 0.646, 0.644, 0.644, 0.642, 0.648, 0.646, 0.646, 0.644, 0.646, 0.65, 0.65, 0.646, 0.646, 0.642, 0.642, 0.636, 0.634, 0.634, 0.632, 0.632, 0.632, 0.63, 0.63, 0.632, 0.632, 0.634, 0.634, 0.638, 0.638, 0.64, 0.64, 0.64, 0.638, 0.638, 0.638, 0.638, 0.638, 0.638, 0.638, 0.638, 0.638, 0.638, 0.638, 0.638, 0.638, 0.638, 0.636, 0.636, 0.638, 0.638, 0.638, 0.638, 0.638, 0.64, 0.636, 0.636, 0.636, 0.636, 0.634, 0.634, 0.636, 0.636, 0.636, 0.636, 0.636, 0.636, 0.636, 0.636, 0.634, 0.634, 0.634, 0.634, 0.632, 0.632, 0.632, 0.632, 0.632, 0.632, 0.632, 0.632, 0.632, 0.632, 0.632, 0.632, 0.632, 0.632, 0.632, 0.632, 0.632, 0.632, 0.632, 0.632, 0.63, 0.63, 0.63, 0.632, 0.632, 0.632, 0.632, 0.632, 0.632, 0.632, 0.632, 0.634, 0.634, 0.634, 0.634, 0.634, 0.634, 0.634, 0.634, 0.634, 0.634, 0.632, 0.632, 0.632, 0.632, 0.632, 0.632, 0.632, 0.632, 0.632, 0.632, 0.632, 0.632, 0.632, 0.632, 0.632, 0.632, 0.632, 0.632, 0.632, 0.632, 0.632, 0.632, 0.632, 0.632, 0.632, 0.632, 0.632, 0.632, 0.632, 0.632, 0.632, 0.632, 0.632, 0.632, 0.632, 0.632, 0.632, 0.632, 0.632, 0.632, 0.632, 0.632, 0.632, 0.632, 0.632, 0.632, 0.632, 0.632, 0.632, 0.632, 0.632, 0.632, 0.632, 0.632, 0.632, 0.632, 0.632, 0.63, 0.63, 0.63, 0.63, 0.63, 0.63, 0.63, 0.63, 0.63, 0.63, 0.63, 0.63, 0.63, 0.63, 0.63, 0.63, 0.63, 0.63, 0.63, 0.63, 0.63, 0.63, 0.63, 0.63, 0.63, 0.63, 0.63, 0.63, 0.63, 0.63, 0.63, 0.63, 0.63, 0.63, 0.63, 0.63, 0.63, 0.63, 0.63, 0.63, 0.63, 0.63, 0.63, 0.63, 0.63, 0.63, 0.63, 0.63, 0.63, 0.63, 0.63, 0.63, 0.63, 0.63, 0.63, 0.632, 0.632, 0.632, 0.632, 0.632, 0.632, 0.632, 0.632, 0.632, 0.632, 0.632, 0.632, 0.632, 0.632, 0.632, 0.632, 0.632, 0.632, 0.632, 0.632, 0.632, 0.632, 0.632, 0.632, 0.632, 0.632, 0.632, 0.632, 0.63, 0.632, 0.632, 0.632, 0.632, 0.632, 0.632, 0.634, 0.634, 0.632, 0.632, 0.632, 0.632, 0.632, 0.632, 0.634, 0.636, 0.636, 0.636, 0.636, 0.636, 0.636, 0.636, 0.636, 0.636, 0.636]
test_accuracy_list: [0.319, 0.319, 0.091, 0.064, 0.104, 0.104, 0.104, 0.103, 0.103, 0.151, 0.13, 0.103, 0.149, 0.148, 0.148, 0.15, 0.144, 0.144, 0.144, 0.092, 0.097, 0.185, 0.13, 0.13, 0.143, 0.311, 0.374, 0.397, 0.417, 0.192, 0.418, 0.378, 0.261, 0.309, 0.398, 0.417, 0.342, 0.319, 0.446, 0.509, 0.531, 0.481, 0.535, 0.531, 0.478, 0.511, 0.51, 0.477, 0.537, 0.522, 0.516, 0.517, 0.515, 0.538, 0.541, 0.571, 0.548, 0.507, 0.566, 0.566, 0.538, 0.563, 0.523, 0.572, 0.609, 0.442, 0.353, 0.338, 0.311, 0.391, 0.395, 0.407, 0.505, 0.436, 0.45, 0.512, 0.598, 0.618, 0.532, 0.497, 0.497, 0.515, 0.551, 0.61, 0.617, 0.634, 0.646, 0.648, 0.647, 0.646, 0.654, 0.648, 0.653, 0.658, 0.669, 0.663, 0.669, 0.65, 0.641, 0.644, 0.658, 0.672, 0.679, 0.679, 0.679, 0.671, 0.663, 0.663, 0.668, 0.669, 0.667, 0.669, 0.67, 0.668, 0.661, 0.657, 0.649, 0.646, 0.649, 0.653, 0.649, 0.646, 0.649, 0.652, 0.653, 0.649, 0.647, 0.647, 0.65, 0.65, 0.651, 0.646, 0.645, 0.642, 0.644, 0.642, 0.642, 0.641, 0.639, 0.637, 0.636, 0.635, 0.637, 0.64, 0.641, 0.643, 0.644, 0.643, 0.642, 0.643, 0.643, 0.642, 0.639, 0.639, 0.639, 0.638, 0.638, 0.639, 0.641, 0.641, 0.642, 0.643, 0.643, 0.641, 0.641, 0.641, 0.643, 0.643, 0.643, 0.642, 0.641, 0.641, 0.638, 0.637, 0.637, 0.637, 0.637, 0.637, 0.637, 0.637, 0.636, 0.637, 0.638, 0.638, 0.64, 0.639, 0.639, 0.639, 0.639, 0.639, 0.639, 0.639, 0.639, 0.639, 0.638, 0.637, 0.637, 0.637, 0.635, 0.635, 0.635, 0.635, 0.635, 0.635, 0.635, 0.634, 0.633, 0.633, 0.633, 0.633, 0.633, 0.633, 0.633, 0.633, 0.634, 0.633, 0.634, 0.634, 0.634, 0.634, 0.634, 0.634, 0.634, 0.634, 0.634, 0.634, 0.634, 0.634, 0.634, 0.634, 0.634, 0.634, 0.634, 0.633, 0.633, 0.634, 0.634, 0.634, 0.634, 0.634, 0.634, 0.634, 0.633, 0.633, 0.633, 0.633, 0.633, 0.633, 0.633, 0.633, 0.633, 0.633, 0.633, 0.633, 0.632, 0.632, 0.632, 0.632, 0.632, 0.632, 0.632, 0.633, 0.633, 0.633, 0.633, 0.633, 0.633, 0.633, 0.633, 0.633, 0.633, 0.633, 0.633, 0.633, 0.633, 0.633, 0.633, 0.633, 0.633, 0.633, 0.633, 0.633, 0.633, 0.633, 0.633, 0.633, 0.633, 0.633, 0.633, 0.633, 0.634, 0.634, 0.634, 0.634, 0.634, 0.634, 0.634, 0.634, 0.634, 0.634, 0.634, 0.634, 0.634, 0.634, 0.634, 0.634, 0.634, 0.634, 0.634, 0.634, 0.634, 0.634, 0.634, 0.634, 0.634, 0.635, 0.635, 0.635, 0.635, 0.635, 0.636, 0.636, 0.636, 0.636, 0.636, 0.636, 0.636, 0.636, 0.636, 0.636, 0.636, 0.636, 0.636, 0.636, 0.636, 0.636, 0.636, 0.636, 0.636, 0.637, 0.637, 0.637, 0.637, 0.637, 0.637, 0.637, 0.637, 0.637, 0.637, 0.637, 0.637, 0.637, 0.637, 0.636, 0.637, 0.637, 0.637, 0.637, 0.637, 0.636, 0.636, 0.636, 0.636, 0.636, 0.636, 0.636, 0.636, 0.636, 0.636, 0.636, 0.636, 0.636, 0.636, 0.636, 0.636, 0.636, 0.637, 0.636, 0.636, 0.636, 0.636, 0.636, 0.636, 0.636, 0.636, 0.636, 0.636, 0.636, 0.636, 0.636, 0.636, 0.636, 0.636, 0.636, 0.636, 0.636, 0.636, 0.636, 0.637]
best validation: 0.658
best test: 0.679
End abalation study
