Experiment run: 
dataset: Cora
num_layers: 3
num_linear_layers: 2
mp_hidden_dim: 3000
fl_hidden_dim: 300
epsilon: 0.14159265358979312
optimizer_lr: 0.001
weight_decay: 0.0005
loss_func: CrossEntropyLoss
total_epoch: 1000
warm_up_epoch_num: 0
first_layer_linear: False
batch_normalization: False
skip_connection: False
dropout: 0.2
[0.0, 0.14285714285714285, 0.14285714285714285, 0.14285714285714285, 0.14285714285714285, 0.14285714285714285, 0.14285714285714285, 0.14285714285714285, 0.14285714285714285, 0.14285714285714285, 0.14285714285714285, 0.14285714285714285, 0.14285714285714285, 0.14285714285714285, 0.14285714285714285, 0.14285714285714285, 0.14285714285714285, 0.14285714285714285, 0.14285714285714285, 0.14285714285714285, 0.14285714285714285, 0.14285714285714285, 0.14285714285714285, 0.14285714285714285, 0.14285714285714285, 0.14285714285714285, 0.14285714285714285, 0.14285714285714285, 0.14285714285714285, 0.14285714285714285, 0.14285714285714285, 0.14285714285714285, 0.14285714285714285, 0.14285714285714285, 0.14285714285714285, 0.19285714285714287, 0.14285714285714285, 0.15, 0.14285714285714285, 0.14285714285714285, 0.14285714285714285, 0.14285714285714285, 0.14285714285714285, 0.14285714285714285, 0.14285714285714285, 0.14285714285714285, 0.14285714285714285, 0.14285714285714285, 0.14285714285714285, 0.14285714285714285, 0.14285714285714285, 0.14285714285714285, 0.14285714285714285, 0.14285714285714285, 0.15, 0.14285714285714285, 0.14285714285714285, 0.14285714285714285, 0.15714285714285714, 0.17142857142857143, 0.15, 0.18571428571428572, 0.14285714285714285, 0.14285714285714285, 0.14285714285714285, 0.17857142857142858, 0.16428571428571428, 0.15714285714285714, 0.15, 0.18571428571428572, 0.2, 0.14285714285714285, 0.14285714285714285, 0.14285714285714285, 0.14285714285714285, 0.20714285714285716, 0.15, 0.15, 0.20714285714285716, 0.22857142857142856, 0.22142857142857142, 0.15714285714285714, 0.15, 0.15, 0.15, 0.14285714285714285, 0.14285714285714285, 0.14285714285714285, 0.17142857142857143, 0.2, 0.17142857142857143, 0.15, 0.2, 0.19285714285714287, 0.15714285714285714, 0.14285714285714285, 0.14285714285714285, 0.14285714285714285, 0.14285714285714285, 0.15714285714285714, 0.14285714285714285, 0.24285714285714285, 0.15, 0.15, 0.21428571428571427, 0.2, 0.2571428571428571, 0.2, 0.14285714285714285, 0.14285714285714285, 0.25, 0.29285714285714287, 0.2785714285714286, 0.2857142857142857, 0.16428571428571428, 0.30714285714285716, 0.19285714285714287, 0.16428571428571428, 0.21428571428571427, 0.2642857142857143, 0.2785714285714286, 0.15, 0.15, 0.15714285714285714, 0.22142857142857142, 0.2, 0.16428571428571428, 0.17857142857142858, 0.2642857142857143, 0.4857142857142857, 0.45, 0.39285714285714285, 0.2571428571428571, 0.24285714285714285, 0.2357142857142857, 0.21428571428571427, 0.35, 0.5071428571428571, 0.4642857142857143, 0.35, 0.29285714285714287, 0.2571428571428571, 0.22142857142857142, 0.32142857142857145, 0.22857142857142856, 0.20714285714285716, 0.20714285714285716, 0.25, 0.35714285714285715, 0.35, 0.39285714285714285, 0.4928571428571429, 0.5357142857142857, 0.42857142857142855, 0.45714285714285713, 0.40714285714285714, 0.4357142857142857, 0.40714285714285714, 0.35, 0.4642857142857143, 0.5, 0.3357142857142857, 0.37142857142857144, 0.35714285714285715, 0.4714285714285714, 0.5071428571428571, 0.6, 0.5785714285714286, 0.4785714285714286, 0.5785714285714286, 0.5428571428571428, 0.45, 0.5357142857142857, 0.39285714285714285, 0.4928571428571429, 0.5928571428571429, 0.5785714285714286, 0.6642857142857143, 0.5428571428571428, 0.55, 0.6285714285714286, 0.6142857142857143, 0.7142857142857143, 0.6285714285714286, 0.7285714285714285, 0.6357142857142857, 0.6642857142857143, 0.5357142857142857, 0.7928571428571428, 0.7928571428571428, 0.6642857142857143, 0.7857142857142857, 0.7357142857142858, 0.7428571428571429, 0.7428571428571429, 0.6071428571428571, 0.8214285714285714, 0.8214285714285714, 0.7928571428571428, 0.8071428571428572, 0.7928571428571428, 0.8357142857142857, 0.8357142857142857, 0.8428571428571429, 0.7642857142857142, 0.8214285714285714, 0.8, 0.8428571428571429, 0.8142857142857143, 0.7214285714285714, 0.7928571428571428, 0.8785714285714286, 0.8285714285714286, 0.85, 0.9071428571428571, 0.8142857142857143, 0.8928571428571429, 0.9, 0.8642857142857143, 0.9071428571428571, 0.9071428571428571, 0.7857142857142857, 0.8928571428571429, 0.9, 0.9142857142857143, 0.9, 0.8714285714285714, 0.85, 0.8571428571428571, 0.9071428571428571, 0.8857142857142857, 0.8285714285714286, 0.9071428571428571, 0.9, 0.8714285714285714, 0.9142857142857143, 0.8785714285714286, 0.9285714285714286, 0.9357142857142857, 0.9214285714285714, 0.9214285714285714, 0.9214285714285714, 0.9357142857142857, 0.9285714285714286, 0.9357142857142857, 0.95, 0.9214285714285714, 0.9357142857142857, 0.95, 0.9357142857142857, 0.9285714285714286, 0.9428571428571428, 0.9428571428571428, 0.9428571428571428, 0.9357142857142857, 0.9571428571428572, 0.9571428571428572, 0.9357142857142857, 0.9428571428571428, 0.9428571428571428, 0.9571428571428572, 0.9571428571428572, 0.95, 0.9642857142857143, 0.9571428571428572, 0.9642857142857143, 0.9571428571428572, 0.9642857142857143, 0.9571428571428572, 0.9214285714285714, 0.9571428571428572, 0.9571428571428572, 0.9285714285714286, 0.9642857142857143, 0.9571428571428572, 0.9428571428571428, 0.9785714285714285, 0.9571428571428572, 1.0, 0.9571428571428572, 0.9642857142857143, 0.9642857142857143, 0.95, 0.9857142857142858, 0.9714285714285714, 0.9928571428571429, 0.9785714285714285, 0.9857142857142858, 0.9857142857142858, 0.9928571428571429, 0.9857142857142858, 0.9928571428571429, 0.9785714285714285, 0.9857142857142858, 0.9857142857142858, 1.0, 0.9714285714285714, 1.0, 0.9857142857142858, 0.9857142857142858, 1.0, 0.9857142857142858, 1.0, 0.9928571428571429, 0.9928571428571429, 1.0, 0.9857142857142858, 1.0, 0.9928571428571429, 1.0, 0.9785714285714285, 1.0, 0.9857142857142858, 0.9785714285714285, 0.9928571428571429, 0.9642857142857143, 1.0, 0.9785714285714285, 1.0, 0.9785714285714285, 1.0, 0.9928571428571429, 1.0, 0.9857142857142858, 1.0, 0.9785714285714285, 1.0, 0.9928571428571429, 1.0, 1.0, 1.0, 0.9928571428571429, 1.0, 0.9928571428571429, 1.0, 0.9928571428571429, 1.0, 1.0, 1.0, 1.0, 1.0, 1.0, 1.0, 0.9928571428571429, 1.0, 1.0, 1.0, 0.9857142857142858, 1.0, 0.9928571428571429, 1.0, 0.9785714285714285, 1.0, 0.9928571428571429, 1.0, 1.0, 1.0, 1.0, 1.0, 1.0, 1.0, 1.0, 1.0, 1.0, 1.0, 1.0, 1.0, 1.0, 1.0, 1.0, 1.0, 1.0, 1.0, 1.0, 1.0, 1.0, 1.0, 1.0, 1.0, 1.0, 1.0, 1.0, 1.0, 1.0, 1.0, 1.0, 1.0, 1.0, 1.0, 1.0, 1.0, 1.0, 1.0, 1.0, 1.0, 1.0, 1.0, 1.0, 1.0, 1.0, 1.0, 1.0, 1.0, 1.0, 1.0, 1.0, 1.0, 1.0, 1.0, 1.0, 1.0, 1.0, 1.0, 1.0, 1.0, 1.0, 1.0, 1.0, 1.0, 1.0, 1.0, 1.0, 1.0, 1.0, 1.0, 1.0, 0.9571428571428572, 0.9142857142857143, 0.9785714285714285, 0.9857142857142858, 0.9857142857142858, 0.9285714285714286, 0.9428571428571428, 0.9642857142857143, 1.0, 0.9571428571428572, 1.0, 0.9642857142857143, 0.9928571428571429, 0.9357142857142857, 0.9857142857142858, 0.9071428571428571, 0.9142857142857143, 1.0, 0.9642857142857143, 1.0, 0.8928571428571429, 0.9857142857142858, 0.8857142857142857, 0.9785714285714285, 0.9, 0.8714285714285714, 0.9285714285714286, 0.95, 0.8785714285714286, 0.9714285714285714, 1.0, 0.9, 1.0, 0.8071428571428572, 1.0, 0.8428571428571429, 1.0, 1.0, 0.9428571428571428, 0.9857142857142858, 1.0, 1.0, 0.9857142857142858, 1.0, 1.0, 1.0, 0.9928571428571429, 1.0, 1.0, 0.9928571428571429, 1.0, 1.0, 1.0, 1.0, 1.0, 1.0, 1.0, 1.0, 1.0, 1.0, 1.0, 1.0, 1.0, 1.0, 1.0, 1.0, 1.0, 1.0, 1.0, 1.0, 1.0, 1.0, 1.0, 1.0, 1.0, 1.0, 1.0, 1.0, 1.0, 1.0, 1.0, 1.0, 1.0, 1.0, 1.0, 1.0, 1.0, 1.0, 1.0, 1.0, 1.0, 1.0, 1.0, 1.0, 1.0, 1.0, 1.0, 1.0, 1.0, 1.0, 1.0, 1.0, 1.0, 1.0, 1.0, 1.0, 1.0, 1.0, 1.0, 1.0, 1.0, 1.0, 1.0, 1.0, 1.0, 1.0, 1.0, 1.0, 1.0, 1.0, 1.0, 1.0, 1.0, 1.0, 1.0, 1.0, 1.0, 1.0, 1.0, 1.0, 1.0, 1.0, 1.0, 1.0, 1.0, 1.0, 1.0, 1.0, 1.0, 1.0, 1.0, 1.0, 1.0, 1.0, 1.0, 1.0, 1.0, 1.0, 1.0, 1.0, 1.0, 1.0, 1.0, 1.0, 1.0, 1.0, 1.0, 1.0, 1.0, 1.0, 1.0, 1.0, 1.0, 1.0, 1.0, 1.0, 1.0, 1.0, 1.0, 1.0, 1.0, 1.0, 1.0, 1.0, 1.0, 1.0, 1.0, 1.0, 1.0, 1.0, 1.0, 1.0, 1.0, 1.0, 1.0, 1.0, 1.0, 1.0, 1.0, 1.0, 1.0, 1.0, 1.0, 1.0, 1.0, 1.0, 1.0, 1.0, 1.0, 1.0, 1.0, 1.0, 1.0, 1.0, 1.0, 1.0, 1.0, 1.0, 1.0, 1.0, 1.0, 1.0, 1.0, 1.0, 1.0, 1.0, 1.0, 1.0, 1.0, 1.0, 1.0, 1.0, 1.0, 1.0, 1.0, 1.0, 1.0, 1.0, 1.0, 1.0, 1.0, 1.0, 1.0, 1.0, 1.0, 1.0, 1.0, 1.0, 1.0, 1.0, 1.0, 1.0, 1.0, 1.0, 1.0, 1.0, 1.0, 1.0, 1.0, 1.0, 1.0, 1.0, 1.0, 1.0, 1.0, 1.0, 1.0, 1.0, 1.0, 1.0, 1.0, 1.0, 1.0, 1.0, 1.0, 1.0, 1.0, 1.0, 1.0, 1.0, 1.0, 1.0, 1.0, 1.0, 1.0, 1.0, 1.0, 1.0, 1.0, 1.0, 1.0, 1.0, 1.0, 1.0, 1.0, 1.0, 1.0, 1.0, 1.0, 1.0, 1.0, 1.0, 1.0, 1.0, 1.0, 1.0, 1.0, 1.0, 1.0, 1.0, 1.0, 1.0, 1.0, 1.0, 1.0, 1.0, 1.0, 1.0, 1.0, 1.0, 1.0, 1.0, 1.0, 1.0, 1.0, 1.0, 1.0, 1.0, 1.0, 1.0, 1.0, 1.0, 1.0, 1.0, 1.0, 1.0, 1.0, 1.0, 1.0, 1.0, 1.0, 1.0, 1.0, 1.0, 1.0, 1.0, 1.0, 1.0, 1.0, 1.0, 1.0, 1.0, 1.0, 1.0, 1.0, 1.0, 1.0, 1.0, 1.0, 1.0, 1.0, 1.0, 1.0, 1.0, 1.0, 1.0, 1.0, 1.0, 1.0, 1.0, 1.0, 1.0, 1.0, 1.0, 1.0, 1.0, 1.0, 1.0, 1.0, 1.0, 1.0, 1.0, 1.0, 1.0, 1.0, 1.0, 1.0, 1.0, 1.0, 1.0, 1.0, 1.0, 1.0, 1.0, 1.0, 1.0, 1.0, 1.0, 1.0, 1.0, 1.0, 1.0, 1.0, 1.0, 1.0, 1.0, 1.0, 1.0, 1.0, 1.0, 1.0, 1.0, 1.0, 1.0, 1.0, 1.0, 1.0, 1.0, 1.0, 1.0, 1.0, 1.0, 1.0, 1.0, 1.0, 1.0, 1.0, 1.0, 1.0, 1.0, 1.0, 1.0, 1.0, 1.0, 1.0, 1.0, 1.0, 1.0, 1.0, 1.0, 1.0, 1.0, 1.0, 1.0, 1.0, 1.0, 1.0, 1.0, 1.0, 1.0, 1.0, 1.0, 1.0, 1.0, 1.0, 1.0, 1.0, 1.0, 1.0, 1.0, 1.0, 1.0, 1.0, 1.0, 1.0, 1.0, 1.0, 1.0, 1.0, 1.0, 1.0, 1.0, 1.0, 1.0, 1.0, 1.0, 1.0, 1.0, 1.0, 1.0, 1.0, 1.0, 1.0, 1.0, 1.0, 1.0, 1.0, 1.0, 1.0, 1.0, 1.0, 1.0, 1.0, 1.0, 0.9642857142857143, 0.6357142857142857, 0.3, 0.4357142857142857, 0.38571428571428573, 0.3, 0.22857142857142856, 0.36428571428571427, 0.4, 0.5642857142857143, 0.4857142857142857, 0.42142857142857143, 0.2357142857142857, 0.24285714285714285, 0.42857142857142855, 0.5357142857142857, 0.5714285714285714, 0.5785714285714286, 0.5642857142857143, 0.6285714285714286, 0.7357142857142858, 0.7142857142857143, 0.8571428571428571, 0.7357142857142858, 0.7285714285714285, 0.9928571428571429, 0.9071428571428571, 0.9714285714285714, 0.9785714285714285, 0.9785714285714285, 0.9571428571428572, 0.9571428571428572, 1.0, 1.0, 0.9857142857142858, 1.0, 1.0, 1.0, 1.0, 1.0, 1.0, 1.0, 1.0, 1.0, 1.0, 1.0, 1.0, 1.0, 1.0, 1.0, 1.0, 1.0, 1.0, 1.0, 1.0, 1.0, 1.0, 1.0, 1.0, 1.0, 1.0, 1.0, 1.0, 1.0, 1.0, 1.0, 1.0, 1.0, 1.0, 1.0, 1.0, 1.0, 1.0, 1.0, 1.0, 1.0, 1.0, 1.0, 1.0, 1.0, 1.0, 1.0, 1.0, 1.0, 1.0, 1.0, 1.0, 1.0, 1.0]
[0.0, 0.156, 0.156, 0.156, 0.156, 0.156, 0.156, 0.156, 0.156, 0.156, 0.058, 0.316, 0.122, 0.162, 0.072, 0.072, 0.072, 0.058, 0.058, 0.058, 0.156, 0.156, 0.156, 0.156, 0.156, 0.162, 0.162, 0.072, 0.072, 0.072, 0.072, 0.072, 0.072, 0.072, 0.072, 0.102, 0.114, 0.114, 0.162, 0.162, 0.162, 0.162, 0.156, 0.156, 0.156, 0.156, 0.156, 0.156, 0.156, 0.122, 0.122, 0.122, 0.122, 0.122, 0.122, 0.162, 0.162, 0.162, 0.208, 0.112, 0.088, 0.144, 0.156, 0.156, 0.156, 0.168, 0.124, 0.122, 0.124, 0.132, 0.202, 0.162, 0.162, 0.162, 0.162, 0.088, 0.08, 0.166, 0.298, 0.242, 0.19, 0.122, 0.122, 0.122, 0.122, 0.122, 0.122, 0.122, 0.24, 0.318, 0.246, 0.128, 0.146, 0.184, 0.172, 0.162, 0.162, 0.162, 0.162, 0.058, 0.058, 0.144, 0.164, 0.176, 0.164, 0.126, 0.182, 0.19, 0.164, 0.162, 0.228, 0.168, 0.16, 0.184, 0.072, 0.232, 0.194, 0.178, 0.202, 0.194, 0.156, 0.122, 0.124, 0.154, 0.258, 0.148, 0.114, 0.088, 0.164, 0.276, 0.302, 0.276, 0.202, 0.204, 0.19, 0.15, 0.268, 0.342, 0.298, 0.206, 0.212, 0.204, 0.204, 0.228, 0.146, 0.134, 0.136, 0.14, 0.154, 0.158, 0.226, 0.33, 0.386, 0.38, 0.376, 0.31, 0.274, 0.182, 0.204, 0.254, 0.328, 0.266, 0.308, 0.254, 0.282, 0.354, 0.386, 0.36, 0.364, 0.402, 0.296, 0.26, 0.318, 0.25, 0.376, 0.412, 0.314, 0.398, 0.444, 0.364, 0.404, 0.38, 0.462, 0.464, 0.476, 0.432, 0.382, 0.392, 0.486, 0.504, 0.492, 0.532, 0.452, 0.544, 0.52, 0.368, 0.592, 0.606, 0.496, 0.508, 0.598, 0.544, 0.578, 0.6, 0.492, 0.56, 0.574, 0.522, 0.578, 0.504, 0.5, 0.632, 0.578, 0.534, 0.57, 0.596, 0.564, 0.58, 0.61, 0.588, 0.552, 0.612, 0.548, 0.58, 0.636, 0.602, 0.594, 0.532, 0.616, 0.562, 0.526, 0.632, 0.62, 0.538, 0.646, 0.638, 0.536, 0.626, 0.678, 0.592, 0.614, 0.64, 0.634, 0.586, 0.618, 0.648, 0.62, 0.634, 0.636, 0.636, 0.632, 0.642, 0.644, 0.634, 0.62, 0.648, 0.634, 0.62, 0.624, 0.628, 0.66, 0.636, 0.62, 0.648, 0.65, 0.646, 0.608, 0.64, 0.65, 0.602, 0.64, 0.638, 0.578, 0.648, 0.64, 0.6, 0.604, 0.636, 0.658, 0.582, 0.656, 0.654, 0.584, 0.632, 0.648, 0.66, 0.606, 0.62, 0.656, 0.656, 0.626, 0.666, 0.65, 0.616, 0.622, 0.65, 0.64, 0.672, 0.616, 0.606, 0.672, 0.662, 0.67, 0.638, 0.606, 0.628, 0.63, 0.658, 0.64, 0.634, 0.626, 0.676, 0.606, 0.658, 0.608, 0.546, 0.662, 0.658, 0.63, 0.58, 0.638, 0.656, 0.66, 0.636, 0.66, 0.65, 0.636, 0.592, 0.632, 0.67, 0.662, 0.584, 0.608, 0.658, 0.674, 0.554, 0.638, 0.656, 0.664, 0.626, 0.628, 0.65, 0.648, 0.598, 0.578, 0.622, 0.658, 0.64, 0.668, 0.602, 0.624, 0.636, 0.656, 0.624, 0.648, 0.65, 0.656, 0.618, 0.608, 0.646, 0.638, 0.674, 0.652, 0.622, 0.636, 0.662, 0.664, 0.64, 0.624, 0.654, 0.666, 0.662, 0.626, 0.612, 0.648, 0.652, 0.65, 0.648, 0.64, 0.64, 0.65, 0.64, 0.642, 0.62, 0.658, 0.666, 0.63, 0.596, 0.634, 0.666, 0.674, 0.68, 0.626, 0.598, 0.64, 0.654, 0.676, 0.648, 0.65, 0.628, 0.644, 0.65, 0.654, 0.66, 0.648, 0.644, 0.65, 0.67, 0.664, 0.628, 0.614, 0.648, 0.67, 0.664, 0.668, 0.598, 0.584, 0.638, 0.644, 0.636, 0.636, 0.652, 0.614, 0.596, 0.59, 0.656, 0.612, 0.522, 0.556, 0.616, 0.628, 0.508, 0.554, 0.584, 0.59, 0.54, 0.668, 0.618, 0.564, 0.438, 0.642, 0.622, 0.42, 0.558, 0.642, 0.64, 0.532, 0.616, 0.588, 0.546, 0.45, 0.552, 0.604, 0.546, 0.406, 0.544, 0.65, 0.602, 0.584, 0.358, 0.646, 0.586, 0.658, 0.594, 0.438, 0.556, 0.648, 0.664, 0.63, 0.65, 0.588, 0.582, 0.592, 0.624, 0.628, 0.628, 0.66, 0.666, 0.634, 0.612, 0.644, 0.658, 0.638, 0.646, 0.636, 0.648, 0.638, 0.638, 0.63, 0.632, 0.644, 0.664, 0.666, 0.652, 0.658, 0.644, 0.632, 0.636, 0.636, 0.65, 0.66, 0.672, 0.67, 0.662, 0.658, 0.656, 0.658, 0.66, 0.664, 0.662, 0.662, 0.658, 0.65, 0.648, 0.658, 0.652, 0.652, 0.662, 0.662, 0.654, 0.654, 0.662, 0.668, 0.662, 0.654, 0.638, 0.64, 0.644, 0.646, 0.644, 0.648, 0.66, 0.662, 0.666, 0.67, 0.666, 0.666, 0.662, 0.65, 0.642, 0.63, 0.636, 0.64, 0.642, 0.646, 0.642, 0.662, 0.672, 0.66, 0.664, 0.662, 0.66, 0.648, 0.64, 0.628, 0.636, 0.646, 0.646, 0.66, 0.66, 0.666, 0.652, 0.658, 0.644, 0.632, 0.628, 0.626, 0.64, 0.638, 0.638, 0.652, 0.648, 0.642, 0.652, 0.66, 0.642, 0.638, 0.648, 0.64, 0.636, 0.638, 0.65, 0.648, 0.662, 0.658, 0.666, 0.66, 0.646, 0.648, 0.654, 0.65, 0.64, 0.64, 0.644, 0.642, 0.648, 0.642, 0.638, 0.648, 0.646, 0.66, 0.664, 0.656, 0.648, 0.642, 0.638, 0.654, 0.65, 0.652, 0.662, 0.654, 0.654, 0.66, 0.646, 0.636, 0.636, 0.636, 0.644, 0.65, 0.662, 0.662, 0.668, 0.668, 0.674, 0.668, 0.664, 0.656, 0.64, 0.626, 0.626, 0.628, 0.644, 0.662, 0.666, 0.672, 0.676, 0.668, 0.662, 0.666, 0.656, 0.65, 0.644, 0.636, 0.64, 0.65, 0.662, 0.654, 0.662, 0.66, 0.648, 0.642, 0.636, 0.636, 0.64, 0.658, 0.658, 0.646, 0.64, 0.636, 0.628, 0.632, 0.642, 0.666, 0.666, 0.664, 0.652, 0.648, 0.63, 0.626, 0.616, 0.62, 0.632, 0.648, 0.654, 0.674, 0.674, 0.654, 0.648, 0.634, 0.63, 0.63, 0.636, 0.638, 0.642, 0.64, 0.636, 0.64, 0.65, 0.654, 0.658, 0.666, 0.658, 0.662, 0.652, 0.634, 0.644, 0.644, 0.65, 0.656, 0.654, 0.644, 0.646, 0.642, 0.648, 0.652, 0.644, 0.646, 0.628, 0.632, 0.63, 0.642, 0.66, 0.676, 0.676, 0.676, 0.674, 0.662, 0.644, 0.646, 0.636, 0.632, 0.638, 0.634, 0.64, 0.656, 0.66, 0.668, 0.662, 0.644, 0.64, 0.636, 0.622, 0.634, 0.644, 0.654, 0.654, 0.658, 0.648, 0.656, 0.654, 0.65, 0.648, 0.642, 0.64, 0.65, 0.638, 0.626, 0.63, 0.642, 0.65, 0.654, 0.652, 0.64, 0.636, 0.65, 0.674, 0.674, 0.668, 0.658, 0.642, 0.632, 0.63, 0.622, 0.636, 0.648, 0.652, 0.654, 0.656, 0.64, 0.628, 0.62, 0.634, 0.636, 0.636, 0.634, 0.644, 0.638, 0.644, 0.632, 0.644, 0.654, 0.656, 0.652, 0.642, 0.648, 0.644, 0.642, 0.634, 0.652, 0.618, 0.624, 0.61, 0.6, 0.64, 0.646, 0.64, 0.66, 0.654, 0.646, 0.644, 0.644, 0.64, 0.626, 0.638, 0.636, 0.644, 0.646, 0.654, 0.66, 0.65, 0.66, 0.664, 0.66, 0.648, 0.638, 0.63, 0.636, 0.636, 0.642, 0.676, 0.654, 0.658, 0.668, 0.64, 0.622, 0.614, 0.626, 0.63, 0.65, 0.664, 0.662, 0.66, 0.658, 0.64, 0.634, 0.634, 0.624, 0.626, 0.642, 0.658, 0.664, 0.67, 0.67, 0.648, 0.628, 0.63, 0.638, 0.65, 0.66, 0.664, 0.658, 0.652, 0.652, 0.636, 0.636, 0.65, 0.644, 0.638, 0.64, 0.638, 0.634, 0.618, 0.622, 0.654, 0.662, 0.66, 0.652, 0.628, 0.592, 0.598, 0.644, 0.656, 0.656, 0.652, 0.638, 0.632, 0.642, 0.65, 0.654, 0.652, 0.642, 0.628, 0.63, 0.632, 0.636, 0.664, 0.65, 0.624, 0.636, 0.632, 0.64, 0.628, 0.64, 0.636, 0.648, 0.652, 0.648, 0.638, 0.614, 0.594, 0.652, 0.662, 0.67, 0.646, 0.608, 0.606, 0.612, 0.65, 0.6, 0.638, 0.528, 0.398, 0.222, 0.278, 0.198, 0.216, 0.196, 0.21, 0.166, 0.242, 0.204, 0.39, 0.154, 0.336, 0.396, 0.244, 0.224, 0.248, 0.352, 0.398, 0.444, 0.33, 0.37, 0.352, 0.456, 0.63, 0.482, 0.536, 0.608, 0.62, 0.506, 0.484, 0.584, 0.642, 0.646, 0.644, 0.578, 0.55, 0.58, 0.63, 0.66, 0.638, 0.614, 0.642, 0.65, 0.632, 0.616, 0.606, 0.61, 0.622, 0.648, 0.654, 0.628, 0.578, 0.588, 0.648, 0.662, 0.658, 0.628, 0.59, 0.596, 0.646, 0.658, 0.672, 0.652, 0.632, 0.606, 0.598, 0.616, 0.64, 0.648, 0.654, 0.648, 0.622, 0.624, 0.628, 0.628, 0.638, 0.64, 0.646, 0.646, 0.646, 0.636, 0.624, 0.62, 0.624, 0.64, 0.656, 0.658]
[0.0, 0.144, 0.144, 0.144, 0.144, 0.144, 0.144, 0.144, 0.144, 0.144, 0.064, 0.319, 0.13, 0.149, 0.091, 0.091, 0.091, 0.064, 0.064, 0.064, 0.144, 0.144, 0.144, 0.144, 0.144, 0.149, 0.149, 0.091, 0.091, 0.091, 0.091, 0.091, 0.091, 0.091, 0.091, 0.105, 0.103, 0.105, 0.149, 0.149, 0.149, 0.149, 0.144, 0.144, 0.144, 0.144, 0.144, 0.144, 0.144, 0.13, 0.13, 0.13, 0.13, 0.13, 0.13, 0.149, 0.149, 0.149, 0.187, 0.117, 0.099, 0.123, 0.145, 0.144, 0.144, 0.157, 0.135, 0.135, 0.136, 0.143, 0.198, 0.149, 0.149, 0.149, 0.149, 0.12, 0.097, 0.167, 0.295, 0.233, 0.182, 0.134, 0.131, 0.131, 0.131, 0.13, 0.13, 0.13, 0.269, 0.321, 0.263, 0.14, 0.156, 0.169, 0.161, 0.149, 0.149, 0.149, 0.149, 0.066, 0.067, 0.155, 0.165, 0.179, 0.175, 0.118, 0.16, 0.176, 0.149, 0.15, 0.232, 0.192, 0.182, 0.205, 0.095, 0.216, 0.166, 0.165, 0.179, 0.169, 0.163, 0.131, 0.138, 0.158, 0.3, 0.162, 0.119, 0.102, 0.149, 0.256, 0.269, 0.261, 0.201, 0.2, 0.183, 0.159, 0.28, 0.305, 0.276, 0.187, 0.176, 0.182, 0.186, 0.245, 0.157, 0.15, 0.153, 0.157, 0.185, 0.157, 0.203, 0.292, 0.356, 0.359, 0.369, 0.361, 0.313, 0.195, 0.181, 0.233, 0.294, 0.241, 0.284, 0.234, 0.284, 0.351, 0.357, 0.332, 0.355, 0.358, 0.275, 0.265, 0.302, 0.208, 0.395, 0.411, 0.319, 0.403, 0.426, 0.335, 0.405, 0.377, 0.425, 0.473, 0.457, 0.455, 0.358, 0.414, 0.475, 0.521, 0.508, 0.526, 0.473, 0.569, 0.492, 0.402, 0.563, 0.572, 0.549, 0.557, 0.584, 0.59, 0.602, 0.582, 0.534, 0.544, 0.58, 0.555, 0.554, 0.528, 0.517, 0.649, 0.582, 0.557, 0.624, 0.623, 0.604, 0.643, 0.639, 0.622, 0.614, 0.608, 0.595, 0.612, 0.667, 0.643, 0.596, 0.562, 0.601, 0.613, 0.589, 0.609, 0.658, 0.594, 0.636, 0.668, 0.587, 0.667, 0.677, 0.645, 0.662, 0.66, 0.677, 0.631, 0.641, 0.688, 0.671, 0.656, 0.683, 0.671, 0.68, 0.682, 0.686, 0.68, 0.653, 0.687, 0.682, 0.664, 0.66, 0.661, 0.701, 0.675, 0.674, 0.692, 0.689, 0.695, 0.667, 0.675, 0.685, 0.645, 0.665, 0.685, 0.625, 0.692, 0.656, 0.641, 0.668, 0.648, 0.707, 0.639, 0.682, 0.665, 0.639, 0.693, 0.671, 0.696, 0.676, 0.678, 0.681, 0.694, 0.687, 0.712, 0.681, 0.68, 0.694, 0.696, 0.671, 0.713, 0.674, 0.657, 0.714, 0.72, 0.707, 0.672, 0.659, 0.694, 0.668, 0.699, 0.69, 0.692, 0.66, 0.723, 0.68, 0.675, 0.655, 0.59, 0.715, 0.678, 0.685, 0.647, 0.686, 0.67, 0.71, 0.682, 0.701, 0.674, 0.698, 0.644, 0.666, 0.702, 0.715, 0.655, 0.671, 0.684, 0.705, 0.634, 0.693, 0.692, 0.677, 0.648, 0.694, 0.709, 0.681, 0.64, 0.645, 0.665, 0.691, 0.672, 0.713, 0.657, 0.652, 0.647, 0.711, 0.673, 0.692, 0.677, 0.707, 0.669, 0.664, 0.692, 0.665, 0.716, 0.706, 0.677, 0.684, 0.704, 0.707, 0.689, 0.688, 0.711, 0.719, 0.701, 0.654, 0.658, 0.699, 0.702, 0.673, 0.665, 0.682, 0.68, 0.702, 0.659, 0.673, 0.68, 0.71, 0.704, 0.666, 0.658, 0.683, 0.704, 0.707, 0.702, 0.67, 0.648, 0.691, 0.704, 0.703, 0.683, 0.694, 0.681, 0.689, 0.677, 0.691, 0.71, 0.699, 0.694, 0.686, 0.695, 0.696, 0.682, 0.669, 0.696, 0.704, 0.716, 0.712, 0.619, 0.633, 0.686, 0.699, 0.675, 0.645, 0.702, 0.647, 0.633, 0.606, 0.706, 0.643, 0.517, 0.591, 0.663, 0.646, 0.522, 0.6, 0.608, 0.599, 0.576, 0.712, 0.659, 0.575, 0.507, 0.655, 0.645, 0.484, 0.578, 0.631, 0.691, 0.559, 0.635, 0.58, 0.577, 0.496, 0.554, 0.642, 0.595, 0.471, 0.539, 0.675, 0.635, 0.644, 0.42, 0.682, 0.607, 0.699, 0.641, 0.497, 0.573, 0.643, 0.673, 0.683, 0.716, 0.663, 0.623, 0.619, 0.66, 0.673, 0.68, 0.708, 0.697, 0.647, 0.641, 0.693, 0.707, 0.691, 0.696, 0.685, 0.669, 0.671, 0.679, 0.696, 0.69, 0.706, 0.698, 0.679, 0.678, 0.685, 0.693, 0.685, 0.673, 0.697, 0.695, 0.684, 0.686, 0.692, 0.703, 0.708, 0.707, 0.707, 0.701, 0.692, 0.689, 0.689, 0.693, 0.697, 0.7, 0.701, 0.701, 0.691, 0.693, 0.69, 0.701, 0.708, 0.709, 0.703, 0.699, 0.689, 0.686, 0.688, 0.69, 0.696, 0.698, 0.706, 0.707, 0.698, 0.697, 0.696, 0.695, 0.687, 0.688, 0.693, 0.694, 0.688, 0.684, 0.689, 0.686, 0.677, 0.669, 0.681, 0.702, 0.708, 0.708, 0.709, 0.693, 0.682, 0.677, 0.671, 0.689, 0.694, 0.701, 0.706, 0.7, 0.689, 0.675, 0.691, 0.69, 0.696, 0.692, 0.685, 0.679, 0.651, 0.67, 0.699, 0.704, 0.7, 0.7, 0.687, 0.665, 0.669, 0.684, 0.691, 0.694, 0.695, 0.698, 0.697, 0.679, 0.675, 0.691, 0.706, 0.694, 0.701, 0.696, 0.684, 0.675, 0.679, 0.688, 0.696, 0.686, 0.694, 0.689, 0.678, 0.673, 0.685, 0.703, 0.702, 0.699, 0.692, 0.687, 0.683, 0.682, 0.689, 0.703, 0.705, 0.708, 0.7, 0.683, 0.682, 0.678, 0.688, 0.696, 0.702, 0.705, 0.698, 0.692, 0.693, 0.699, 0.703, 0.706, 0.702, 0.694, 0.682, 0.671, 0.675, 0.681, 0.696, 0.697, 0.699, 0.701, 0.702, 0.703, 0.703, 0.699, 0.684, 0.681, 0.682, 0.695, 0.701, 0.696, 0.69, 0.677, 0.676, 0.695, 0.698, 0.693, 0.695, 0.697, 0.681, 0.68, 0.685, 0.695, 0.684, 0.682, 0.689, 0.697, 0.691, 0.704, 0.716, 0.702, 0.699, 0.675, 0.666, 0.646, 0.671, 0.687, 0.706, 0.711, 0.703, 0.693, 0.676, 0.684, 0.686, 0.687, 0.69, 0.687, 0.693, 0.689, 0.68, 0.681, 0.69, 0.698, 0.705, 0.697, 0.683, 0.675, 0.699, 0.699, 0.691, 0.692, 0.687, 0.681, 0.68, 0.692, 0.695, 0.701, 0.694, 0.688, 0.683, 0.684, 0.689, 0.685, 0.678, 0.69, 0.689, 0.685, 0.687, 0.688, 0.689, 0.699, 0.701, 0.692, 0.694, 0.686, 0.681, 0.681, 0.685, 0.688, 0.697, 0.701, 0.693, 0.686, 0.677, 0.674, 0.685, 0.683, 0.688, 0.694, 0.682, 0.677, 0.683, 0.694, 0.698, 0.702, 0.689, 0.675, 0.665, 0.682, 0.69, 0.693, 0.688, 0.681, 0.687, 0.691, 0.691, 0.69, 0.682, 0.681, 0.689, 0.699, 0.693, 0.694, 0.699, 0.698, 0.69, 0.671, 0.661, 0.668, 0.686, 0.703, 0.707, 0.704, 0.686, 0.678, 0.679, 0.689, 0.687, 0.686, 0.686, 0.682, 0.673, 0.667, 0.688, 0.704, 0.705, 0.7, 0.689, 0.672, 0.672, 0.692, 0.699, 0.701, 0.677, 0.62, 0.657, 0.655, 0.652, 0.689, 0.657, 0.663, 0.693, 0.71, 0.707, 0.7, 0.692, 0.665, 0.655, 0.663, 0.686, 0.691, 0.696, 0.703, 0.694, 0.685, 0.688, 0.699, 0.708, 0.699, 0.687, 0.672, 0.67, 0.671, 0.677, 0.698, 0.717, 0.716, 0.706, 0.684, 0.667, 0.646, 0.655, 0.667, 0.692, 0.699, 0.697, 0.706, 0.703, 0.69, 0.678, 0.678, 0.678, 0.679, 0.691, 0.686, 0.69, 0.693, 0.7, 0.704, 0.691, 0.679, 0.687, 0.692, 0.693, 0.696, 0.701, 0.702, 0.684, 0.679, 0.68, 0.685, 0.69, 0.687, 0.684, 0.688, 0.684, 0.671, 0.671, 0.693, 0.692, 0.693, 0.696, 0.685, 0.649, 0.644, 0.671, 0.678, 0.678, 0.702, 0.697, 0.693, 0.691, 0.673, 0.667, 0.685, 0.694, 0.683, 0.688, 0.655, 0.633, 0.679, 0.692, 0.686, 0.687, 0.666, 0.648, 0.668, 0.692, 0.702, 0.698, 0.695, 0.669, 0.666, 0.674, 0.655, 0.694, 0.664, 0.666, 0.703, 0.657, 0.655, 0.618, 0.696, 0.666, 0.643, 0.531, 0.436, 0.204, 0.271, 0.222, 0.212, 0.188, 0.259, 0.191, 0.283, 0.224, 0.396, 0.206, 0.335, 0.407, 0.275, 0.266, 0.25, 0.343, 0.374, 0.442, 0.37, 0.409, 0.378, 0.442, 0.667, 0.525, 0.552, 0.604, 0.635, 0.541, 0.535, 0.636, 0.657, 0.652, 0.682, 0.645, 0.599, 0.6, 0.649, 0.663, 0.69, 0.665, 0.694, 0.667, 0.663, 0.656, 0.651, 0.662, 0.677, 0.688, 0.684, 0.668, 0.63, 0.64, 0.683, 0.686, 0.676, 0.678, 0.648, 0.645, 0.674, 0.688, 0.693, 0.702, 0.683, 0.651, 0.636, 0.651, 0.67, 0.686, 0.698, 0.697, 0.671, 0.655, 0.65, 0.672, 0.682, 0.689, 0.695, 0.693, 0.691, 0.668, 0.664, 0.667, 0.67, 0.685, 0.697, 0.696]
best Valid: 0.68
best test: 0.723


Experiment run: 
dataset: Cora
num_layers: 3
num_linear_layers: 2
mp_hidden_dim: 3000
fl_hidden_dim: 300
epsilon: 0.14159265358979312
optimizer_lr: 0.001
weight_decay: 0.0005
loss_func: CrossEntropyLoss
total_epoch: 1000
warm_up_epoch_num: 0
first_layer_linear: False
batch_normalization: False
skip_connection: False
dropout: 0.2
Experiment run: 
dataset: Cora
num_layers: 3
num_linear_layers: 2
mp_hidden_dim: 3000
fl_hidden_dim: 300
epsilon: 0.14159265358979312
optimizer_lr: 0.001
weight_decay: 0.0005
loss_func: CrossEntropyLoss
total_epoch: 1000
warm_up_epoch_num: 0
first_layer_linear: False
batch_normalization: False
skip_connection: False
dropout: 0.2
Experiment run: 
dataset: Cora
num_layers: 3
num_linear_layers: 2
mp_hidden_dim: 3000
fl_hidden_dim: 300
epsilon: 0.14159265358979312
optimizer_lr: 0.01
weight_decay: 0.0005
loss_func: CrossEntropyLoss
total_epoch: 1000
warm_up_epoch_num: 0
first_layer_linear: False
batch_normalization: False
skip_connection: False
dropout: 0.2
Experiment run: 
dataset: Cora
num_layers: 3
num_linear_layers: 2
mp_hidden_dim: 512
fl_hidden_dim: 512
epsilon: 3.141592653589793
optimizer_lr: 0.001
Experiment run: 
dataset: Cora
num_layers: 3
num_linear_layers: 2
mp_hidden_dim: 512
fl_hidden_dim: 512
epsilon: 3.141592653589793
optimizer_lr: 0.001
loss_func: CrossEntropyLoss
total_epoch: 1000
warm_up_epoch_num: 0
first_layer_linear: False
batch_normalization: False
skip_connection: False
dropout: 0.2
Experiment run: 
dataset: Cora
num_layers: 3
num_linear_layers: 1
mp_hidden_dim: 512
fl_hidden_dim: 512
epsilon: 3.141592653589793
optimizer_lr: 0.001
loss_func: CrossEntropyLoss
total_epoch: 1000
warm_up_epoch_num: 0
first_layer_linear: False
batch_normalization: False
skip_connection: False
dropout: 0
Experiment run: 
dataset: Cora
num_layers: 3
num_linear_layers: 0
mp_hidden_dim: 512
fl_hidden_dim: 512
epsilon: 3.141592653589793
optimizer_lr: 0.001
loss_func: CrossEntropyLoss
total_epoch: 1000
warm_up_epoch_num: 0
first_layer_linear: False
batch_normalization: False
skip_connection: False
dropout: 0
Experiment run: 
dataset: Cora
num_layers: 3
num_linear_layers: 0
mp_hidden_dim: 512
fl_hidden_dim: 512
epsilon: 3.141592653589793
optimizer_lr: 0.001
loss_func: CrossEntropyLoss
total_epoch: 1000
warm_up_epoch_num: 0
first_layer_linear: False
batch_normalization: False
skip_connection: False
dropout: 0
